a = 10147.423240001133 м
b = 8583.489754752645 м
x0 = 7706.370682334472 м
vr = 2000.4914360696205 м/с
A0 = 1.0283866838068432 м
Xmax = 12557.276094168217 м
sigmaX = 4932.479909986588 м
sigmaY = 4388.749462134875 м
M0 = 1.960608038246402e+20 Н*м - интегральное значение сейсмического момента
Mr_max = 4.961051960303181e+19 Н*м/с - максимальное значение функции источника
1-ый столбец - отнормированная функция источника
2-ой столбец - время
0.0	0.0
0.0003837961423260411	0.1
0.06214922367714937	0.2
0.12258868491120588	0.30000000000000004
0.1810313009302537	0.4
0.24004779334449308	0.5
0.29891330260885673	0.6000000000000001
0.3513781100625877	0.7000000000000001
0.4101423614508742	0.8
0.4632166038745594	0.9
0.5157163922813787	1.0
0.5553252960089737	1.1
0.6095206983355532	1.2000000000000002
0.6514096785795099	1.3
0.6970933805336631	1.4000000000000001
0.7341775052484311	1.5
0.7690023621793017	1.6
0.800240318712765	1.7000000000000002
0.8307051369696564	1.8
0.8748481086682351	1.9000000000000001
0.8932121522244425	2.0
0.9121484667162858	2.1
0.9303200720743589	2.2
0.9512381199138431	2.3000000000000003
0.9595410159302096	2.4000000000000004
0.9809561456242198	2.5
0.9834420179472427	2.6
0.9965989943739983	2.7
0.9943997058621532	2.8000000000000003
1.0	2.9000000000000004
0.9783995867091392	3.0
0.9956287015456554	3.1
0.9828124644656187	3.2
0.9795361357084743	3.3000000000000003
0.9688728725271492	3.4000000000000004
0.9539830176334831	3.5
0.9453623881904565	3.6
0.9250623345622043	3.7
0.9154473471764284	3.8000000000000003
0.8910897994917086	3.9000000000000004
0.8185292173921104	4.0
0.7900300508010863	4.1000000000000005
0.7498633503801783	4.2
0.726177263690593	4.3
0.6963456156178526	4.4
0.66235215400979	4.5
0.6324134144141552	4.6000000000000005
0.6119210418663618	4.7
0.5722020949755239	4.800000000000001
0.5438660244745853	4.9
0.517122274091189	5.0
0.4801475586875144	5.1000000000000005
0.45488191691803703	5.2
0.427813956613548	5.300000000000001
0.39265480915854184	5.4
0.3653060274781814	5.5
0.33281922426801563	5.6000000000000005
0.30294622311110997	5.7
0.2716474587161807	5.800000000000001
0.24215125478168617	5.9
0.2110118531706686	6.0
0.17692362761990207	6.1000000000000005
0.13989032658985723	6.2
0.09504798632772966	6.300000000000001
0.0	6.4
0.0	6.5
0.0	6.6000000000000005
0.0	6.7
0.0	6.800000000000001
0.0	6.9
0.0	7.0
0.0	7.1000000000000005
0.0	7.2
