a = 13389.075115488416 м
b = 10617.196744941844 м
x0 = 10332.262666372717 м
vr = 2223.9255665038 м/с
A0 = 0.9659597906321438 м
Xmax = 13993.910681814023 м
sigmaX = 4326.311863789668 м
sigmaY = 4350.475827437456 м
M0 = 1.923425374274507e+20 Н*м - интегральное значение сейсмического момента
Mr_max = 5.374680618730664e+19 Н*м/с - максимальное значение функции источника
1-ый столбец - отнормированная функция источника
2-ой столбец - время
0.0	0.0
0.0004192757219613925	0.1
0.07416510350720278	0.2
0.14753911701882969	0.30000000000000004
0.22017117182474782	0.4
0.2881087984617026	0.5
0.35982248845288006	0.6000000000000001
0.4282126073761406	0.7000000000000001
0.4905128316734815	0.8
0.5519582206972213	0.9
0.6066265096644262	1.0
0.6629204924777949	1.1
0.7137458648041922	1.2000000000000002
0.7587677036847068	1.3
0.8012714127827769	1.4000000000000001
0.8387667289394392	1.5
0.8727976458853659	1.6
0.9054116540847622	1.7000000000000002
0.9402501409221994	1.8
0.9569987100197787	1.9000000000000001
0.9735033579501415	2.0
0.9964326232815863	2.1
0.9871391292511728	2.2
1.0	2.3000000000000003
0.9961597084599736	2.4000000000000004
0.9886445965589046	2.5
0.9801186548809816	2.6
0.9789367788688076	2.7
0.9716878191245594	2.8000000000000003
0.9604770501017375	2.9000000000000004
0.9324928933657326	3.0
0.9106771805809494	3.1
0.8865509007834762	3.2
0.8584416306132377	3.3000000000000003
0.8225699743045292	3.4000000000000004
0.7952339227807637	3.5
0.7616558940322895	3.6
0.7346891296808143	3.7
0.7026705056873906	3.8000000000000003
0.6732687845419719	3.9000000000000004
0.6406435436223484	4.0
0.6061796628172745	4.1000000000000005
0.5648643867625617	4.2
0.534316926931564	4.3
0.5030513051574249	4.4
0.46544001251283046	4.5
0.4199573678973163	4.6000000000000005
0.380681244023306	4.7
0.350097749881449	4.800000000000001
0.3189147914384168	4.9
0.29252535011482356	5.0
0.26505246929407805	5.1000000000000005
0.23777008946174794	5.2
0.2158291377515711	5.300000000000001
0.19160812907099992	5.4
0.17292856614373206	5.5
0.15241685772591268	5.6000000000000005
0.1364230221510534	5.7
0.12180041849324172	5.800000000000001
0.10689135334424435	5.9
0.09402730877332702	6.0
0.08161149656697461	6.1000000000000005
0.07079871182887748	6.2
0.0613187845791437	6.300000000000001
0.05314083007104794	6.4
0.04506933459566931	6.5
0.03827870056016681	6.6000000000000005
0.03203216847307429	6.7
0.026671262339750992	6.800000000000001
0.02195853830034298	6.9
0.01768606736668318	7.0
0.014008399858521101	7.1000000000000005
0.010646834665626643	7.2
0.007621923478741911	7.300000000000001
0.004704809680172219	7.4
0.0	7.5
0.0	7.6000000000000005
0.0	7.7
0.0	7.800000000000001
0.0	7.9
0.0	8.0
0.0	8.1
0.0	8.200000000000001
0.0	8.3
