a = 8802.020525366046 м
b = 8266.475502462126 м
x0 = 4676.564253973626 м
vr = 2299.7505606153377 м/с
A0 = 1.0461665616073117 м
Xmax = 11026.769297298542 м
sigmaX = 4355.189667682933 м
sigmaY = 4196.789398425673 м
M0 = 1.6502853982526783e+20 Н*м - интегральное значение сейсмического момента
Mr_max = 4.522273404231817e+19 Н*м/с - максимальное значение функции источника
1-ый столбец - отнормированная функция источника
2-ой столбец - время
0.0	0.0
0.0002759703487530753	0.1
0.050530947100160595	0.2
0.10076109859894322	0.30000000000000004
0.15046367533158073	0.4
0.19895673427634147	0.5
0.24883947104293377	0.6000000000000001
0.2968794583701824	0.7000000000000001
0.3437699364410922	0.8
0.3913278266113162	0.9
0.43927779830171126	1.0
0.4871956305987333	1.1
0.5289294024049138	1.2000000000000002
0.576715711667361	1.3
0.622075432018052	1.4000000000000001
0.6517087189220504	1.5
0.6980193416363131	1.6
0.7410817251144136	1.7000000000000002
0.7678672794404882	1.8
0.8064662800625646	1.9000000000000001
0.8514928740574753	2.0
0.8794141436795673	2.1
0.893036993681723	2.2
0.9087826903980047	2.3000000000000003
0.9332068195532638	2.4000000000000004
0.9514350156486652	2.5
0.9672553710257812	2.6
0.9799955531252054	2.7
0.9850103175428047	2.8000000000000003
0.9999522379670128	2.9000000000000004
0.9889676749363323	3.0
0.9957632595079358	3.1
1.0	3.2
0.9932745602792483	3.3000000000000003
0.9879105145774085	3.4000000000000004
0.9613682586133551	3.5
0.9496601095387418	3.6
0.9159508207759057	3.7
0.9014475572842765	3.8000000000000003
0.8851042469707564	3.9000000000000004
0.8566732396922724	4.0
0.8378678033945142	4.1000000000000005
0.7905812848150385	4.2
0.7664998006020732	4.3
0.7236674108539362	4.4
0.6899150156012401	4.5
0.6481910902950939	4.6000000000000005
0.6119598223314496	4.7
0.5714192671769938	4.800000000000001
0.525129238508706	4.9
0.4825930431216051	5.0
0.4385171105621419	5.1000000000000005
0.39349570046598875	5.2
0.34704792919222355	5.300000000000001
0.29402982258506266	5.4
0.23893765309259749	5.5
0.17279798738084765	5.6000000000000005
0.07288981047522755	5.7
0.0	5.800000000000001
0.0	5.9
0.0	6.0
0.0	6.1000000000000005
0.0	6.2
0.0	6.300000000000001
0.0	6.4
0.0	6.5
0.0	6.6000000000000005
