a = 9834.43488980444 м
b = 8452.200752394012 м
x0 = 4640.423511638403 м
vr = 2265.5303913801763 м/с
A0 = 1.4074212893689009 м
Xmax = 12623.13368097011 м
sigmaX = 4127.935655922412 м
sigmaY = 4675.91637559822 м
M0 = 2.336241903622501e+20 Н*м - интегральное значение сейсмического момента
Mr_max = 6.2177245624845386e+19 Н*м/с - максимальное значение функции источника
1-ый столбец - отнормированная функция источника
2-ой столбец - время
0.0	0.0
0.0001188290456817956	0.1
0.021767981609693756	0.2
0.0427519095359006	0.30000000000000004
0.06417089230900137	0.4
0.0875097051231142	0.5
0.10873129038822475	0.6000000000000001
0.13237491277620475	0.7000000000000001
0.15763006513568445	0.8
0.18350769455649585	0.9
0.2082115985342559	1.0
0.23506855440540012	1.1
0.2655471977156491	1.2000000000000002
0.2932199635079021	1.3
0.32209883105769027	1.4000000000000001
0.356957130273611	1.5
0.3905220193808972	1.6
0.42200745146852947	1.7000000000000002
0.45825212734103943	1.8
0.49457084540149376	1.9000000000000001
0.5298319116830021	2.0
0.5697194726715431	2.1
0.6036302939602923	2.2
0.6330266797943586	2.3000000000000003
0.6723780149619211	2.4000000000000004
0.6950669067872933	2.5
0.7275510726073999	2.6
0.774854689176417	2.7
0.8024051800443016	2.8000000000000003
0.8354623184469324	2.9000000000000004
0.8658683341854927	3.0
0.8950201067600325	3.1
0.9034859124704585	3.2
0.940998928737736	3.3000000000000003
0.9652261554516215	3.4000000000000004
0.962422089600993	3.5
0.9746279013701025	3.6
0.9977982973600358	3.7
1.0	3.8000000000000003
0.9925170233618116	3.9000000000000004
0.9940197992341036	4.0
0.9863952949517676	4.1000000000000005
0.9766183017970145	4.2
0.9681705040827373	4.3
0.9494525928065639	4.4
0.9286639235757068	4.5
0.8994709814906123	4.6000000000000005
0.8794923116437124	4.7
0.8447843327507315	4.800000000000001
0.8042669840195149	4.9
0.7775132111686983	5.0
0.7352203920632295	5.1000000000000005
0.7107441972585758	5.2
0.6635438816259279	5.300000000000001
0.6263488951733875	5.4
0.5847510791929907	5.5
0.5357792490321283	5.6000000000000005
0.5009542474586143	5.7
0.4497666131586564	5.800000000000001
0.41024350853217534	5.9
0.3704373639563395	6.0
0.3276086634712088	6.1000000000000005
0.28572069333330236	6.2
0.24506176982373865	6.300000000000001
0.20270360411055988	6.4
0.16045754834628828	6.5
0.11412650740451626	6.6000000000000005
0.05467799180269274	6.7
0.0	6.800000000000001
0.0	6.9
0.0	7.0
0.0	7.1000000000000005
0.0	7.2
0.0	7.300000000000001
0.0	7.4
0.0	7.5
0.0	7.6000000000000005
