a = 17369.400461932113 м
b = 13847.601533535946 м
x0 = 9038.492733073183 м
vr = 1728.664135699969 м/с
A0 = 0.7329890960936443 м
Xmax = 14867.267269592608 м
sigmaX = 4292.395328434496 м
sigmaY = 4434.783393229432 м
M0 = 1.5400327856243746e+20 Н*м - интегральное значение сейсмического момента
Mr_max = 2.8754997303936676e+19 Н*м/с - максимальное значение функции источника
1-ый столбец - отнормированная функция источника
2-ой столбец - время
0.0	0.0
0.000263014073261746	0.1
0.03659256771138019	0.2
0.07285555333654649	0.30000000000000004
0.1088383576309476	0.4
0.14429931384398595	0.5
0.18128893835021306	0.6000000000000001
0.2156331406706121	0.7000000000000001
0.25214786669471173	0.8
0.28817340900722216	0.9
0.3198599402102701	1.0
0.35591135620000186	1.1
0.39134458546808104	1.2000000000000002
0.4223485305859585	1.3
0.4598171296660903	1.4000000000000001
0.489775952885584	1.5
0.5223749537246576	1.6
0.5537180694813673	1.7000000000000002
0.5902282945669101	1.8
0.6239623253688398	1.9000000000000001
0.6490562642689864	2.0
0.677759771735744	2.1
0.7050006352967645	2.2
0.7345959683104729	2.3000000000000003
0.7631176255357848	2.4000000000000004
0.7825719124283689	2.5
0.8061344935936848	2.6
0.8305691462617586	2.7
0.8543090211586082	2.8000000000000003
0.8747684759835279	2.9000000000000004
0.8988601661108371	3.0
0.9142365104907478	3.1
0.9324762017546017	3.2
0.943448277948393	3.3000000000000003
0.9567370678184055	3.4000000000000004
0.9690842482576719	3.5
0.9689851606316896	3.6
0.9755285489742183	3.7
0.9823794712764934	3.8000000000000003
0.9918737743307275	3.9000000000000004
1.0	4.0
0.9950579843716808	4.1000000000000005
0.9884424742527592	4.2
0.9869853047416565	4.3
0.9766062579467998	4.4
0.9646017195868013	4.5
0.9653586240518941	4.6000000000000005
0.9555928067158945	4.7
0.944646025092738	4.800000000000001
0.9326752848029479	4.9
0.9117201734797536	5.0
0.8947623624086429	5.1000000000000005
0.8738104797874684	5.2
0.8568865004184084	5.300000000000001
0.8410833852620354	5.4
0.8182351726429373	5.5
0.7946704604753559	5.6000000000000005
0.7800228534643333	5.7
0.7482186455843178	5.800000000000001
0.72483618181576	5.9
0.7035477474093987	6.0
0.6713671257897365	6.1000000000000005
0.6475499731225941	6.2
0.6257916679645686	6.300000000000001
0.5986253583567107	6.4
0.5699305812033107	6.5
0.5529017203877648	6.6000000000000005
0.527682656283305	6.7
0.5010433138005037	6.800000000000001
0.47414528483553997	6.9
0.45870335851930083	7.0
0.42536587760411193	7.1000000000000005
0.40724782017600575	7.2
0.3823294777103951	7.300000000000001
0.3598408629128177	7.4
0.3389557271483288	7.5
0.3215212242003251	7.6000000000000005
0.3044801304724408	7.7
0.2819882523132172	7.800000000000001
0.2655281945674288	7.9
0.2452084061270721	8.0
0.22705148076308576	8.1
0.21370773926557013	8.200000000000001
0.19743535925692934	8.3
0.18236868479009882	8.4
0.17083947917218664	8.5
0.15798027602076065	8.6
0.14435167555658449	8.700000000000001
0.1339630526470241	8.8
0.12279608906327193	8.9
0.11211158790955221	9.0
0.10324677209201273	9.1
0.09396018090765786	9.200000000000001
0.08560513803184418	9.3
0.07842663554864036	9.4
0.07054364905758129	9.5
0.06423558256037495	9.600000000000001
0.05832929645097153	9.700000000000001
0.05269939477580529	9.8
0.04800686807282517	9.9
0.042939586594979526	10.0
0.03858098742520054	10.100000000000001
0.03457649020832047	10.200000000000001
0.031082030403116814	10.3
0.027682059810593615	10.4
0.02484860422847033	10.5
0.022116101979667166	10.600000000000001
0.019528544765942204	10.700000000000001
0.017582697986424287	10.8
0.01544618587662436	10.9
0.013604730477874707	11.0
0.012132584252207645	11.100000000000001
0.010782116388419485	11.200000000000001
0.009310882065751069	11.3
0.008160993121772946	11.4
0.007217786724054282	11.5
0.006242731093388677	11.600000000000001
0.005470544089272202	11.700000000000001
0.004763100295281443	11.8
0.004121713828276867	11.9
0.003569924370499468	12.0
0.003088064437925334	12.100000000000001
0.0026853411420823905	12.200000000000001
0.0023048057360099275	12.3
0.0019795707495122556	12.4
0.0016887624707989796	12.5
0.001456095246995259	12.600000000000001
0.0012339692151309854	12.700000000000001
0.0010520317153015143	12.8
0.000891750396017162	12.9
0.0007491784987932275	13.0
0.0006390352689816842	13.100000000000001
0.0005373983871886388	13.200000000000001
0.00044733038117890155	13.3
0.0003766374242989224	13.4
0.0003120660020639628	13.5
0.00026077694091069414	13.600000000000001
0.00021427263607403337	13.700000000000001
0.00017632228254364673	13.8
0.00014457580757128632	13.9
0.00011683479923204667	14.0
9.479208386520982e-05	14.100000000000001
7.574349760810013e-05	14.200000000000001
6.003699153519829e-05	14.3
4.7027521222500364e-05	14.4
3.620560514333842e-05	14.5
2.7212398993294844e-05	14.600000000000001
1.961333292089407e-05	14.700000000000001
1.3150081639562302e-05	14.8
7.07548139014209e-06	14.9
0.0	15.0
0.0	15.100000000000001
0.0	15.200000000000001
0.0	15.3
0.0	15.4
0.0	15.5
0.0	15.600000000000001
0.0	15.700000000000001
0.0	15.8
