a = 12900.82963114331 м
b = 14052.36584799836 м
x0 = 11170.84217882084 м
vr = 2470.0650854374194 м/с
A0 = 1.1068927106230346 м
Xmax = 12306.743632190726 м
sigmaX = 4100.790652359801 м
sigmaY = 4389.764260557529 м
M0 = 2.1553494882138554e+20 Н*м - интегральное значение сейсмического момента
Mr_max = 7.692643488264806e+19 Н*м/с - максимальное значение функции источника
1-ый столбец - отнормированная функция источника
2-ой столбец - время
0.0	0.0
0.0005132043744665071	0.1
0.10143440736687671	0.2
0.20086120484147493	0.30000000000000004
0.2973457005704037	0.4
0.38739579116895173	0.5
0.47656037422569614	0.6000000000000001
0.5553727955604004	0.7000000000000001
0.6336013913830748	0.8
0.7049186908535199	0.9
0.7728430913729574	1.0
0.8264822487544777	1.1
0.8738273356333589	1.2000000000000002
0.9133336403415995	1.3
0.9461158051995593	1.4000000000000001
0.9691185286729389	1.5
0.9890116806039442	1.6
0.9922146332575618	1.7000000000000002
1.0	1.8
0.9988065955436981	1.9000000000000001
0.9883006657786111	2.0
0.9627124329391644	2.1
0.9434014313591693	2.2
0.9154859550585611	2.3000000000000003
0.8850267886478573	2.4000000000000004
0.8550305020991663	2.5
0.8166652301475924	2.6
0.7784956467893157	2.7
0.7395879729432439	2.8000000000000003
0.6914003878197896	2.9000000000000004
0.6541895705146107	3.0
0.6119166141387696	3.1
0.5691031710881672	3.2
0.5274899976531567	3.3000000000000003
0.4911101981571358	3.4000000000000004
0.44861344172927503	3.5
0.4088547939156218	3.6
0.3736887980851096	3.7
0.3384377377061515	3.8000000000000003
0.30554035810831237	3.9000000000000004
0.27626805243069874	4.0
0.24754168740312357	4.1000000000000005
0.22167024733849858	4.2
0.19844973250617556	4.3
0.17398800731879402	4.4
0.15573297428062619	4.5
0.13495250051078309	4.6000000000000005
0.11416733020640177	4.7
0.09769725440115072	4.800000000000001
0.08367492074827317	4.9
0.07091643688587101	5.0
0.06026730738892629	5.1000000000000005
0.050965090560503	5.2
0.04274169205111901	5.300000000000001
0.03546938419343081	5.4
0.029742850984410273	5.5
0.024279568753174198	5.6000000000000005
0.019538898576769773	5.7
0.015446557566922788	5.800000000000001
0.011787585413790453	5.9
0.00821335583047819	6.0
0.0	6.1000000000000005
0.0	6.2
0.0	6.300000000000001
0.0	6.4
0.0	6.5
0.0	6.6000000000000005
0.0	6.7
0.0	6.800000000000001
0.0	6.9
0.0	7.0
0.0	7.1000000000000005
0.0	7.2
0.0	7.300000000000001
0.0	7.4
0.0	7.5
0.0	7.6000000000000005
0.0	7.7
0.0	7.800000000000001
