a = 10265.706669923438 м
b = 11182.580347323845 м
x0 = 1779.006341284053 м
vr = 1657.4748103399459 м/с
A0 = 0.9731023017048449 м
Xmax = 7757.613796625084 м
sigmaX = 4183.59771629901 м
sigmaY = 4871.67839608155 м
M0 = 1.9424862157125045e+20 Н*м - интегральное значение сейсмического момента
Mr_max = 3.522769333349696e+19 Н*м/с - максимальное значение функции источника
1-ый столбец - отнормированная функция источника
2-ой столбец - время
0.0	0.0
0.0002474570180808055	0.1
0.033183915758716806	0.2
0.06569329643299252	0.30000000000000004
0.09894872254962737	0.4
0.1309232552293349	0.5
0.16251968361296834	0.6000000000000001
0.19569852000194687	0.7000000000000001
0.22659598346108173	0.8
0.26063746650315134	0.9
0.2911910441516807	1.0
0.3241636398971415	1.1
0.3452713635992985	1.2000000000000002
0.3603943826026738	1.3
0.38189661917868234	1.4000000000000001
0.40804707619907465	1.5
0.4300071374177973	1.6
0.4591766902777077	1.7000000000000002
0.4870733857040108	1.8
0.5132056044252512	1.9000000000000001
0.5419566283570381	2.0
0.5639716596435417	2.1
0.5975084163398607	2.2
0.6212143976437301	2.3000000000000003
0.6525757234338322	2.4000000000000004
0.6776545298757837	2.5
0.7054284386714036	2.6
0.7314848233777624	2.7
0.7571680287392704	2.8000000000000003
0.7758892931155884	2.9000000000000004
0.8101824708150948	3.0
0.8272227991803521	3.1
0.8462267232584503	3.2
0.8710518745355356	3.3000000000000003
0.898957197003272	3.4000000000000004
0.904256821065091	3.5
0.9239213566301393	3.6
0.9387170430372047	3.7
0.9485253115510848	3.8000000000000003
0.9518672394562774	3.9000000000000004
0.9714205376073457	4.0
0.9837195167561533	4.1000000000000005
0.9893646001523116	4.2
0.9883937227918761	4.3
0.9932588420750553	4.4
0.9933736593513158	4.5
1.0	4.6000000000000005
0.9950294445263581	4.7
0.9854691063553382	4.800000000000001
0.9754569462439238	4.9
0.9744016152783166	5.0
0.9584202622522562	5.1000000000000005
0.9522770030194075	5.2
0.9436315709108566	5.300000000000001
0.9214670214974349	5.4
0.9083904758522506	5.5
0.8858354207198539	5.6000000000000005
0.8701334244445866	5.7
0.8526035198291605	5.800000000000001
0.838177810418062	5.9
0.8126988958206486	6.0
0.7872851263498339	6.1000000000000005
0.7567767599427994	6.2
0.7422692435782915	6.300000000000001
0.7134071369017038	6.4
0.6898724839073438	6.5
0.6607263724381511	6.6000000000000005
0.6374727826887845	6.7
0.6127699656433474	6.800000000000001
0.5869930948349427	6.9
0.5649274280146471	7.0
0.5387772660956133	7.1000000000000005
0.5135236252003134	7.2
0.4884611025937273	7.300000000000001
0.46418581355478883	7.4
0.4385150718343904	7.5
0.41254893495537936	7.6000000000000005
0.3927757233685082	7.7
0.371281535072743	7.800000000000001
0.34918203127606756	7.9
0.32955307315808635	8.0
0.30307611407262874	8.1
0.28720530928955723	8.200000000000001
0.268545808099862	8.3
0.24761002311399735	8.4
0.23291228457804863	8.5
0.21856974341611024	8.6
0.1993320102541363	8.700000000000001
0.18537493574317387	8.8
0.16952662395441323	8.9
0.1563513697496379	9.0
0.1440401001758122	9.1
0.13173584387258666	9.200000000000001
0.1207708000137575	9.3
0.10947736390803904	9.4
0.09988682239015953	9.5
0.08993533153827483	9.600000000000001
0.08182487455968275	9.700000000000001
0.07330918364222169	9.8
0.06549380586385863	9.9
0.058742933004247135	10.0
0.05238592517078362	10.100000000000001
0.04623426085394174	10.200000000000001
0.04071170122226768	10.3
0.03579417967386656	10.4
0.031230982538934738	10.5
0.027119901267962706	10.600000000000001
0.023170667772997013	10.700000000000001
0.019587258037000628	10.8
0.01636664134901328	10.9
0.013453942939791847	11.0
0.010612985677606438	11.100000000000001
0.007945868754307847	11.200000000000001
0.005301751739028016	11.3
0.0017644820921418852	11.4
0.0	11.5
0.0	11.600000000000001
0.0	11.700000000000001
0.0	11.8
0.0	11.9
0.0	12.0
0.0	12.100000000000001
0.0	12.200000000000001
0.0	12.3
0.0	12.4
0.0	12.5
0.0	12.600000000000001
0.0	12.700000000000001
0.0	12.8
0.0	12.9
0.0	13.0
0.0	13.100000000000001
0.0	13.200000000000001
0.0	13.3
0.0	13.4
