a = 14734.018286916633 м
b = 15391.120129613413 м
x0 = 8813.46697766499 м
vr = 1875.3501347220156 м/с
A0 = 0.6473263689525841 м
Xmax = 11280.786788470394 м
sigmaX = 4389.588274393155 м
sigmaY = 4681.50565815538 м
M0 = 1.460735612779592e+20 Н*м - интегральное значение сейсмического момента
Mr_max = 3.516150205816337e+19 Н*м/с - максимальное значение функции источника
1-ый столбец - отнормированная функция источника
2-ой столбец - время
0.0	0.0
0.00044229235668495696	0.1
0.0667632701237316	0.2
0.13277184117397992	0.30000000000000004
0.19692974921747505	0.4
0.260728067284532	0.5
0.3237998770284941	0.6000000000000001
0.38555649497887157	0.7000000000000001
0.4424042529184002	0.8
0.49813007378224733	0.9
0.5511991080987043	1.0
0.5976848543797036	1.1
0.651001452598378	1.2000000000000002
0.6988042918285484	1.3
0.7382487757381554	1.4000000000000001
0.786897219221266	1.5
0.8186327305452503	1.6
0.847296925088416	1.7000000000000002
0.8762999972137203	1.8
0.9061353469295935	1.9000000000000001
0.9310356963592573	2.0
0.9524274621343466	2.1
0.969279621919546	2.2
0.983420047244834	2.3000000000000003
0.9901799386077924	2.4000000000000004
1.0	2.5
0.9961574981503176	2.6
0.9957631274786382	2.7
0.9986733040708522	2.8000000000000003
0.9906964464759943	2.9000000000000004
0.9794388680720187	3.0
0.9661590120027649	3.1
0.9573671286376093	3.2
0.9381164975131305	3.3000000000000003
0.9166066771264958	3.4000000000000004
0.8980386570385753	3.5
0.8800972724008783	3.6
0.854398427290163	3.7
0.8351071834005722	3.8000000000000003
0.8055695300121137	3.9000000000000004
0.7874562573153683	4.0
0.7549992389840829	4.1000000000000005
0.7276343352693171	4.2
0.7024865487585097	4.3
0.6723793161199915	4.4
0.645406271764884	4.5
0.617056252602886	4.6000000000000005
0.585028610535524	4.7
0.5564683736931405	4.800000000000001
0.5177801235862335	4.9
0.4876392634254618	5.0
0.45955706608526375	5.1000000000000005
0.42880939184582073	5.2
0.4055510309579326	5.300000000000001
0.37587043191306135	5.4
0.3493009631781137	5.5
0.3250715798649302	5.6000000000000005
0.3058070566152196	5.7
0.2844655756644355	5.800000000000001
0.26188902269549214	5.9
0.24346787399295208	6.0
0.22506972663645655	6.1000000000000005
0.20836189151593754	6.2
0.19147882902142926	6.300000000000001
0.1763998642750792	6.4
0.16254341542780276	6.5
0.1494830096012206	6.6000000000000005
0.13563115660991557	6.7
0.12426245094831857	6.800000000000001
0.11336182320935365	6.9
0.10264485495241349	7.0
0.09298345144805577	7.1000000000000005
0.08403854560864192	7.2
0.07562041561792077	7.300000000000001
0.06858660773411783	7.4
0.06171822887141736	7.5
0.05506263202841794	7.6000000000000005
0.04957725098501171	7.7
0.044213182532516306	7.800000000000001
0.03963037927920423	7.9
0.034438520461841086	8.0
0.030966848955413243	8.1
0.02715643862104027	8.200000000000001
0.02418349524858842	8.3
0.021182444780514842	8.4
0.01876107801026671	8.5
0.016277380749546672	8.6
0.014251428273842735	8.700000000000001
0.012411306936286866	8.8
0.01080086405232004	8.9
0.009417949784831478	9.0
0.0081192699162629	9.1
0.006973127159143707	9.200000000000001
0.005969399226701485	9.3
0.005095640494771079	9.4
0.0043595483774893735	9.5
0.0036765522654297693	9.600000000000001
0.003107292309046564	9.700000000000001
0.0026231660565308804	9.8
0.002171336882465243	9.9
0.0018163798336096402	10.0
0.001507070560345673	10.100000000000001
0.0012328609307196438	10.200000000000001
0.0010057916619874417	10.3
0.0008190321559614325	10.4
0.0006499357160842436	10.5
0.0005130077624499861	10.600000000000001
0.0003949544105746207	10.700000000000001
0.0002958877817435054	10.8
0.00020739819746701252	10.9
0.00012965653521148008	11.0
4.032663937218777e-05	11.100000000000001
0.0	11.200000000000001
0.0	11.3
0.0	11.4
0.0	11.5
0.0	11.600000000000001
0.0	11.700000000000001
0.0	11.8
0.0	11.9
0.0	12.0
0.0	12.100000000000001
0.0	12.200000000000001
0.0	12.3
0.0	12.4
0.0	12.5
0.0	12.600000000000001
0.0	12.700000000000001
