a = 14365.737994113317 м
b = 18579.32277153374 м
x0 = 2798.6380363290127 м
vr = 2007.720904818546 м/с
A0 = 0.5577850900484612 м
Xmax = 13293.45449578499 м
sigmaX = 4273.845359534998 м
sigmaY = 4327.067951883781 м
M0 = 1.0845886762596473e+20 Н*м - интегральное значение сейсмического момента
Mr_max = 2.1172087759357014e+19 Н*м/с - максимальное значение функции источника
1-ый столбец - отнормированная функция источника
2-ой столбец - время
0.0	0.0
3.894534298931291e-05	0.1
0.006329738767005343	0.2
0.01263572011873024	0.30000000000000004
0.018931421804349494	0.4
0.025681330247659426	0.5
0.03285351961986001	0.6000000000000001
0.039819038244583015	0.7000000000000001
0.0480182139061616	0.8
0.05620639575385358	0.9
0.06553930837534402	1.0
0.07558761367134927	1.1
0.08496207561277405	1.2000000000000002
0.09680969551871794	1.3
0.10868903374850708	1.4000000000000001
0.12053497075169695	1.5
0.1346337867692896	1.6
0.1478937668169417	1.7000000000000002
0.16319010403198456	1.8
0.1804978032291686	1.9000000000000001
0.19812431758512772	2.0
0.2178643363559229	2.1
0.23873733696205648	2.2
0.2560267968946239	2.3000000000000003
0.2826239318022968	2.4000000000000004
0.30750609656434347	2.5
0.32936352657961826	2.6
0.3553221828304177	2.7
0.37712022178245524	2.8000000000000003
0.41169748458574723	2.9000000000000004
0.4358161167087772	3.0
0.4623223305109931	3.1
0.490576250148949	3.2
0.5246129680922933	3.3000000000000003
0.5544040813074995	3.4000000000000004
0.5865136272748342	3.5
0.6102194512651211	3.6
0.6386471611575509	3.7
0.6770457408991349	3.8000000000000003
0.7047910214688199	3.9000000000000004
0.7319764685298282	4.0
0.7556441631706136	4.1000000000000005
0.7843997035673417	4.2
0.8177262198574468	4.3
0.8365027047454019	4.4
0.8622026370526422	4.5
0.8806180158350692	4.6000000000000005
0.9129041303735502	4.7
0.9167496823407637	4.800000000000001
0.93345386529875	4.9
0.9496789787523604	5.0
0.9729423838702473	5.1000000000000005
0.9776399810011976	5.2
0.9926104824974692	5.300000000000001
0.9942139412669502	5.4
0.9838062974160898	5.5
0.997955598326963	5.6000000000000005
0.9999380108918431	5.7
1.0	5.800000000000001
0.9855303632272356	5.9
0.976132762570886	6.0
0.97346793734605	6.1000000000000005
0.96433387841512	6.2
0.9432325417657738	6.300000000000001
0.9291262055803519	6.4
0.9155243667023314	6.5
0.8964066687749133	6.6000000000000005
0.8772177542779277	6.7
0.8503475893773125	6.800000000000001
0.8221587880751045	6.9
0.8035422212459612	7.0
0.7778422029407353	7.1000000000000005
0.7535602594723841	7.2
0.7317128593633789	7.300000000000001
0.6933878354092065	7.4
0.6627224135205851	7.5
0.6361514105790025	7.6000000000000005
0.6081578097209653	7.7
0.5749091026580025	7.800000000000001
0.5512983816716053	7.9
0.5222425620278852	8.0
0.4940560208549224	8.1
0.4660434976006351	8.200000000000001
0.4364145494377251	8.3
0.40837688101385816	8.4
0.3865612827310276	8.5
0.3623069006480025	8.6
0.33752524558915503	8.700000000000001
0.3145246752042587	8.8
0.29044813609647213	8.9
0.26985314970975205	9.0
0.25125757515957037	9.1
0.2300405882277235	9.200000000000001
0.21157150200553237	9.3
0.19569040091923853	9.4
0.17843409512308048	9.5
0.16248997253220873	9.600000000000001
0.1490569366075267	9.700000000000001
0.1343155217310091	9.8
0.1222548996732036	9.9
0.11178562801601513	10.0
0.1007235511786157	10.100000000000001
0.0913311863458879	10.200000000000001
0.08121255932671881	10.3
0.07319017703646075	10.4
0.06569394312787381	10.5
0.05897711511337794	10.600000000000001
0.0526060218921064	10.700000000000001
0.046600578814553505	10.8
0.04134857092729239	10.9
0.03678014235905522	11.0
0.032508763818003945	11.100000000000001
0.02861887998625193	11.200000000000001
0.02528828030356871	11.3
0.0221790569204992	11.4
0.019354919079669575	11.5
0.016926744359520893	11.600000000000001
0.01472541740390071	11.700000000000001
0.012890928207815129	11.8
0.011137554730183515	11.9
0.009683024192695384	12.0
0.008331624135215425	12.100000000000001
0.007174222005994599	12.200000000000001
0.00617709657648377	12.3
0.005290514572905338	12.4
0.004527166839080733	12.5
0.0038212118729871757	12.600000000000001
0.003228945600398968	12.700000000000001
0.002669151922602749	12.8
0.0020916789876000434	12.9
0.0010367152565875048	13.0
0.0	13.100000000000001
0.0	13.200000000000001
0.0	13.3
0.0	13.4
0.0	13.5
0.0	13.600000000000001
0.0	13.700000000000001
0.0	13.8
0.0	13.9
0.0	14.0
0.0	14.100000000000001
0.0	14.200000000000001
0.0	14.3
0.0	14.4
0.0	14.5
0.0	14.600000000000001
0.0	14.700000000000001
0.0	14.8
0.0	14.9
0.0	15.0
0.0	15.100000000000001
0.0	15.200000000000001
0.0	15.3
0.0	15.4
0.0	15.5
0.0	15.600000000000001
0.0	15.700000000000001
0.0	15.8
0.0	15.9
0.0	16.0
0.0	16.1
0.0	16.2
0.0	16.3
0.0	16.400000000000002
0.0	16.5
0.0	16.6
0.0	16.7
0.0	16.8
0.0	16.900000000000002
0.0	17.0
0.0	17.1
0.0	17.2
0.0	17.3
0.0	17.400000000000002
0.0	17.5
0.0	17.6
0.0	17.7
0.0	17.8
0.0	17.900000000000002
0.0	18.0
0.0	18.1
