a = 13286.690738084968 м
b = 16303.801198653975 м
x0 = 2552.1777119487483 м
vr = 1870.5283632569292 м/с
A0 = 1.7052179055000716 м
Xmax = 11824.054322598213 м
sigmaX = 4150.434531323135 м
sigmaY = 4712.9545853295685 м
M0 = 3.5200281187886806e+20 Н*м - интегральное значение сейсмического момента
Mr_max = 6.667228965327483e+19 Н*м/с - максимальное значение функции источника
1-ый столбец - отнормированная функция источника
2-ой столбец - время
0.0	0.0
5.9274266091779045e-05	0.1
0.008857013176461806	0.2
0.017909503158839244	0.30000000000000004
0.026907133659312993	0.4
0.03623673926339087	0.5
0.04602570263793927	0.6000000000000001
0.05531560505518773	0.7000000000000001
0.06594155297519566	0.8
0.07755350899401801	0.9
0.08825474225951449	1.0
0.10129720502751001	1.1
0.11341642202251868	1.2000000000000002
0.12735163557850585	1.3
0.14179614935119758	1.4000000000000001
0.155330022805559	1.5
0.1688760109121317	1.6
0.18677650512001454	1.7000000000000002
0.2035058735737231	1.8
0.22504665747945635	1.9000000000000001
0.24304465235270833	2.0
0.26207744217060114	2.1
0.2847707119288188	2.2
0.3072020637298769	2.3000000000000003
0.33070615216465876	2.4000000000000004
0.3570307805628012	2.5
0.3796392136286648	2.6
0.4054413033404289	2.7
0.4352171508187557	2.8000000000000003
0.4607667334205965	2.9000000000000004
0.4910095085163562	3.0
0.5154677478366664	3.1
0.5492334405458661	3.2
0.5735304193133782	3.3000000000000003
0.6036255770922365	3.4000000000000004
0.6329203299511387	3.5
0.6611874145842238	3.6
0.6950539017516992	3.7
0.7155174866817046	3.8000000000000003
0.748733034728794	3.9000000000000004
0.7753100206128808	4.0
0.8023323540776129	4.1000000000000005
0.8270962333881577	4.2
0.84112953798925	4.3
0.8642222352182244	4.4
0.9019251181145692	4.5
0.9013265818936533	4.6000000000000005
0.921053909794594	4.7
0.9371954757306348	4.800000000000001
0.9566853741945707	4.9
0.9656528335468998	5.0
0.9756108912100726	5.1000000000000005
0.9896297451603449	5.2
0.9961617819815837	5.300000000000001
1.0	5.4
0.9934311873893059	5.5
0.9988422809557143	5.6000000000000005
0.9883517181226359	5.7
0.9829167423980673	5.800000000000001
0.973678121454038	5.9
0.9724356457144608	6.0
0.9627863779492352	6.1000000000000005
0.9548021985206466	6.2
0.9336565885397896	6.300000000000001
0.9167058190749934	6.4
0.8969739199482374	6.5
0.8721782730624691	6.6000000000000005
0.8527050060813661	6.7
0.8352847834259507	6.800000000000001
0.8104953822294997	6.9
0.7868711160368357	7.0
0.7595326664153823	7.1000000000000005
0.7341796697555558	7.2
0.7103057691766844	7.300000000000001
0.6826589548717759	7.4
0.6463141670533789	7.5
0.6253141096835729	7.6000000000000005
0.5954291764145141	7.7
0.5710600431849664	7.800000000000001
0.5367906670969256	7.9
0.5141855264585052	8.0
0.48788435151128395	8.1
0.46120918620302886	8.200000000000001
0.4351089798793338	8.3
0.4099357191312227	8.4
0.38654277610645077	8.5
0.3615997783514334	8.6
0.3363106679046224	8.700000000000001
0.31522140553877764	8.8
0.29299308609244956	8.9
0.2717362863295182	9.0
0.25382151073521003	9.1
0.23587804174457289	9.200000000000001
0.21668013330848085	9.3
0.2000757920165734	9.4
0.18573821934055892	9.5
0.16783454651537819	9.600000000000001
0.15611126987589283	9.700000000000001
0.14261540927092375	9.8
0.12956493396755484	9.9
0.11708167449666587	10.0
0.1068553844127368	10.100000000000001
0.09742073524198683	10.200000000000001
0.08760551302645167	10.3
0.07975142984288254	10.4
0.07181548685285086	10.5
0.06393844889528073	10.600000000000001
0.05731127328877207	10.700000000000001
0.051698194330561685	10.8
0.04596417183523123	10.9
0.04093055259543961	11.0
0.03660289667846253	11.100000000000001
0.032328702305245836	11.200000000000001
0.028780550282154177	11.3
0.02535993604409017	11.4
0.022279196383654852	11.5
0.019458666458943542	11.600000000000001
0.017100116118805634	11.700000000000001
0.014884646155086792	11.8
0.012921619918958037	11.9
0.011169926799495586	12.0
0.009612518636262701	12.100000000000001
0.008216758648439609	12.200000000000001
0.006989339315185715	12.3
0.005884421755103106	12.4
0.004862522336548174	12.5
0.0039532588246009625	12.600000000000001
0.0030924596774995735	12.700000000000001
0.002223038118785433	12.8
0.0011628569908064758	12.9
0.0	13.0
0.0	13.100000000000001
0.0	13.200000000000001
0.0	13.3
0.0	13.4
0.0	13.5
0.0	13.600000000000001
0.0	13.700000000000001
0.0	13.8
0.0	13.9
0.0	14.0
0.0	14.100000000000001
0.0	14.200000000000001
0.0	14.3
0.0	14.4
0.0	14.5
0.0	14.600000000000001
0.0	14.700000000000001
0.0	14.8
0.0	14.9
0.0	15.0
0.0	15.100000000000001
0.0	15.200000000000001
0.0	15.3
0.0	15.4
0.0	15.5
0.0	15.600000000000001
0.0	15.700000000000001
0.0	15.8
0.0	15.9
0.0	16.0
0.0	16.1
0.0	16.2
0.0	16.3
0.0	16.400000000000002
0.0	16.5
0.0	16.6
0.0	16.7
0.0	16.8
0.0	16.900000000000002
0.0	17.0
