a = 8873.576620350457 м
b = 7029.922747851398 м
x0 = 579.1465509083561 м
vr = 2295.006028036456 м/с
A0 = 1.292650951125011 м
Xmax = 7874.1689085066 м
sigmaX = 4074.2977054834687 м
sigmaY = 4697.341550438434 м
M0 = 2.0315953736570434e+20 Н*м - интегральное значение сейсмического момента
Mr_max = 5.375263660473386e+19 Н*м/с - максимальное значение функции источника
1-ый столбец - отнормированная функция источника
2-ой столбец - время
0.0	0.0
0.0001667134766241802	0.1
0.030429685752903318	0.2
0.06141003958292577	0.30000000000000004
0.07940838315248781	0.4
0.09640056278250345	0.5
0.1185122130572206	0.6000000000000001
0.14283291434763074	0.7000000000000001
0.1685827540608712	0.8
0.19567158779431446	0.9
0.2253511591871043	1.0
0.25817138590413663	1.1
0.2918784468884444	1.2000000000000002
0.33045985311254733	1.3
0.3649722864756025	1.4000000000000001
0.4058986187727393	1.5
0.44191196994825843	1.6
0.4806747227600975	1.7000000000000002
0.5203294522013121	1.8
0.5589939148885266	1.9000000000000001
0.5992007128042864	2.0
0.62919114294023	2.1
0.67005555781966	2.2
0.7219061984378238	2.3000000000000003
0.7511644662234421	2.4000000000000004
0.7936811387460603	2.5
0.8252686548273711	2.6
0.8586904010710774	2.7
0.8812371688949607	2.8000000000000003
0.912680269152092	2.9000000000000004
0.9280857897830087	3.0
0.9462912617802497	3.1
0.9567765065532999	3.2
0.9696157359424629	3.3000000000000003
0.9899535404100216	3.4000000000000004
0.9814811083156506	3.5
0.995085073709088	3.6
1.0	3.7
0.9832277593588398	3.8000000000000003
0.9752021670963785	3.9000000000000004
0.9738557103328289	4.0
0.9358568522123768	4.1000000000000005
0.9202882789663088	4.2
0.8987153440422234	4.3
0.8611865829342095	4.4
0.8392754741754556	4.5
0.8057033696939833	4.6000000000000005
0.7767883593841606	4.7
0.7375005869132996	4.800000000000001
0.7058300198291672	4.9
0.6659881512168034	5.0
0.6321820348657304	5.1000000000000005
0.5941414925472178	5.2
0.5584740881039817	5.300000000000001
0.520417188745925	5.4
0.478000274409169	5.5
0.4401416241862247	5.6000000000000005
0.40425950758396234	5.7
0.378692015778065	5.800000000000001
0.33549427356732486	5.9
0.307177324411287	6.0
0.2802399940013919	6.1000000000000005
0.24769863898744032	6.2
0.22051932841454394	6.300000000000001
0.19532735824597316	6.4
0.1726815320719188	6.5
0.1504035941477441	6.6000000000000005
0.12976046541192995	6.7
0.11187537902137107	6.800000000000001
0.09497622650371397	6.9
0.07924896494450044	7.0
0.06447540734043332	7.1000000000000005
0.051781593124833734	7.2
0.03987450344417531	7.300000000000001
0.028510834310059432	7.4
0.017075563396282734	7.5
0.0	7.6000000000000005
0.0	7.7
0.0	7.800000000000001
0.0	7.9
0.0	8.0
0.0	8.1
0.0	8.200000000000001
0.0	8.3
0.0	8.4
