a = 12643.875365103779 м
b = 7678.744738057363 м
x0 = 10151.091517088731 м
vr = 1720.9662227619233 м/с
A0 = 0.9362714115559381 м
Xmax = 15932.10752960695 м
sigmaX = 4091.4103986723494 м
sigmaY = 4222.185489178324 м
M0 = 1.5171028669489018e+20 Н*м - интегральное значение сейсмического момента
Mr_max = 3.2798205980716188e+19 Н*м/с - максимальное значение функции источника
1-ый столбец - отнормированная функция источника
2-ой столбец - время
0.0	0.0
0.0002719404850156361	0.1
0.0375130680677117	0.2
0.07482724991229656	0.30000000000000004
0.11255602686567084	0.4
0.1484054983974387	0.5
0.18384146732458348	0.6000000000000001
0.21965430610243067	0.7000000000000001
0.25834390261587403	0.8
0.29372095415957394	0.9
0.3291271968460572	1.0
0.36322073972315294	1.1
0.39817972721147077	1.2000000000000002
0.43708750516077405	1.3
0.46458961795166315	1.4000000000000001
0.5036045073436631	1.5
0.5366114565828598	1.6
0.5665060475297996	1.7000000000000002
0.5993413581808088	1.8
0.6351556661404827	1.9000000000000001
0.6630009360665393	2.0
0.6931855544651495	2.1
0.7236498610787536	2.2
0.7474108776559345	2.3000000000000003
0.7808987910784962	2.4000000000000004
0.8028134551753873	2.5
0.8303585245066719	2.6
0.8567408127714686	2.7
0.8724526233856704	2.8000000000000003
0.8920805300552842	2.9000000000000004
0.9152451471292022	3.0
0.9239997903448618	3.1
0.9383829492295895	3.2
0.9579492789119601	3.3000000000000003
0.962049826328894	3.4000000000000004
0.9674319853929157	3.5
0.9728794787541013	3.6
0.9870820309546579	3.7
0.9855481801850134	3.8000000000000003
0.9893710477470128	3.9000000000000004
1.0	4.0
0.9897750375671799	4.1000000000000005
0.9779106437121128	4.2
0.9866560478313502	4.3
0.9775622420681184	4.4
0.9325029120942476	4.5
0.9234712362888793	4.6000000000000005
0.8828221358014146	4.7
0.8522467906673649	4.800000000000001
0.8368663943943624	4.9
0.810979617269786	5.0
0.7810499668037545	5.1000000000000005
0.756611025390841	5.2
0.7312258159603768	5.300000000000001
0.6950082402572239	5.4
0.6671380244035179	5.5
0.6423335838670355	5.6000000000000005
0.6119190263492428	5.7
0.5815768248724558	5.800000000000001
0.55584083918538	5.9
0.5267012833435646	6.0
0.50166690861075	6.1000000000000005
0.4691677265224221	6.2
0.4397645527389523	6.300000000000001
0.4223331858571388	6.4
0.3900188389876739	6.5
0.3613607257730942	6.6000000000000005
0.34081330716914204	6.7
0.317469283721133	6.800000000000001
0.2934616670765951	6.9
0.2694385560663384	7.0
0.2518422471164696	7.1000000000000005
0.22995118264544104	7.2
0.21055922705014712	7.300000000000001
0.19317820997429277	7.4
0.1749782352477208	7.5
0.1564938232767868	7.6000000000000005
0.1406976803642633	7.7
0.12521131525801538	7.800000000000001
0.11242778450364357	7.9
0.09961591097315917	8.0
0.0870474075944259	8.1
0.07618056649037633	8.200000000000001
0.06499435621932685	8.3
0.054937757383782745	8.4
0.045549591513563616	8.5
0.03632512071444542	8.6
0.027261078161218893	8.700000000000001
0.017632321006089056	8.8
0.0	8.9
0.0	9.0
0.0	9.1
0.0	9.200000000000001
0.0	9.3
0.0	9.4
0.0	9.5
0.0	9.600000000000001
0.0	9.700000000000001
