a = 4821.32625314199 м
b = 4541.344031456862 м
x0 = 1873.7450385661982 м
vr = 1748.974685823812 м/с
A0 = 1.4430310513458704 м
Xmax = 5194.21051308002 м
sigmaX = 4603.57560847101 м
sigmaY = 4032.4242517941216 м
M0 = 1.2483244394349945e+20 Н*м - интегральное значение сейсмического момента
Mr_max = 3.829397353404218e+19 Н*м/с - максимальное значение функции источника
1-ый столбец - отнормированная функция источника
2-ой столбец - время
0.0	0.0
0.0007623173020089065	0.1
0.10668435682570969	0.2
0.20988792745452112	0.30000000000000004
0.3130269184608911	0.4
0.4114872388297462	0.5
0.5080190138642808	0.6000000000000001
0.6061410842371338	0.7000000000000001
0.6918793533576576	0.8
0.7841651337134696	0.9
0.8667276464746886	1.0
0.9462843646986601	1.1
0.9468001930099934	1.2000000000000002
0.929313327120691	1.3
0.9396826933964869	1.4000000000000001
0.9391835223301884	1.5
0.946262216698444	1.6
0.9474747307159994	1.7000000000000002
0.9824018468221144	1.8
0.9821345540522634	1.9000000000000001
0.9951256085828334	2.0
0.9881803274588401	2.1
1.0	2.2
0.9913256408019374	2.3000000000000003
0.9859574408580786	2.4000000000000004
0.9724638166775486	2.5
0.985000420225773	2.6
0.9529707833079405	2.7
0.9485555067593072	2.8000000000000003
0.9366621062431014	2.9000000000000004
0.9030308246286942	3.0
0.8847158990341609	3.1
0.8379871083780928	3.2
0.8181266343792473	3.3000000000000003
0.7731680617058301	3.4000000000000004
0.7504375597246772	3.5
0.7124718442333883	3.6
0.6752170546384224	3.7
0.6281459813379703	3.8000000000000003
0.5812923983260889	3.9000000000000004
0.5354648832667563	4.0
0.4857339587942877	4.1000000000000005
0.42412458878348874	4.2
0.352617544432607	4.3
0.2716355504781382	4.4
0.1497267519063395	4.5
0.0	4.6000000000000005
0.0	4.7
0.0	4.800000000000001
0.0	4.9
0.0	5.0
0.0	5.1000000000000005
0.0	5.2
0.0	5.300000000000001
0.0	5.4
