a = 10459.72319544724 м
b = 11697.535507976942 м
x0 = 3375.3442878208075 м
vr = 2306.418629499528 м/с
A0 = 1.1312832539764537 м
Xmax = 13113.543013119648 м
sigmaX = 4798.705280048844 м
sigmaY = 4104.364261185755 м
M0 = 2.0885978902938416e+20 Н*м - интегральное значение сейсмического момента
Mr_max = 4.604451673026508e+19 Н*м/с - максимальное значение функции источника
1-ый столбец - отнормированная функция источника
2-ой столбец - время
0.0	0.0
0.00010864718582453067	0.1
0.020229368845586033	0.2
0.040049275225237144	0.30000000000000004
0.06012723258975674	0.4
0.08031289615836384	0.5
0.10070710339450799	0.6000000000000001
0.12096526265523509	0.7000000000000001
0.1427587076101629	0.8
0.1659024313821756	0.9
0.18707299084697634	1.0
0.2126443842216834	1.1
0.23843710771737367	1.2000000000000002
0.26129459336530736	1.3
0.28595769822485273	1.4000000000000001
0.3141759526201927	1.5
0.3374215696048832	1.6
0.36427336374954294	1.7000000000000002
0.3887400743920268	1.8
0.4157797669716805	1.9000000000000001
0.450200229394918	2.0
0.47536188256465456	2.1
0.5029071674273261	2.2
0.5387926260387933	2.3000000000000003
0.5703996582982608	2.4000000000000004
0.6024274855349304	2.5
0.6304391637041525	2.6
0.6591704089813553	2.7
0.6944387489716004	2.8000000000000003
0.7265843586187691	2.9000000000000004
0.7546453364702524	3.0
0.778152565883964	3.1
0.8129177447571817	3.2
0.8301041396625105	3.3000000000000003
0.8598085198911801	3.4000000000000004
0.8818851494487224	3.5
0.8951558914789136	3.6
0.9298595681093994	3.7
0.9265792920447429	3.8000000000000003
0.954943536809386	3.9000000000000004
0.967857347438164	4.0
0.9713948986984459	4.1000000000000005
0.9857412630000199	4.2
0.9807774051491811	4.3
0.9923150857990418	4.4
0.9901808030259347	4.5
1.0	4.6000000000000005
0.9834634173696555	4.7
0.9742880770755211	4.800000000000001
0.9735200042482511	4.9
0.9573197357712412	5.0
0.9507800010719251	5.1000000000000005
0.9302232947069017	5.2
0.9133804148579838	5.300000000000001
0.8983097339706209	5.4
0.8692768384893678	5.5
0.8507288382562589	5.6000000000000005
0.8263568189962601	5.7
0.7978839091100977	5.800000000000001
0.7779063358470318	5.9
0.7431645979764417	6.0
0.7150769623269408	6.1000000000000005
0.6853095457788757	6.2
0.6605348525899173	6.300000000000001
0.6271705252063671	6.4
0.596544038216111	6.5
0.5660658031468017	6.6000000000000005
0.5414572484166673	6.7
0.5060872442268941	6.800000000000001
0.47464741667504434	6.9
0.4450796669041372	7.0
0.41409722172352653	7.1000000000000005
0.3830740774537495	7.2
0.3498656197633692	7.300000000000001
0.31261866199166605	7.4
0.26830268499803295	7.5
0.2065604233322213	7.6000000000000005
0.061311490216045116	7.7
0.0	7.800000000000001
0.0	7.9
0.0	8.0
0.0	8.1
0.0	8.200000000000001
0.0	8.3
0.0	8.4
0.0	8.5
0.0	8.6
0.0	8.700000000000001
0.0	8.8
0.0	8.9
0.0	9.0
0.0	9.1
0.0	9.200000000000001
0.0	9.3
0.0	9.4
0.0	9.5
0.0	9.600000000000001
