a = 8487.262995426492 м
b = 5282.7964129189495 м
x0 = 7413.088914881237 м
vr = 2147.5618832731157 м/с
A0 = 1.548801020309894 м
Xmax = 9973.510584488497 м
sigmaX = 4854.900517247276 м
sigmaY = 4117.274771986543 м
M0 = 2.148005681436772e+20 Н*м - интегральное значение сейсмического момента
Mr_max = 8.824991067657658e+19 Н*м/с - максимальное значение функции источника
1-ый столбец - отнормированная функция источника
2-ой столбец - время
0.0	0.0
0.0004920522797177977	0.1
0.08407627414245494	0.2
0.16567690639186328	0.30000000000000004
0.24903791657449192	0.4
0.32834034658465255	0.5
0.3992517854083029	0.6000000000000001
0.4716753967330057	0.7000000000000001
0.5404286803104583	0.8
0.6060128390126791	0.9
0.6662684274865012	1.0
0.7193730515406003	1.1
0.7779875832529165	1.2000000000000002
0.8166580809946297	1.3
0.850061737830137	1.4000000000000001
0.8856561073882323	1.5
0.9226775566993055	1.6
0.9423834942155908	1.7000000000000002
0.9545551436391566	1.8
0.9823995399285187	1.9000000000000001
0.9935067898890395	2.0
1.0	2.1
0.9928065540908617	2.2
0.9972638473580986	2.3000000000000003
0.9871331387190525	2.4000000000000004
0.9782868775410322	2.5
0.8149291370496141	2.6
0.7203305691697357	2.7
0.6600283121161262	2.8000000000000003
0.5963519813738454	2.9000000000000004
0.5429065432244001	3.0
0.49249523243662807	3.1
0.44856304447772644	3.2
0.4123735358811145	3.3000000000000003
0.36547352129070754	3.4000000000000004
0.324007107092883	3.5
0.27548339598990657	3.6
0.2522204210608172	3.7
0.2266526974010275	3.8000000000000003
0.20295704887185242	3.9000000000000004
0.17927300167519566	4.0
0.155382056518846	4.1000000000000005
0.1304860015591929	4.2
0.10547733324486507	4.3
0.0782836401162647	4.4
0.044347649191924	4.5
0.0	4.6000000000000005
0.0	4.7
0.0	4.800000000000001
0.0	4.9
0.0	5.0
0.0	5.1000000000000005
0.0	5.2
0.0	5.300000000000001
0.0	5.4
