a = 15257.762531426377 м
b = 16978.563145085256 м
x0 = 14660.43487448604 м
vr = 2286.8036795210483 м/с
A0 = 1.1483600579451798 м
Xmax = 16353.96408222382 м
sigmaX = 4693.539250555065 м
sigmaY = 4038.653821589791 м
M0 = 2.3719677551043412e+20 Н*м - интегральное значение сейсмического момента
Mr_max = 7.456496167401865e+19 Н*м/с - максимальное значение функции источника
1-ый столбец - отнормированная функция источника
2-ой столбец - время
0.0	0.0
0.0004951591239416717	0.1
0.08998330991982045	0.2
0.17878182598046807	0.30000000000000004
0.26651486728988594	0.4
0.34965553532592053	0.5
0.43212053785581556	0.6000000000000001
0.507164580184467	0.7000000000000001
0.5816225088207062	0.8
0.6466757211133521	0.9
0.7095918966498647	1.0
0.7678846229028686	1.1
0.8141151933992575	1.2000000000000002
0.8581415548080705	1.3
0.9006218889801055	1.4000000000000001
0.9362703048993544	1.5
0.9566042367098442	1.6
0.9738509962402477	1.7000000000000002
0.9935518268847542	1.8
0.9956192394481439	1.9000000000000001
0.9942505400954585	2.0
1.0	2.1
0.991014001461408	2.2
0.9632657758027788	2.3000000000000003
0.9544376026540573	2.4000000000000004
0.9393199226642223	2.5
0.9081695346320396	2.6
0.8863638660588585	2.7
0.8510296664306013	2.8000000000000003
0.8198623817884424	2.9000000000000004
0.7872086374075475	3.0
0.746518661259528	3.1
0.7096835073057839	3.2
0.6748109031556834	3.3000000000000003
0.6417079537595228	3.4000000000000004
0.5950490978541935	3.5
0.5664524111614188	3.6
0.5309772947117998	3.7
0.49084563055856306	3.8000000000000003
0.45660496528663735	3.9000000000000004
0.42606186849978805	4.0
0.3920095081574117	4.1000000000000005
0.3569482829110345	4.2
0.33157372297543536	4.3
0.30264430336347636	4.4
0.27560270254499686	4.5
0.2521106998465873	4.6000000000000005
0.22925443457469263	4.7
0.20681770909949446	4.800000000000001
0.18780995856848554	4.9
0.16712007713820043	5.0
0.15061913490613646	5.1000000000000005
0.13732057153181165	5.2
0.1218570051916497	5.300000000000001
0.10898353283038216	5.4
0.09710612653965496	5.5
0.08555034136148323	5.6000000000000005
0.07491752821108873	5.7
0.0664478035711005	5.800000000000001
0.058898600627492866	5.9
0.05150075125604543	6.0
0.04511076368088398	6.1000000000000005
0.03953555467384521	6.2
0.034275267006826	6.300000000000001
0.02981750677161333	6.4
0.02602382733891971	6.5
0.02142050018940871	6.6000000000000005
0.018178711003888282	6.7
0.01547677898883845	6.800000000000001
0.01321707262085991	6.9
0.011208829597223207	7.0
0.004649468186059007	7.1000000000000005
0.002140769415042009	7.2
0.0010375375941529311	7.300000000000001
0.0004921234032741369	7.4
0.00017783682928755164	7.5
0.0	7.6000000000000005
0.0	7.7
0.0	7.800000000000001
0.0	7.9
0.0	8.0
0.0	8.1
0.0	8.200000000000001
0.0	8.3
0.0	8.4
0.0	8.5
0.0	8.6
0.0	8.700000000000001
0.0	8.8
0.0	8.9
0.0	9.0
0.0	9.1
0.0	9.200000000000001
0.0	9.3
0.0	9.4
