a = 14262.564130504043 м
b = 15313.08551618245 м
x0 = 834.4494539115385 м
vr = 2240.0364141633017 м/с
A0 = 1.8200948588769623 м
Xmax = 10062.60759158085 м
sigmaX = 4230.461798101587 м
sigmaY = 4968.722290465797 м
M0 = 4.034206158306416e+20 Н*м - интегральное значение сейсмического момента
Mr_max = 8.981522767997095e+19 Н*м/с - максимальное значение функции источника
1-ый столбец - отнормированная функция источника
2-ой столбец - время
0.0	0.0
6.308928025739568e-05	0.1
0.011337511728191935	0.2
0.022752877137437552	0.30000000000000004
0.03439688010135772	0.4
0.04328577652225953	0.5
0.051515352575834526	0.6000000000000001
0.06116243385208651	0.7000000000000001
0.07296086588258793	0.8
0.08624064934506949	0.9
0.10054619266999944	1.0
0.11583140982746393	1.1
0.13374811229545314	1.2000000000000002
0.1518863026010402	1.3
0.17165514527583467	1.4000000000000001
0.19370560485629468	1.5
0.2179399094128369	1.6
0.24189896393540694	1.7000000000000002
0.2692635172141731	1.8
0.2939071600542851	1.9000000000000001
0.32337013748557547	2.0
0.3498794450358062	2.1
0.38580429246309167	2.2
0.41846739160863494	2.3000000000000003
0.44823266196896355	2.4000000000000004
0.4794791519602681	2.5
0.5139544910410424	2.6
0.5483256883391244	2.7
0.5897551075720354	2.8000000000000003
0.6255490895776652	2.9000000000000004
0.6454881359871338	3.0
0.6831669861334095	3.1
0.7172851311001555	3.2
0.7543385758507068	3.3000000000000003
0.7843940408465624	3.4000000000000004
0.8174495482788258	3.5
0.8436138572810394	3.6
0.8684437144347795	3.7
0.8892777225564001	3.8000000000000003
0.9195421209191107	3.9000000000000004
0.9429533005390798	4.0
0.9520495626706117	4.1000000000000005
0.9611589011413423	4.2
0.9781821937762313	4.3
0.9935161838717684	4.4
1.0	4.5
0.9937860183037143	4.6000000000000005
0.997839847636556	4.7
0.998644522522268	4.800000000000001
0.9893284390898676	4.9
0.9923536223620754	5.0
0.9766468537445889	5.1000000000000005
0.9578964967185744	5.2
0.9446041897071289	5.300000000000001
0.9230634110961089	5.4
0.8963667297567188	5.5
0.8865875866982083	5.6000000000000005
0.8517701942350295	5.7
0.8241930724465055	5.800000000000001
0.7985907319900871	5.9
0.760157725919565	6.0
0.7351584470205983	6.1000000000000005
0.7090353172056807	6.2
0.6686319997533896	6.300000000000001
0.6404008573063775	6.4
0.6090334969324558	6.5
0.5733837442284576	6.6000000000000005
0.5415341213102303	6.7
0.5141547898439883	6.800000000000001
0.4757429084449847	6.9
0.44451074995014506	7.0
0.41506301751466024	7.1000000000000005
0.38424191302299715	7.2
0.3593871445752644	7.300000000000001
0.3331710505826111	7.4
0.30690821835972765	7.5
0.28157734063909085	7.6000000000000005
0.25428537053687406	7.7
0.23412720168217532	7.800000000000001
0.2141388427626938	7.9
0.19445822480492977	8.0
0.17651531725989494	8.1
0.1581982706755184	8.200000000000001
0.14301936848641897	8.3
0.12834408270297623	8.4
0.11576556164125602	8.5
0.10274208763142112	8.6
0.09162244022552343	8.700000000000001
0.08079044939243504	8.8
0.07118081160917385	8.9
0.06359097742321053	9.0
0.05516620641204549	9.1
0.04904920824879649	9.200000000000001
0.04251090019268472	9.3
0.03676706235851964	9.4
0.032375290427330373	9.5
0.02795142016877793	9.600000000000001
0.023744071238616042	9.700000000000001
0.02049104588333424	9.8
0.017602888994776366	9.9
0.015025725892227908	10.0
0.012872954942254149	10.100000000000001
0.010851655576188902	10.200000000000001
0.009170841061748035	10.3
0.007691594109470429	10.4
0.00644739437048553	10.5
0.0053896858628399704	10.600000000000001
0.004476835315809804	10.700000000000001
0.0037239328543733005	10.8
0.003059652024424829	10.9
0.002507895020142417	11.0
0.0020485143216603103	11.100000000000001
0.0016711061620483755	11.200000000000001
0.001333396716491708	11.3
0.0010793599767996672	11.4
0.000853048717665939	11.5
0.0006722695007828278	11.600000000000001
0.0005259026063700568	11.700000000000001
0.0004075376356514407	11.8
0.000310383700097157	11.9
0.00023190960506720205	12.0
0.0001683267587827805	12.100000000000001
0.00011769216610816959	12.200000000000001
7.543603035596504e-05	12.3
3.817305616996701e-05	12.4
0.0	12.5
0.0	12.600000000000001
0.0	12.700000000000001
0.0	12.8
0.0	12.9
0.0	13.0
0.0	13.100000000000001
0.0	13.200000000000001
0.0	13.3
0.0	13.4
0.0	13.5
0.0	13.600000000000001
0.0	13.700000000000001
0.0	13.8
0.0	13.9
0.0	14.0
0.0	14.100000000000001
0.0	14.200000000000001
