a = 4144.596132326204 м
b = 5011.891471797573 м
x0 = 920.2195799028984 м
vr = 1839.894996313927 м/с
A0 = 1.1851094860556497 м
Xmax = 3656.096988076368 м
sigmaX = 4292.70135965686 м
sigmaY = 4838.753199960124 м
M0 = 9.993979154332782e+19 Н*м - интегральное значение сейсмического момента
Mr_max = 3.4554780528362e+19 Н*м/с - максимальное значение функции источника
1-ый столбец - отнормированная функция источника
2-ой столбец - время
0.0	0.0
0.0007731059533893629	0.1
0.11279654208503682	0.2
0.2252247541810139	0.30000000000000004
0.3326262554428933	0.4
0.4402505104635938	0.5
0.5307187479378969	0.6000000000000001
0.530520887646133	0.7000000000000001
0.56467220771086	0.8
0.605950718262484	0.9
0.6559096420061126	1.0
0.6966026359415851	1.1
0.7237467525982774	1.2000000000000002
0.7753785607228282	1.3
0.8135593625022874	1.4000000000000001
0.8395526825034284	1.5
0.8786173733407445	1.6
0.9149664062181296	1.7000000000000002
0.942273477243426	1.8
0.9483432260017661	1.9000000000000001
0.9685855032440404	2.0
0.9869328929602685	2.1
0.9938635404214008	2.2
0.9781126124232072	2.3000000000000003
1.0	2.4000000000000004
0.9890523091738798	2.5
0.9688735928474574	2.6
0.9603968727133707	2.7
0.9578197866968126	2.8000000000000003
0.9201213950898514	2.9000000000000004
0.8755940917237406	3.0
0.8799764747398947	3.1
0.8460796634222645	3.2
0.8172432116641228	3.3000000000000003
0.7711034417624382	3.4000000000000004
0.7210463469423428	3.5
0.6771241357775916	3.6
0.6194331513012546	3.7
0.5463635054151083	3.8000000000000003
0.46251735715465286	3.9000000000000004
0.353660978492443	4.0
0.09574704883788669	4.1000000000000005
0.0	4.2
0.0	4.3
0.0	4.4
0.0	4.5
0.0	4.6000000000000005
0.0	4.7
0.0	4.800000000000001
0.0	4.9
0.0	5.0
0.0	5.1000000000000005
0.0	5.2
0.0	5.300000000000001
0.0	5.4
0.0	5.5
0.0	5.6000000000000005
0.0	5.7
0.0	5.800000000000001
0.0	5.9
