a = 13197.075761025102 м
b = 8145.810980303628 м
x0 = 5613.705686532118 м
vr = 1798.0596090165343 м/с
A0 = 1.3845933521616853 м
Xmax = 13451.550905698981 м
sigmaX = 4093.364571859745 м
sigmaY = 4154.070971712096 м
M0 = 2.3377871185485182e+20 Н*м - интегральное значение сейсмического момента
Mr_max = 4.552923928646428e+19 Н*м/с - максимальное значение функции источника
1-ый столбец - отнормированная функция источника
2-ой столбец - время
0.0	0.0
0.00013123658116156496	0.1
0.018796032410729146	0.2
0.0379541290129909	0.30000000000000004
0.057005494151065136	0.4
0.07604308146373795	0.5
0.0952438748241951	0.6000000000000001
0.11563908255001183	0.7000000000000001
0.1356023492222414	0.8
0.1559885244315853	0.9
0.17666593495710814	1.0
0.1993532765754703	1.1
0.22070449633848885	1.2000000000000002
0.2429268170558761	1.3
0.2685605570444919	1.4000000000000001
0.2937887517522384	1.5
0.317453001629905	1.6
0.3441211612177744	1.7000000000000002
0.37227502678272006	1.8
0.39859230919046984	1.9000000000000001
0.4246603234452811	2.0
0.45501195267241273	2.1
0.48148094304274625	2.2
0.5165415442578468	2.3000000000000003
0.5457351506034613	2.4000000000000004
0.5695496550814685	2.5
0.6035724161600635	2.6
0.6271195490087371	2.7
0.6638256474876154	2.8000000000000003
0.6868063618561259	2.9000000000000004
0.7231891697537428	3.0
0.7497221066685903	3.1
0.7790279886634732	3.2
0.7895914947425615	3.3000000000000003
0.8083490091139997	3.4000000000000004
0.8405744619523946	3.5
0.861718857691167	3.6
0.8792733133481734	3.7
0.9063853506738537	3.8000000000000003
0.912265500245833	3.9000000000000004
0.9360811955632802	4.0
0.9496707158550736	4.1000000000000005
0.9642893286872324	4.2
0.9692868810704316	4.3
0.978190877203206	4.4
0.9932970069787932	4.5
0.9824295907813239	4.6000000000000005
0.9910741897684667	4.7
0.9910171732273255	4.800000000000001
0.9837378132424511	4.9
1.0	5.0
0.9804130644846539	5.1000000000000005
0.959264105852886	5.2
0.9557783136707411	5.300000000000001
0.933509597486701	5.4
0.9251032120549536	5.5
0.9139637056336699	5.6000000000000005
0.8977610776193029	5.7
0.8724497158638524	5.800000000000001
0.8473365821201944	5.9
0.8255313501787944	6.0
0.8077410028032691	6.1000000000000005
0.7894761506607746	6.2
0.7618166891078766	6.300000000000001
0.7279117973568789	6.4
0.6967694044623431	6.5
0.6748438086263291	6.6000000000000005
0.6496575581656339	6.7
0.6115929823765935	6.800000000000001
0.5935394713766294	6.9
0.5652657769544556	7.0
0.5355205200469645	7.1000000000000005
0.5089682566293073	7.2
0.4844027762110933	7.300000000000001
0.45618833639338124	7.4
0.42963179791681116	7.5
0.4032598566219983	7.6000000000000005
0.3817423650263127	7.7
0.3540441340476671	7.800000000000001
0.33086132802669826	7.9
0.3070130565472645	8.0
0.28673438950815816	8.1
0.26645929884884323	8.200000000000001
0.24363183292908788	8.3
0.22586136006526394	8.4
0.20880205740020827	8.5
0.19275261282542686	8.6
0.17517127099497334	8.700000000000001
0.16109814472877	8.8
0.14584108755005135	8.9
0.13509520717529455	9.0
0.12029045717889036	9.1
0.1089549527194247	9.200000000000001
0.09905783569919076	9.3
0.08890815854095224	9.4
0.08020153663950906	9.5
0.07147121135521511	9.600000000000001
0.06375803597929187	9.700000000000001
0.057103684780191996	9.8
0.049970887456837344	9.9
0.044647470968117546	10.0
0.039256035061839445	10.100000000000001
0.03401888716267592	10.200000000000001
0.029928345126139098	10.3
0.025827933922133357	10.4
0.022356123496993084	10.5
0.01913350406497353	10.600000000000001
0.016472091002996042	10.700000000000001
0.013909106693998228	10.8
0.011639486590216958	10.9
0.00971460048867174	11.0
0.00794680024304081	11.100000000000001
0.0063930182985593295	11.200000000000001
0.005035705351165493	11.3
0.00378500114800913	11.4
0.002617841521589777	11.5
0.0014155406334784926	11.600000000000001
0.0	11.700000000000001
0.0	11.8
0.0	11.9
0.0	12.0
0.0	12.100000000000001
0.0	12.200000000000001
0.0	12.3
0.0	12.4
0.0	12.5
