a = 7926.005980719683 м
b = 6822.210555310095 м
x0 = 2788.583944634116 м
vr = 2089.7160284782144 м/с
A0 = 1.580295393333952 м
Xmax = 9405.02850418839 м
sigmaX = 4312.5257049642405 м
sigmaY = 4515.267818189328 м
M0 = 2.3353053529383436e+20 Н*м - интегральное значение сейсмического момента
Mr_max = 5.98350695882331e+19 Н*м/с - максимальное значение функции источника
1-ый столбец - отнормированная функция источника
2-ой столбец - время
0.0	0.0
0.00025529322565123145	0.1
0.042447430542029416	0.2
0.08523929062282382	0.30000000000000004
0.12721723864310128	0.4
0.16818984940512927	0.5
0.20973142845128465	0.6000000000000001
0.2520232938408448	0.7000000000000001
0.2951025027368245	0.8
0.33588006243848323	0.9
0.381159547854945	1.0
0.41957206983268863	1.1
0.46402327814040306	1.2000000000000002
0.4989783956097345	1.3
0.5374265403235713	1.4000000000000001
0.5595913805383483	1.5
0.5894646363047643	1.6
0.6176223144842807	1.7000000000000002
0.6498782375450053	1.8
0.6908932768502132	1.9000000000000001
0.7146730880661758	2.0
0.7516213126135544	2.1
0.7738985692514979	2.2
0.8062734032924178	2.3000000000000003
0.826224606867456	2.4000000000000004
0.8599286818768567	2.5
0.8935968394772262	2.6
0.9123322182330161	2.7
0.9330309158495558	2.8000000000000003
0.9685347975130526	2.9000000000000004
0.9708846072481858	3.0
0.9792349806358357	3.1
0.9847337121018734	3.2
0.9776135336521936	3.3000000000000003
1.0	3.4000000000000004
0.9833880258996925	3.5
0.9948872960822186	3.6
0.9930491853150529	3.7
0.9801954961828142	3.8000000000000003
0.9755857717170988	3.9000000000000004
0.9412767861226109	4.0
0.9290244139824549	4.1000000000000005
0.8976925845082186	4.2
0.8823327068919333	4.3
0.8559850132109047	4.4
0.8364500422736038	4.5
0.7926854218368049	4.6000000000000005
0.7625446641496196	4.7
0.732199518098442	4.800000000000001
0.692963863163591	4.9
0.6574157531070886	5.0
0.6235803221916484	5.1000000000000005
0.5856786781064984	5.2
0.5482264904161065	5.300000000000001
0.5062746178606405	5.4
0.46146721606621954	5.5
0.4229570996832931	5.6000000000000005
0.37824584633819347	5.7
0.33475485526529936	5.800000000000001
0.29398276984117844	5.9
0.2492975631554923	6.0
0.20272818079495672	6.1000000000000005
0.15146525428261912	6.2
0.08542770697300033	6.300000000000001
0.0	6.4
0.0	6.5
0.0	6.6000000000000005
0.0	6.7
0.0	6.800000000000001
0.0	6.9
0.0	7.0
0.0	7.1000000000000005
0.0	7.2
