a = 9340.941417685717 м
b = 7488.431124683243 м
x0 = 7602.666011652327 м
vr = 2033.1565232839944 м/с
A0 = 1.6297697276273275 м
Xmax = 11308.513806004737 м
sigmaX = 4916.220913482533 м
sigmaY = 4996.294405588266 м
M0 = 3.080770022985149e+20 Н*м - интегральное значение сейсмического момента
Mr_max = 9.311001935277747e+19 Н*м/с - максимальное значение функции источника
1-ый столбец - отнормированная функция источника
2-ой столбец - время
0.0	0.0
0.00040193983069608833	0.1
0.06470462021443943	0.2
0.129562457694859	0.30000000000000004
0.1915941007502589	0.4
0.2547815186355855	0.5
0.31247547580493895	0.6000000000000001
0.37221307368084233	0.7000000000000001
0.42700448542204433	0.8
0.48621451535053256	0.9
0.531835833980448	1.0
0.5908424197862467	1.1
0.6310581953010658	1.2000000000000002
0.6823813891700267	1.3
0.7145364141628103	1.4000000000000001
0.7685310469740992	1.5
0.7923818922859389	1.6
0.8363405989807027	1.7000000000000002
0.8588552729062839	1.8
0.8894685069402275	1.9000000000000001
0.909249501629442	2.0
0.9301463622352695	2.1
0.9424935132658777	2.2
0.9680759319577935	2.3000000000000003
0.970244893232126	2.4000000000000004
0.9919861155966718	2.5
0.9811394706719146	2.6
1.0	2.7
0.9871061200628668	2.8000000000000003
0.9892058122193599	2.9000000000000004
0.9859157002180515	3.0
0.9756654266018717	3.1
0.9626067888341582	3.2
0.9513833234135745	3.3000000000000003
0.9314823079983572	3.4000000000000004
0.9278346350154529	3.5
0.8907507613380711	3.6
0.7662492585387741	3.7
0.6845224628097607	3.8000000000000003
0.6274525770454003	3.9000000000000004
0.5815114678525277	4.0
0.5539221667084632	4.1000000000000005
0.5073173643655727	4.2
0.4808547438991191	4.3
0.4381684277961112	4.4
0.40954318176249793	4.5
0.367767980030216	4.6000000000000005
0.33821451931052543	4.7
0.3027118120020908	4.800000000000001
0.2711024731081402	4.9
0.2397794935745442	5.0
0.20660219644347544	5.1000000000000005
0.17539810163129757	5.2
0.14225279541014366	5.300000000000001
0.10516681926398462	5.4
0.05840858358050165	5.5
0.0	5.6000000000000005
0.0	5.7
0.0	5.800000000000001
0.0	5.9
0.0	6.0
0.0	6.1000000000000005
0.0	6.2
0.0	6.300000000000001
0.0	6.4
