a = 11761.087144471996 м
b = 7947.599550331594 м
x0 = 9353.187084670877 м
vr = 1580.4492261426751 м/с
A0 = 0.8517249631152639 м
Xmax = 13144.744341859086 м
sigmaX = 4159.426875005995 м
sigmaY = 4264.543512785502 м
M0 = 1.4697153810603713e+20 Н*м - интегральное значение сейсмического момента
Mr_max = 3.1923224434926883e+19 Н*м/с - максимальное значение функции источника
1-ый столбец - отнормированная функция источника
2-ой столбец - время
0.0	0.0
0.00041763914643729114	0.1
0.05305190901994824	0.2
0.10467729429923679	0.30000000000000004
0.1569531537309778	0.4
0.20829544364343047	0.5
0.2565633197994693	0.6000000000000001
0.3099568340781315	0.7000000000000001
0.3554115103771315	0.8
0.40005844191520096	0.9
0.4500775240374106	1.0
0.49508333316647246	1.1
0.5353536298634676	1.2000000000000002
0.5823238829259889	1.3
0.6166554468296742	1.4000000000000001
0.6519865166420986	1.5
0.6939284136945781	1.6
0.7277369262568424	1.7000000000000002
0.7583093364676698	1.8
0.7969678507261644	1.9000000000000001
0.8216468225877506	2.0
0.8445554859610589	2.1
0.8697217172535352	2.2
0.8873893103565168	2.3000000000000003
0.9102180587877564	2.4000000000000004
0.9322661774258353	2.5
0.9439283086633922	2.6
0.9594279353668416	2.7
0.9752870355951373	2.8000000000000003
0.9824763530354207	2.9000000000000004
0.974698573033351	3.0
0.999634058074718	3.1
0.9924100914990425	3.2
0.9816498763778436	3.3000000000000003
1.0	3.4000000000000004
0.9942344064191397	3.5
0.979188760895281	3.6
0.9762853466720247	3.7
0.9710663385096576	3.8000000000000003
0.9488736025915345	3.9000000000000004
0.9400890102263618	4.0
0.9370572904370951	4.1000000000000005
0.9094055036649145	4.2
0.8907377521614381	4.3
0.8937459645294976	4.4
0.8613629668567555	4.5
0.8483068838397314	4.6000000000000005
0.8208786996363304	4.7
0.8071242499632845	4.800000000000001
0.7787632983977723	4.9
0.7189543777685367	5.0
0.6827610603704453	5.1000000000000005
0.6314097136264964	5.2
0.5955989396876552	5.300000000000001
0.5650263031611827	5.4
0.5360525139591223	5.5
0.5061953752432897	5.6000000000000005
0.47571076977583204	5.7
0.44542945489957103	5.800000000000001
0.4241021619312171	5.9
0.3951393674687581	6.0
0.3692709340894813	6.1000000000000005
0.3495800374088555	6.2
0.31996208687201616	6.300000000000001
0.3015040554544939	6.4
0.27969183867318687	6.5
0.264641194439324	6.6000000000000005
0.24524197519411836	6.7
0.2226626582610381	6.800000000000001
0.20857156087832054	6.9
0.1919734144411136	7.0
0.17640185982568798	7.1000000000000005
0.15981533703997974	7.2
0.14668899623306356	7.300000000000001
0.13447813870724398	7.4
0.12101834801713877	7.5
0.10977309253410503	7.6000000000000005
0.0985638850706975	7.7
0.08907727602760576	7.800000000000001
0.07934874739259476	7.9
0.0703649510726354	8.0
0.06282248678013927	8.1
0.05508597350787729	8.200000000000001
0.04800242226838824	8.3
0.04158975679305147	8.4
0.035377252311420304	8.5
0.029648324034260185	8.6
0.024292810825811594	8.700000000000001
0.0189692685914841	8.8
0.013900588901394149	8.9
0.00812666233965022	9.0
0.0	9.1
0.0	9.200000000000001
0.0	9.3
0.0	9.4
0.0	9.5
0.0	9.600000000000001
0.0	9.700000000000001
0.0	9.8
0.0	9.9
