a = 14591.85041355746 м
b = 18435.839717408006 м
x0 = 3577.649597841922 м
vr = 2075.506996204869 м/с
A0 = 1.0600326299256992 м
Xmax = 10225.43785829167 м
sigmaX = 4720.1258261399535 м
sigmaY = 4508.021620426761 м
M0 = 2.4200991345878408e+20 Н*м - интегральное значение сейсмического момента
Mr_max = 4.867113236621041e+19 Н*м/с - максимальное значение функции источника
1-ый столбец - отнормированная функция источника
2-ой столбец - время
0.0	0.0
0.0002516757306827839	0.1
0.04181998712396664	0.2
0.08407078080933642	0.30000000000000004
0.12529457559305845	0.4
0.166580224843514	0.5
0.20711165538603762	0.6000000000000001
0.2470275100693361	0.7000000000000001
0.28831590653764255	0.8
0.3294363383629278	0.9
0.36800685359354335	1.0
0.4068103860980566	1.1
0.4468482008815227	1.2000000000000002
0.48420406772082325	1.3
0.519837346401891	1.4000000000000001
0.5585468983218177	1.5
0.5920629836933886	1.6
0.6302972348080419	1.7000000000000002
0.6622987368519964	1.8
0.679750271497096	1.9000000000000001
0.7061293440347305	2.0
0.7362594845503426	2.1
0.7561934403170125	2.2
0.7814516313394494	2.3000000000000003
0.8136935737910326	2.4000000000000004
0.8328831557727511	2.5
0.855612938659843	2.6
0.8782063534502296	2.7
0.9010064610382886	2.8000000000000003
0.9106536583041117	2.9000000000000004
0.9367606315940112	3.0
0.9490657143314691	3.1
0.9618775007971959	3.2
0.9563288070163655	3.3000000000000003
0.9791570440544275	3.4000000000000004
0.9892589843973624	3.5
1.0	3.6
0.98941816320153	3.7
0.9952684174000668	3.8000000000000003
0.9900185568852636	3.9000000000000004
0.9751100033536999	4.0
0.9847723622077196	4.1000000000000005
0.9773240147535555	4.2
0.9549845862810894	4.3
0.9419506049063389	4.4
0.9368126663364459	4.5
0.9196196192330509	4.6000000000000005
0.9018661465881697	4.7
0.8856616579771897	4.800000000000001
0.8639961752462154	4.9
0.8354213362750165	5.0
0.8190590283077199	5.1000000000000005
0.7893972294208307	5.2
0.7654191631356135	5.300000000000001
0.7445262136340305	5.4
0.7105879016147028	5.5
0.680826017788672	5.6000000000000005
0.6548395616548847	5.7
0.6326717375816993	5.800000000000001
0.600347180437647	5.9
0.5748929223019724	6.0
0.550948249830533	6.1000000000000005
0.5222425244875457	6.2
0.48962597402006636	6.300000000000001
0.46900417485085993	6.4
0.4420162406041095	6.5
0.4162905893233664	6.6000000000000005
0.3872564320380726	6.7
0.36787382567237653	6.800000000000001
0.34562567383362575	6.9
0.3209477416049011	7.0
0.29983780774726715	7.1000000000000005
0.28028936800295634	7.2
0.2592856087661507	7.300000000000001
0.23897802052967582	7.4
0.22383106353152227	7.5
0.2067680781475787	7.6000000000000005
0.18945372554285397	7.7
0.17501280365653513	7.800000000000001
0.16070811667093052	7.9
0.14701356707083268	8.0
0.1348444705498936	8.1
0.12230190047277868	8.200000000000001
0.11167182059925251	8.3
0.10144705773523643	8.4
0.09206516331859176	8.5
0.08368645536670317	8.6
0.07531276994150017	8.700000000000001
0.0680957481948982	8.8
0.06050315946907785	8.9
0.05492042127156309	9.0
0.04920417439383072	9.1
0.0443424443937351	9.200000000000001
0.039222453168809214	9.3
0.03495841049358097	9.4
0.03116116818084916	9.5
0.02791393036622736	9.600000000000001
0.024608581194934316	9.700000000000001
0.021882059301021432	9.8
0.019284950125970698	9.9
0.016798270027228654	10.0
0.014756766815315766	10.100000000000001
0.01298380329862707	10.200000000000001
0.011370495423765645	10.3
0.009910683379479274	10.4
0.008657075789513911	10.5
0.007571139213385505	10.600000000000001
0.006522800738135949	10.700000000000001
0.0056813746477747595	10.8
0.004909254386379191	10.9
0.004228253052876537	11.0
0.0036434461114972366	11.100000000000001
0.0031316968672074324	11.200000000000001
0.0026970516533121967	11.3
0.0022964191179447565	11.4
0.0019593100748684254	11.5
0.0016635446601147707	11.600000000000001
0.001409456956681064	11.700000000000001
0.0011935382606038493	11.8
0.0010046507900364175	11.9
0.0008362758651485303	12.0
0.0006926426290197392	12.100000000000001
0.0005646887252438265	12.200000000000001
0.000430602042566998	12.3
0.00025014431281501206	12.4
0.0	12.5
0.0	12.600000000000001
0.0	12.700000000000001
0.0	12.8
0.0	12.9
0.0	13.0
0.0	13.100000000000001
0.0	13.200000000000001
0.0	13.3
0.0	13.4
0.0	13.5
0.0	13.600000000000001
0.0	13.700000000000001
0.0	13.8
0.0	13.9
0.0	14.0
0.0	14.100000000000001
0.0	14.200000000000001
0.0	14.3
0.0	14.4
0.0	14.5
0.0	14.600000000000001
0.0	14.700000000000001
0.0	14.8
0.0	14.9
0.0	15.0
0.0	15.100000000000001
0.0	15.200000000000001
0.0	15.3
0.0	15.4
0.0	15.5
0.0	15.600000000000001
0.0	15.700000000000001
0.0	15.8
0.0	15.9
0.0	16.0
0.0	16.1
0.0	16.2
0.0	16.3
0.0	16.400000000000002
0.0	16.5
0.0	16.6
0.0	16.7
0.0	16.8
0.0	16.900000000000002
0.0	17.0
