a = 5506.059113795336 м
b = 6909.867129805908 м
x0 = 3157.4557942971987 м
vr = 2311.160715568003 м/с
A0 = 0.5213970026499735 м
Xmax = 5228.940746415613 м
sigmaX = 4743.606896132365 м
sigmaY = 4871.308425818609 м
M0 = 6.987420697550566e+19 Н*м - интегральное значение сейсмического момента
Mr_max = 3.0164697621585007e+19 Н*м/с - максимальное значение функции источника
1-ый столбец - отнормированная функция источника
2-ой столбец - время
0.0	0.0
0.0005448576682729693	0.1
0.10069341639214738	0.2
0.20024891954450424	0.30000000000000004
0.2916482107982525	0.4
0.38155196148415316	0.5
0.47621388851908186	0.6000000000000001
0.563128474626179	0.7000000000000001
0.6336014399361738	0.8
0.7164598336723633	0.9
0.7777162910588007	1.0
0.839127327618807	1.1
0.8953049349833158	1.2000000000000002
0.9474921449784546	1.3
1.0	1.4000000000000001
0.9759666117243244	1.5
0.9212476640971663	1.6
0.9108648566985499	1.7000000000000002
0.9011063154740473	1.8
0.8900334245987545	1.9000000000000001
0.8733191224938265	2.0
0.8559551290819267	2.1
0.8305333570597354	2.2
0.827085106713997	2.3000000000000003
0.8003959268288218	2.4000000000000004
0.7689572355957396	2.5
0.754496843971212	2.6
0.714529175006209	2.7
0.6867496243645689	2.8000000000000003
0.6480112220836192	2.9000000000000004
0.6187379455688483	3.0
0.5779382271829172	3.1
0.533261143942831	3.2
0.48372755030678344	3.3000000000000003
0.43694180459864024	3.4000000000000004
0.33064253640479235	3.5
0.0	3.6
0.0	3.7
0.0	3.8000000000000003
0.0	3.9000000000000004
0.0	4.0
0.0	4.1000000000000005
0.0	4.2
0.0	4.3
0.0	4.4
0.0	4.5
0.0	4.6000000000000005
0.0	4.7
0.0	4.800000000000001
0.0	4.9
0.0	5.0
0.0	5.1000000000000005
0.0	5.2
0.0	5.300000000000001
0.0	5.4
0.0	5.5
0.0	5.6000000000000005
