a = 17930.49656914347 м
b = 19143.198989076238 м
x0 = 12094.14867799183 м
vr = 2362.0246151582396 м/с
A0 = 1.424158520905835 м
Xmax = 22515.010733805666 м
sigmaX = 4655.372470069427 м
sigmaY = 4446.258961704958 м
M0 = 3.0703345333430354e+20 Н*м - интегральное значение сейсмического момента
Mr_max = 6.550879411768069e+19 Н*м/с - максимальное значение функции источника
1-ый столбец - отнормированная функция источника
2-ой столбец - время
0.0	0.0
6.291474385146874e-05	0.1
0.011988842913363398	0.2
0.023880179053268343	0.30000000000000004
0.03605149302149943	0.4
0.04856782995972316	0.5
0.06197739143974774	0.6000000000000001
0.07517932804981584	0.7000000000000001
0.08968920920507252	0.8
0.10436854758058255	0.9
0.11986997000038249	1.0
0.1366982725451353	1.1
0.15541507052618836	1.2000000000000002
0.17346594116088454	1.3
0.19411332928485395	1.4000000000000001
0.21394652878138817	1.5
0.23647398404929287	1.6
0.2632891427153008	1.7000000000000002
0.2840215652997064	1.8
0.312572730658695	1.9000000000000001
0.33945796760040997	2.0
0.3654847847318506	2.1
0.40039199998668923	2.2
0.4286201076891235	2.3000000000000003
0.45535779246907104	2.4000000000000004
0.48759551877863144	2.5
0.5210017835260851	2.6
0.5541195909751585	2.7
0.5868188615196454	2.8000000000000003
0.6157089070430533	2.9000000000000004
0.6494596060682283	3.0
0.6807447682815515	3.1
0.7164146526677665	3.2
0.7415775318961665	3.3000000000000003
0.7791735356493499	3.4000000000000004
0.8004925050888029	3.5
0.8330155622683656	3.6
0.8577606525419557	3.7
0.8836878220089183	3.8000000000000003
0.9056356914225179	3.9000000000000004
0.9272605121673528	4.0
0.9458997689452165	4.1000000000000005
0.9602592595110464	4.2
0.9688915925593192	4.3
0.9773711618937244	4.4
0.9983998810032265	4.5
0.9881337213470208	4.6000000000000005
1.0	4.7
0.9925943845243648	4.800000000000001
0.9875438680609402	4.9
0.9977577798991301	5.0
0.9747462443527745	5.1000000000000005
0.9672434363091006	5.2
0.9643282891688183	5.300000000000001
0.942800232735194	5.4
0.927395559295069	5.5
0.9085115883367638	5.6000000000000005
0.8760810426614205	5.7
0.86368321494216	5.800000000000001
0.8325394864193374	5.9
0.8066894447849602	6.0
0.7851825488210391	6.1000000000000005
0.7455466011598755	6.2
0.7209185978707805	6.300000000000001
0.6949010252033753	6.4
0.6574479961423095	6.5
0.6311845008645461	6.6000000000000005
0.5937126096686507	6.7
0.5600544743798433	6.800000000000001
0.5361905552616499	6.9
0.5056276541415167	7.0
0.4732745117948876	7.1000000000000005
0.443144509509021	7.2
0.4157246256715738	7.300000000000001
0.3857893676696856	7.4
0.35992464653211065	7.5
0.3347762586296485	7.6000000000000005
0.31032347526643256	7.7
0.2858683032375168	7.800000000000001
0.2620119403134736	7.9
0.24087284157528757	8.0
0.21999595060339203	8.1
0.2018327631074581	8.200000000000001
0.18404469785563923	8.3
0.16630950150771692	8.4
0.15165617510207322	8.5
0.13691384001882131	8.6
0.12297904134387512	8.700000000000001
0.11111906988308916	8.8
0.09894870106870117	8.9
0.08842297841982354	9.0
0.07845218385589221	9.1
0.07043110313115891	9.200000000000001
0.062426972672331466	9.3
0.05512840656109456	9.4
0.04858490405766041	9.5
0.04261174894855743	9.600000000000001
0.03718549546359437	9.700000000000001
0.0322143887923266	9.8
0.027455973252629894	9.9
0.022387987277748007	10.0
0.015182377614787888	10.100000000000001
0.0	10.200000000000001
0.0	10.3
0.0	10.4
0.0	10.5
0.0	10.600000000000001
0.0	10.700000000000001
0.0	10.8
0.0	10.9
0.0	11.0
0.0	11.100000000000001
0.0	11.200000000000001
0.0	11.3
0.0	11.4
0.0	11.5
0.0	11.600000000000001
0.0	11.700000000000001
0.0	11.8
0.0	11.9
0.0	12.0
