a = 17458.422580567938 м
b = 19452.48500426563 м
x0 = 2066.6569916624776 м
vr = 2332.1749462633734 м/с
A0 = 1.3227167323833273 м
Xmax = 21726.086691565488 м
sigmaX = 4189.722117898417 м
sigmaY = 4726.718397331581 м
M0 = 2.5927885484492666e+20 Н*м - интегральное значение сейсмического момента
Mr_max = 5.839204746569854e+19 Н*м/с - максимальное значение функции источника
1-ый столбец - отнормированная функция источника
2-ой столбец - время
0.0	0.0
1.3167845955412311e-08	0.1
2.4998761117490637e-06	0.2
5.191410763838192e-06	0.30000000000000004
8.427170909061588e-06	0.4
1.2340178221049616e-05	0.5
1.746132697673846e-05	0.6000000000000001
2.3756387316260415e-05	0.7000000000000001
3.211028448054131e-05	0.8
4.227726159977887e-05	0.9
5.635496674796318e-05	1.0
7.415605466228688e-05	1.1
9.703496299618829e-05	1.2000000000000002
0.0001257295324575087	1.3
0.0001624173094208846	1.4000000000000001
0.00020827301756171565	1.5
0.0002694480335914638	1.6
0.0003398340878420094	1.7000000000000002
0.00043258385837506233	1.8
0.0005374396222343193	1.9000000000000001
0.0006783543905206705	2.0
0.0008535403827255084	2.1
0.0010643446759178044	2.2
0.0013101990478105675	2.3000000000000003
0.0016195493614185488	2.4000000000000004
0.0019899933447711134	2.5
0.0024478717251478536	2.6
0.0029807621451614125	2.7
0.003654319442930356	2.8000000000000003
0.004333410294490462	2.9000000000000004
0.005276309396341505	3.0
0.0063489259892661	3.1
0.007640610429491428	3.2
0.009028028693775317	3.3000000000000003
0.010894368905807597	3.4000000000000004
0.012776350067811046	3.5
0.015019330191771041	3.6
0.01788726944402985	3.7
0.020941183610892526	3.8000000000000003
0.024463350713734375	3.9000000000000004
0.028730223746122028	4.0
0.03314028773673646	4.1000000000000005
0.038398471698305466	4.2
0.044413575334227955	4.3
0.05125382746730359	4.4
0.05836927695810323	4.5
0.06726006437404575	4.6000000000000005
0.07582945035088415	4.7
0.08719615325993092	4.800000000000001
0.09875415360862291	4.9
0.11126201832026472	5.0
0.12329578460671765	5.1000000000000005
0.13906690955640022	5.2
0.15605850011135128	5.300000000000001
0.1731017757670856	5.4
0.1936531025329636	5.5
0.21373220166847468	5.6000000000000005
0.2330805946280503	5.7
0.2596840827393192	5.800000000000001
0.2830525838260933	5.9
0.30922225277317605	6.0
0.33602853205542704	6.1000000000000005
0.3648960218039602	6.2
0.3930572328460557	6.300000000000001
0.423501970121617	6.4
0.45607918356149335	6.5
0.49016310961393567	6.6000000000000005
0.52352375537886	6.7
0.559273703876203	6.800000000000001
0.5907649111139063	6.9
0.6213870858132677	7.0
0.6556459847285752	7.1000000000000005
0.6949500332640027	7.2
0.7224074603582	7.300000000000001
0.7555140179579818	7.4
0.787676539340214	7.5
0.8120804060318605	7.6000000000000005
0.8500355475045401	7.7
0.8807942194182015	7.800000000000001
0.8910393610916271	7.9
0.9147735777648474	8.0
0.936111912241112	8.1
0.9547629462299415	8.200000000000001
0.9667564540315047	8.3
0.978950115613938	8.4
0.9823739355139476	8.5
0.9920793638119205	8.6
1.0	8.700000000000001
0.9941160176363486	8.8
0.9900930094545841	8.9
0.9820216536671327	9.0
0.9683771364774209	9.1
0.9581836262766721	9.200000000000001
0.9475008603690901	9.3
0.9283586667135011	9.4
0.9073545906026089	9.5
0.883512417287227	9.600000000000001
0.8564765249268287	9.700000000000001
0.8310321927858711	9.8
0.8041768678340153	9.9
0.7771464965740975	10.0
0.7395512695471823	10.100000000000001
0.7072136478786394	10.200000000000001
0.675086650438848	10.3
0.6392986245562023	10.4
0.6067704730658019	10.5
0.572409072412856	10.600000000000001
0.5388590132153606	10.700000000000001
0.5053414654982451	10.8
0.47328008281066003	10.9
0.4409041735968554	11.0
0.41078724688462737	11.100000000000001
0.3787356432037225	11.200000000000001
0.35000965129533507	11.3
0.32420921832405925	11.4
0.2955125440568399	11.5
0.2707965083827468	11.600000000000001
0.24839713745173975	11.700000000000001
0.2262848509740289	11.8
0.20362091286393907	11.9
0.18501139785702625	12.0
0.16708574993471653	12.100000000000001
0.14922579628164873	12.200000000000001
0.13399069869942284	12.3
0.11911716548950327	12.4
0.1058858421783902	12.5
0.09415262896270382	12.600000000000001
0.08308010640764363	12.700000000000001
0.07298955014579989	12.8
0.0639148728728736	12.9
0.05607762566524036	13.0
0.048900397314342876	13.100000000000001
0.04222306066281028	13.200000000000001
0.03658345263410377	13.3
0.03141431504166225	13.4
0.02668426581073079	13.5
0.022578063778088724	13.600000000000001
0.018888536166677072	13.700000000000001
0.01549338739836646	13.8
0.012346370860172227	13.9
0.009274905337799844	14.0
0.005936184739626332	14.100000000000001
0.0	14.200000000000001
0.0	14.3
0.0	14.4
0.0	14.5
0.0	14.600000000000001
0.0	14.700000000000001
0.0	14.8
0.0	14.9
0.0	15.0
0.0	15.100000000000001
0.0	15.200000000000001
0.0	15.3
0.0	15.4
0.0	15.5
0.0	15.600000000000001
0.0	15.700000000000001
0.0	15.8
0.0	15.9
0.0	16.0
0.0	16.1
0.0	16.2
0.0	16.3
0.0	16.400000000000002
0.0	16.5
0.0	16.6
0.0	16.7
