a = 14137.35706442581 м
b = 17701.206632467387 м
x0 = 5655.721269378337 м
vr = 1525.4023052269392 м/с
A0 = 1.9651215965696767 м
Xmax = 12299.099277948037 м
sigmaX = 4244.399004823603 м
sigmaY = 4569.72302192106 м
M0 = 4.1271417009527593e+20 Н*м - интегральное значение сейсмического момента
Mr_max = 6.552477763771243e+19 Н*м/с - максимальное значение функции источника
1-ый столбец - отнормированная функция источника
2-ой столбец - время
0.0	0.0
0.00020191055352517169	0.1
0.024832468174763624	0.2
0.04953340305800214	0.30000000000000004
0.07397702308938625	0.4
0.09861200372041727	0.5
0.12302740222630697	0.6000000000000001
0.14813886652058722	0.7000000000000001
0.17218625683330782	0.8
0.1966858450255345	0.9
0.22150258136980486	1.0
0.2479403079722142	1.1
0.27195656485906883	1.2000000000000002
0.2969358300676887	1.3
0.32014013641459294	1.4000000000000001
0.34735269294052606	1.5
0.37389375000338476	1.6
0.3978731520513321	1.7000000000000002
0.4257048416652573	1.8
0.44976796511014766	1.9000000000000001
0.4776366108986588	2.0
0.5002198988686317	2.1
0.52416749728683	2.2
0.5514527763010769	2.3000000000000003
0.5771521010968823	2.4000000000000004
0.6058609442231592	2.5
0.6295112180237696	2.6
0.656423696596743	2.7
0.6695703908390152	2.8000000000000003
0.7040975783503596	2.9000000000000004
0.7250248487489387	3.0
0.7459915829440169	3.1
0.7635592986417582	3.2
0.7944394008435843	3.3000000000000003
0.8109043846664672	3.4000000000000004
0.8353860764300843	3.5
0.8480349375937265	3.6
0.8674624773628254	3.7
0.8891597093313157	3.8000000000000003
0.9060284529213674	3.9000000000000004
0.9195126015715376	4.0
0.9237245345024659	4.1000000000000005
0.9322934939374116	4.2
0.9493320731513791	4.3
0.9747050545979847	4.4
0.9684847065389427	4.5
0.9715970136887168	4.6000000000000005
0.9839697428888261	4.7
0.9909146186535976	4.800000000000001
0.9915009798578237	4.9
0.9922041944241813	5.0
0.9904087532823856	5.1000000000000005
0.9996400751993341	5.2
0.9982822570209662	5.300000000000001
1.0	5.4
0.98101430580758	5.5
0.9730085198039035	5.6000000000000005
0.9625936293536191	5.7
0.9651314517261994	5.800000000000001
0.9473762855014745	5.9
0.9412228284322566	6.0
0.9286001091515996	6.1000000000000005
0.9135690389710486	6.2
0.9001084741003902	6.300000000000001
0.8784048048459426	6.4
0.867259291100785	6.5
0.8520920407357345	6.6000000000000005
0.8417897982824215	6.7
0.8168444260086831	6.800000000000001
0.7867154568369061	6.9
0.7680094432827317	7.0
0.7539168941431588	7.1000000000000005
0.7352483464301618	7.2
0.714611323020778	7.300000000000001
0.6897237213463469	7.4
0.6694688885819388	7.5
0.6477154120362295	7.6000000000000005
0.6209939290158557	7.7
0.5965281523296532	7.800000000000001
0.5782495752327736	7.9
0.5582276467880971	8.0
0.5375180064319454	8.1
0.5115952248270654	8.200000000000001
0.4858465347690008	8.3
0.46785723669672447	8.4
0.4460171145168959	8.5
0.42744599334550537	8.6
0.4031288737631373	8.700000000000001
0.38472715630332227	8.8
0.3668488158283776	8.9
0.3489471296457413	9.0
0.3281624857902278	9.1
0.3097766764708466	9.200000000000001
0.2933909440252476	9.3
0.2801590752246445	9.4
0.26325154324856437	9.5
0.24688650975847906	9.600000000000001
0.2298262093904131	9.700000000000001
0.2177787130105982	9.8
0.20418584133920592	9.9
0.19143174565443594	10.0
0.17797674187705373	10.100000000000001
0.16770889497310065	10.200000000000001
0.1546053229741538	10.3
0.1443923470429397	10.4
0.13383627189000222	10.5
0.12475418988166771	10.600000000000001
0.11628644504265899	10.700000000000001
0.10687491252736274	10.8
0.09997134830604776	10.9
0.09192023777263814	11.0
0.08396461483450038	11.100000000000001
0.07856724561816619	11.200000000000001
0.07135103349770772	11.3
0.06564738374843379	11.4
0.06068448675655574	11.5
0.05516116795950807	11.600000000000001
0.05034049036240167	11.700000000000001
0.04621175361456901	11.8
0.04192499416659712	11.9
0.03818449475713206	12.0
0.0349673957685224	12.100000000000001
0.031824252542718284	12.200000000000001
0.02879898122750061	12.3
0.026062819362494934	12.4
0.023504577734579278	12.5
0.021434054107781247	12.600000000000001
0.019295235171651506	12.700000000000001
0.017422857630974373	12.8
0.015604961487598488	12.9
0.014042679076357796	13.0
0.012575773992889908	13.100000000000001
0.011322591529869806	13.200000000000001
0.010063846763329201	13.3
0.009061649005707946	13.4
0.008063427683247847	13.5
0.00717446078416929	13.600000000000001
0.006373699676299393	13.700000000000001
0.0056543784060175935	13.8
0.0049913181667934885	13.9
0.0044187349501568175	14.0
0.003881462613908209	14.100000000000001
0.003410963275305797	14.200000000000001
0.002998067004448623	14.3
0.0026042834128637508	14.4
0.0022535002355259875	14.5
0.0019333233081818238	14.600000000000001
0.00162140434313182	14.700000000000001
0.0013073052796827504	14.8
0.0008153539721062916	14.9
0.0	15.0
0.0	15.100000000000001
0.0	15.200000000000001
0.0	15.3
0.0	15.4
0.0	15.5
0.0	15.600000000000001
0.0	15.700000000000001
0.0	15.8
0.0	15.9
0.0	16.0
0.0	16.1
0.0	16.2
0.0	16.3
0.0	16.400000000000002
0.0	16.5
0.0	16.6
0.0	16.7
0.0	16.8
0.0	16.900000000000002
0.0	17.0
0.0	17.1
0.0	17.2
0.0	17.3
0.0	17.400000000000002
0.0	17.5
0.0	17.6
0.0	17.7
0.0	17.8
0.0	17.900000000000002
0.0	18.0
0.0	18.1
0.0	18.2
0.0	18.3
0.0	18.400000000000002
0.0	18.5
0.0	18.6
0.0	18.7
0.0	18.8
0.0	18.900000000000002
0.0	19.0
0.0	19.1
0.0	19.200000000000003
0.0	19.3
0.0	19.400000000000002
0.0	19.5
0.0	19.6
0.0	19.700000000000003
0.0	19.8
0.0	19.900000000000002
0.0	20.0
0.0	20.1
0.0	20.200000000000003
0.0	20.3
0.0	20.400000000000002
0.0	20.5
