a = 10277.005633011784 м
b = 11859.044399429145 м
x0 = 3974.1040778098113 м
vr = 1876.3608628847176 м/с
A0 = 1.2496702732614118 м
Xmax = 7642.090126450904 м
sigmaX = 4416.291574147031 м
sigmaY = 4993.947515656857 м
M0 = 2.695947841028881e+20 Н*м - интегральное значение сейсмического момента
Mr_max = 5.911376253682862e+19 Н*м/с - максимальное значение функции источника
1-ый столбец - отнормированная функция источника
2-ой столбец - время
0.0	0.0
0.00042149624245422905	0.1
0.06365264345061121	0.2
0.12668362481792975	0.30000000000000004
0.18771321633261304	0.4
0.24698615630703177	0.5
0.30775117139395636	0.6000000000000001
0.3668776933986406	0.7000000000000001
0.42707274612009855	0.8
0.4805297685819176	0.9
0.534657628615217	1.0
0.5904451783253365	1.1
0.6373778479938751	1.2000000000000002
0.6805488572847262	1.3
0.7280717674510323	1.4000000000000001
0.7763223887054038	1.5
0.8106045092545681	1.6
0.8553875209876268	1.7000000000000002
0.8877193153902806	1.8
0.9134896722304565	1.9000000000000001
0.9460280997162644	2.0
0.975025714900167	2.1
1.0	2.2
0.9875894022856025	2.3000000000000003
0.9834256893787844	2.4000000000000004
0.9933539699891338	2.5
0.9889338912505267	2.6
0.9830162621801432	2.7
0.9856217928842016	2.8000000000000003
0.9893588064510095	2.9000000000000004
0.9801665698388236	3.0
0.9756445071535836	3.1
0.9643855720769706	3.2
0.9575307811101463	3.3000000000000003
0.9454894188406567	3.4000000000000004
0.9447133980098295	3.5
0.9315823959858665	3.6
0.9227682866533752	3.7
0.9045767767381335	3.8000000000000003
0.8882071861960424	3.9000000000000004
0.8697152592964386	4.0
0.8476188051707961	4.1000000000000005
0.8256310575092213	4.2
0.7969465816863206	4.3
0.7699432830677433	4.4
0.743831140754935	4.5
0.7267340329763967	4.6000000000000005
0.6963122307617036	4.7
0.6794929854851739	4.800000000000001
0.644812990546309	4.9
0.6238166431501875	5.0
0.5918303158605148	5.1000000000000005
0.5695430878998583	5.2
0.5416379843515411	5.300000000000001
0.5158552974325781	5.4
0.48686977662194814	5.5
0.4628412771152566	5.6000000000000005
0.4387050079951256	5.7
0.4127121119878559	5.800000000000001
0.38670494480112827	5.9
0.3649634177885591	6.0
0.3384847359729392	6.1000000000000005
0.3166784990107026	6.2
0.29598168798539815	6.300000000000001
0.2753345797250397	6.4
0.2528965850073441	6.5
0.23503661694390812	6.6000000000000005
0.21736663958757316	6.7
0.20165911195381683	6.800000000000001
0.18445344384311807	6.9
0.16914507674053395	7.0
0.1540384466042887	7.1000000000000005
0.13966759903160678	7.2
0.12669152209790457	7.300000000000001
0.11344534862924935	7.4
0.10323552694695273	7.5
0.09239554443983997	7.6000000000000005
0.08317821791245282	7.7
0.07330442117608814	7.800000000000001
0.0652014898317747	7.9
0.057395725628219915	8.0
0.05061512198274236	8.1
0.0434988691755769	8.200000000000001
0.03710563131665424	8.3
0.031705809177082295	8.4
0.026270945144164785	8.5
0.021311010003937512	8.6
0.016506857800188318	8.700000000000001
0.011567888247947222	8.8
0.00567160015977646	8.9
0.0	9.0
0.0	9.1
0.0	9.200000000000001
0.0	9.3
0.0	9.4
0.0	9.5
0.0	9.600000000000001
0.0	9.700000000000001
0.0	9.8
0.0	9.9
0.0	10.0
0.0	10.100000000000001
0.0	10.200000000000001
0.0	10.3
0.0	10.4
0.0	10.5
0.0	10.600000000000001
0.0	10.700000000000001
0.0	10.8
0.0	10.9
0.0	11.0
0.0	11.100000000000001
0.0	11.200000000000001
0.0	11.3
0.0	11.4
0.0	11.5
