a = 11949.194313281549 м
b = 8409.063700635175 м
x0 = 3719.520490540677 м
vr = 2222.3276936708953 м/с
A0 = 1.3702823232689616 м
Xmax = 14102.053328437954 м
sigmaX = 4911.49873199514 м
sigmaY = 4488.9415791938545 м
M0 = 2.7258551974283634e+20 Н*м - интегральное значение сейсмического момента
Mr_max = 5.589843221878734e+19 Н*м/с - максимальное значение функции источника
1-ый столбец - отнормированная функция источника
2-ой столбец - время
0.0	0.0
8.750632588071896e-05	0.1
0.015705677793196947	0.2
0.031154683192898245	0.30000000000000004
0.04695340777130038	0.4
0.06271097082868692	0.5
0.07919830899125833	0.6000000000000001
0.09483370316296334	0.7000000000000001
0.11427231766276275	0.8
0.13103859154502068	0.9
0.14942281697517368	1.0
0.16858521448263944	1.1
0.18714710930099118	1.2000000000000002
0.21065947570492866	1.3
0.2295707573776511	1.4000000000000001
0.25255697639886376	1.5
0.2770531183283366	1.6
0.30073527115854654	1.7000000000000002
0.3220409407023319	1.8
0.3476307039678697	1.9000000000000001
0.3682640246536872	2.0
0.3936364556278046	2.1
0.42120467720422805	2.2
0.44780154358234536	2.3000000000000003
0.4805889528812594	2.4000000000000004
0.5025953406291735	2.5
0.538423383927309	2.6
0.5662141799916727	2.7
0.5936932729006417	2.8000000000000003
0.6188611814626248	2.9000000000000004
0.6563558289831505	3.0
0.6879824315342166	3.1
0.7182274477033626	3.2
0.7421175279727439	3.3000000000000003
0.7693835366055537	3.4000000000000004
0.7890948675096532	3.5
0.8154814542365956	3.6
0.8527454483195539	3.7
0.8645707563281513	3.8000000000000003
0.8973632094529871	3.9000000000000004
0.9190125838032398	4.0
0.9233450219135784	4.1000000000000005
0.9367077939452556	4.2
0.9552239702440943	4.3
0.985584323781923	4.4
0.9793095999793286	4.5
0.9877396059716226	4.6000000000000005
0.9984244567422533	4.7
0.989301985750071	4.800000000000001
0.9854669270924903	4.9
1.0	5.0
0.9973899569722868	5.1000000000000005
0.9920799647983252	5.2
0.9690394856298086	5.300000000000001
0.9627209153116202	5.4
0.9575208303833838	5.5
0.9382932029267347	5.6000000000000005
0.9198794299682107	5.7
0.9033736996248136	5.800000000000001
0.8748466505187931	5.9
0.8617275697122088	6.0
0.8364617555189781	6.1000000000000005
0.8169182387440381	6.2
0.7836353379102512	6.300000000000001
0.7595247086758937	6.4
0.7282445379697357	6.5
0.7021929981295348	6.6000000000000005
0.6782955320017473	6.7
0.6418912331010806	6.800000000000001
0.6099186816649188	6.9
0.5816001028123853	7.0
0.5502699402196665	7.1000000000000005
0.516566665996971	7.2
0.49116200012980155	7.300000000000001
0.45810923314889374	7.4
0.43459926314696423	7.5
0.4044915364781613	7.6000000000000005
0.3734715562596182	7.7
0.34331088282647976	7.800000000000001
0.3183282175760934	7.9
0.2906883418100283	8.0
0.26517874939714886	8.1
0.24066301411969648	8.200000000000001
0.21648772124841012	8.3
0.19238869019276095	8.4
0.17106726076924358	8.5
0.14874172419524512	8.6
0.12735743299078017	8.700000000000001
0.10716123737557418	8.8
0.08657375019251826	8.9
0.06515896439348255	9.0
0.041019864328474404	9.1
0.0	9.200000000000001
0.0	9.3
0.0	9.4
0.0	9.5
0.0	9.600000000000001
0.0	9.700000000000001
0.0	9.8
0.0	9.9
0.0	10.0
