a = 15121.347071514216 м
b = 15097.301310049366 м
x0 = 3435.5604942773602 м
vr = 1878.158051568502 м/с
A0 = 0.8692594382655704 м
Xmax = 10958.235900243986 м
sigmaX = 4324.642362444948 м
sigmaY = 4589.9558462882105 м
M0 = 1.8596700978691824e+20 Н*м - интегральное значение сейсмического момента
Mr_max = 3.5163191436350874e+19 Н*м/с - максимальное значение функции источника
1-ый столбец - отнормированная функция источника
2-ой столбец - время
0.0	0.0
0.00015367725423909653	0.1
0.023063795572540537	0.2
0.04648151232558315	0.30000000000000004
0.06935243146597307	0.4
0.09229456069843638	0.5
0.11653343742593852	0.6000000000000001
0.14001880626798904	0.7000000000000001
0.1629701276091008	0.8
0.18858139782293704	0.9
0.21265887900670166	1.0
0.23775230080293364	1.1
0.2626494123909472	1.2000000000000002
0.2883590113395155	1.3
0.3164097860957896	1.4000000000000001
0.3430594483535592	1.5
0.37156746799680224	1.6
0.39767354509674147	1.7000000000000002
0.426333906486709	1.8
0.4522460124953025	1.9000000000000001
0.4762845083198777	2.0
0.5003692313496263	2.1
0.5326683352854755	2.2
0.559537745221032	2.3000000000000003
0.5847209845892299	2.4000000000000004
0.6107791242919776	2.5
0.6407285237453849	2.6
0.6703710635470931	2.7
0.6974873692530196	2.8000000000000003
0.7257824929633437	2.9000000000000004
0.7511925567257154	3.0
0.7804003071365726	3.1
0.8031565503402044	3.2
0.8194387488684353	3.3000000000000003
0.8466985547440931	3.4000000000000004
0.865590317078891	3.5
0.8931985225349036	3.6
0.9102242792535917	3.7
0.937170044182081	3.8000000000000003
0.9478500182434693	3.9000000000000004
0.9558737869126633	4.0
0.959141991481711	4.1000000000000005
0.9783725266909545	4.2
0.9735383424505089	4.3
0.9839600685481313	4.4
0.9913804097018112	4.5
0.9961504827921067	4.6000000000000005
0.997291889135684	4.7
1.0	4.800000000000001
0.9837989614618263	4.9
0.9836949641108786	5.0
0.9677953877597425	5.1000000000000005
0.9561473735609936	5.2
0.9464007283114964	5.300000000000001
0.93028288059274	5.4
0.9215320236621003	5.5
0.9080177926233322	5.6000000000000005
0.8796160288636378	5.7
0.857864562817868	5.800000000000001
0.8417424100937692	5.9
0.8165236125885377	6.0
0.8009089832311546	6.1000000000000005
0.7660738213863749	6.2
0.7475812065362853	6.300000000000001
0.7241143761299546	6.4
0.6889612451125694	6.5
0.6601538365008436	6.6000000000000005
0.6352248369976596	6.7
0.6096180764663871	6.800000000000001
0.5888983012538506	6.9
0.5567754278712308	7.0
0.5284236528613245	7.1000000000000005
0.5041755413710386	7.2
0.4791998497487743	7.300000000000001
0.45432893993998913	7.4
0.42438187837093666	7.5
0.4026425488604361	7.6000000000000005
0.37880485451257956	7.7
0.358175782839894	7.800000000000001
0.3345190199226269	7.9
0.31226919172704004	8.0
0.29222638295342274	8.1
0.26984441171129825	8.200000000000001
0.25179477187683613	8.3
0.23245689966513547	8.4
0.21504648328415601	8.5
0.19900453227620965	8.6
0.18399037677219834	8.700000000000001
0.17030804212191508	8.8
0.1557023560731342	8.9
0.1416023453574469	9.0
0.13079526678702755	9.1
0.11915146823462273	9.200000000000001
0.10856155455629936	9.3
0.09900366231317877	9.4
0.08975035895547044	9.5
0.08117954937549968	9.600000000000001
0.0741272410232019	9.700000000000001
0.06647335963629535	9.8
0.05940623771995721	9.9
0.053433534478117294	10.0
0.04797920757036754	10.100000000000001
0.0434570904688038	10.200000000000001
0.038286246967477004	10.3
0.03401299884991455	10.4
0.03030516974970309	10.5
0.027120090514687303	10.600000000000001
0.023851945878997555	10.700000000000001
0.020918990200089888	10.8
0.018713422085654144	10.9
0.016341269194417068	11.0
0.014542657815683981	11.100000000000001
0.012541817831877041	11.200000000000001
0.011060989641262906	11.3
0.00964546570245207	11.4
0.008417742207620853	11.5
0.007298718070738553	11.600000000000001
0.006325071178840255	11.700000000000001
0.005449475408277287	11.8
0.004692539677425095	11.9
0.004055205975739934	12.0
0.0034989299011713103	12.100000000000001
0.0029780871154042833	12.200000000000001
0.0025361185325055166	12.3
0.002151957055948676	12.4
0.0018359430726153467	12.5
0.0015551183164204652	12.600000000000001
0.0013168534920732994	12.700000000000001
0.0010975435344808306	12.8
0.0009248463444814723	12.9
0.0007670285930709427	13.0
0.000637150052341369	13.100000000000001
0.0005296573664413441	13.200000000000001
0.00043503390262792453	13.3
0.00035553342260728586	13.4
0.0002890788881194223	13.5
0.0002316229228797831	13.600000000000001
0.00018511710609227743	13.700000000000001
0.00014630437600534466	13.8
0.00011345144103078781	13.9
8.58203530546897e-05	14.0
6.22631120657927e-05	14.100000000000001
4.225578319649175e-05	14.200000000000001
2.34708773698435e-05	14.3
0.0	14.4
0.0	14.5
0.0	14.600000000000001
0.0	14.700000000000001
0.0	14.8
0.0	14.9
0.0	15.0
0.0	15.100000000000001
0.0	15.200000000000001
