a = 12406.84958668409 м
b = 12375.006657872376 м
x0 = 6909.887754494496 м
vr = 1741.4312507639681 м/с
A0 = 1.7897449720106673 м
Xmax = 11512.067338371275 м
sigmaX = 4946.289350354011 м
sigmaY = 4302.000509084071 м
M0 = 3.996247344633178e+20 Н*м - интегральное значение сейсмического момента
Mr_max = 7.833062598815054e+19 Н*м/с - максимальное значение функции источника
1-ый столбец - отнормированная функция источника
2-ой столбец - время
0.0	0.0
0.0003871521365107204	0.1
0.053826321286450075	0.2
0.10707204516303272	0.30000000000000004
0.16166539854057757	0.4
0.21137917230377637	0.5
0.2648284571979144	0.6000000000000001
0.31660081160018644	0.7000000000000001
0.36143750831552796	0.8
0.40431116204194595	0.9
0.4552219826882288	1.0
0.5079430994227453	1.1
0.5467545750091046	1.2000000000000002
0.5864349002854562	1.3
0.6287707776419308	1.4000000000000001
0.6682718486443767	1.5
0.7028847306856457	1.6
0.7247880547315343	1.7000000000000002
0.7750341036943521	1.8
0.8085482632559804	1.9000000000000001
0.8366580993917868	2.0
0.858906507578593	2.1
0.8832458347197429	2.2
0.9038755761772544	2.3000000000000003
0.9212773938159078	2.4000000000000004
0.9297224003998664	2.5
0.9559564191655614	2.6
0.9759226532784328	2.7
0.9826443342340492	2.8000000000000003
0.9909897456790847	2.9000000000000004
0.9897523386881518	3.0
1.0	3.1
0.9937471985276796	3.2
0.9883971600859743	3.3000000000000003
0.9988020245537187	3.4000000000000004
0.9970323639957114	3.5
0.9993187513370514	3.6
0.990647924318222	3.7
0.9761238992851463	3.8000000000000003
0.9658604022521214	3.9000000000000004
0.9481407620253269	4.0
0.9238685903360718	4.1000000000000005
0.9021332975854363	4.2
0.8837511747317098	4.3
0.8623843557293069	4.4
0.8425923529826566	4.5
0.8252937501085157	4.6000000000000005
0.8025763874212896	4.7
0.7718692317397501	4.800000000000001
0.7505792938955692	4.9
0.7388953673849167	5.0
0.7145913049609867	5.1000000000000005
0.6890175132356914	5.2
0.6726825895857098	5.300000000000001
0.6483744999226405	5.4
0.6300088968403779	5.5
0.6022136688867313	5.6000000000000005
0.5799308191096939	5.7
0.5618896955349274	5.800000000000001
0.5379989506316963	5.9
0.5180481111381195	6.0
0.4993588226059559	6.1000000000000005
0.4776298888523147	6.2
0.45622746378666756	6.300000000000001
0.4349009176186272	6.4
0.4166599267547823	6.5
0.3934619007897775	6.6000000000000005
0.37952717803518127	6.7
0.35646693559682036	6.800000000000001
0.3378788110229187	6.9
0.3245758046840858	7.0
0.3069229560632408	7.1000000000000005
0.28828060890658513	7.2
0.2716931984546325	7.300000000000001
0.25809268702869176	7.4
0.24244380437620516	7.5
0.22728334568687783	7.6000000000000005
0.2140627195947738	7.7
0.20062533463884769	7.800000000000001
0.18683219349832225	7.9
0.17548559071599273	8.0
0.16443188588764354	8.1
0.15261132927064278	8.200000000000001
0.1411177285057976	8.3
0.13109605858670886	8.4
0.12267597437663985	8.5
0.11337219693067062	8.6
0.10455637727085454	8.700000000000001
0.09577186072262044	8.8
0.08871863465490484	8.9
0.08161852406609045	9.0
0.0749027803543031	9.1
0.06795022190841589	9.200000000000001
0.06150243489564702	9.3
0.055882700532104264	9.4
0.05072760799598326	9.5
0.04556184402087004	9.600000000000001
0.040646876480663466	9.700000000000001
0.03596460489813626	9.8
0.03134197467085483	9.9
0.026660208317126968	10.0
0.022068854856987577	10.100000000000001
0.01710217019278368	10.200000000000001
0.011111870296758782	10.3
0.0	10.4
0.0	10.5
0.0	10.600000000000001
0.0	10.700000000000001
0.0	10.8
0.0	10.9
0.0	11.0
0.0	11.100000000000001
0.0	11.200000000000001
