a = 7848.423596564274 м
b = 5012.599147308356 м
x0 = 4075.840720679181 м
vr = 1936.212510907879 м/с
A0 = 1.5621640055827788 м
Xmax = 7517.201596782217 м
sigmaX = 4498.122875339628 м
sigmaY = 4105.441563020749 м
M0 = 1.9929271672584687e+20 Н*м - интегральное значение сейсмического момента
Mr_max = 7.119610796636618e+19 Н*м/с - максимальное значение функции источника
1-ый столбец - отнормированная функция источника
2-ой столбец - время
0.0	0.0
0.0004759044669160571	0.1
0.0736959522254302	0.2
0.14662451708256427	0.30000000000000004
0.21790752362034083	0.4
0.28530886333002053	0.5
0.3547058233303425	0.6000000000000001
0.42277403691575516	0.7000000000000001
0.4842713904643473	0.8
0.5472974169340137	0.9
0.592322483814074	1.0
0.6616118553225402	1.1
0.7062504394705269	1.2000000000000002
0.7511922551608383	1.3
0.7977489196104876	1.4000000000000001
0.8357706358516586	1.5
0.8724212594163717	1.6
0.9103970608092328	1.7000000000000002
0.9293820655199989	1.8
0.9679414458424316	1.9000000000000001
0.9912360812983777	2.0
1.0	2.1
0.8075091571793597	2.2
0.7518375994870548	2.3000000000000003
0.7414026967005436	2.4000000000000004
0.7289706449597483	2.5
0.7006632536856869	2.6
0.6869579442869781	2.7
0.6787475727508793	2.8000000000000003
0.6497601908694962	2.9000000000000004
0.6344452446212843	3.0
0.6069465084639118	3.1
0.5853370795631478	3.2
0.5739914378070616	3.3000000000000003
0.5460450357550172	3.4000000000000004
0.5143189133706363	3.5
0.5022995330613365	3.6
0.4796644878824393	3.7
0.4511054669967659	3.8000000000000003
0.42763870459125847	3.9000000000000004
0.40637839487684185	4.0
0.3835954022087566	4.1000000000000005
0.3629551716927628	4.2
0.34154523898592715	4.3
0.3210673481384856	4.4
0.2956222725440132	4.5
0.2845077658216879	4.6000000000000005
0.257585802878631	4.7
0.23886121522232243	4.800000000000001
0.21721791599050516	4.9
0.1968147427239344	5.0
0.18012543352756336	5.1000000000000005
0.16206680342722238	5.2
0.14531468236163722	5.300000000000001
0.1282730649523992	5.4
0.11320585023072996	5.5
0.09846096339058394	5.6000000000000005
0.08221628165977617	5.7
0.06698891569601688	5.800000000000001
0.05199920874572623	5.9
0.03468792991323537	6.0
0.005612436540945067	6.1000000000000005
0.0	6.2
0.0	6.300000000000001
0.0	6.4
0.0	6.5
0.0	6.6000000000000005
0.0	6.7
0.0	6.800000000000001
0.0	6.9
0.0	7.0
