a = 14064.54008390795 м
b = 13315.417864913903 м
x0 = 2961.515665692594 м
vr = 1619.1986981364744 м/с
A0 = 1.2640615200456289 м
Xmax = 16820.178073602467 м
sigmaX = 4550.44879509393 м
sigmaY = 4625.016202954748 м
M0 = 2.6393098990939177e+20 Н*м - интегральное значение сейсмического момента
Mr_max = 3.928583997052091e+19 Н*м/с - максимальное значение функции источника
1-ый столбец - отнормированная функция источника
2-ой столбец - время
0.0	0.0
7.582312169086468e-06	0.1
0.0009881479710600427	0.2
0.0019843865706292633	0.30000000000000004
0.0030045079191005366	0.4
0.004080003957533178	0.5
0.005170899021252824	0.6000000000000001
0.006374019122933958	0.7000000000000001
0.007593580193167724	0.8
0.00893550083595418	0.9
0.010329596966608616	1.0
0.011925765554735748	1.1
0.01348788115175514	1.2000000000000002
0.015527517157092989	1.3
0.01742949607031165	1.4000000000000001
0.01977452549889327	1.5
0.022215228928388574	1.6
0.024776541373459755	1.7000000000000002
0.02779497575993768	1.8
0.03106841533796945	1.9000000000000001
0.03399153718335744	2.0
0.03759895756396515	2.1
0.04109560299295758	2.2
0.046149489253241166	2.3000000000000003
0.05068365426634907	2.4000000000000004
0.055605308327037035	2.5
0.060906291797611686	2.6
0.0669946980956507	2.7
0.072708898552576	2.8000000000000003
0.07951292012140844	2.9000000000000004
0.08649500898569519	3.0
0.0933582081712491	3.1
0.10234288445957332	3.2
0.11100306933045473	3.3000000000000003
0.12023225173587562	3.4000000000000004
0.12953645432893798	3.5
0.13939634099201054	3.6
0.1500852498385122	3.7
0.16131199623781375	3.8000000000000003
0.17361921328429075	3.9000000000000004
0.18851767747431267	4.0
0.19814688141849693	4.1000000000000005
0.21357055346243817	4.2
0.2261266568935956	4.3
0.24452393172935644	4.4
0.2585317347600393	4.5
0.273648684485878	4.6000000000000005
0.28898051589059165	4.7
0.3085830753573407	4.800000000000001
0.32802770739205966	4.9
0.3456809588058792	5.0
0.3607145358581335	5.1000000000000005
0.3834129253622917	5.2
0.40229164327332145	5.300000000000001
0.4210374122627177	5.4
0.4450036296878535	5.5
0.46733990222990757	5.6000000000000005
0.4865098953270218	5.7
0.5073527058880993	5.800000000000001
0.5322867328627635	5.9
0.5473125870802871	6.0
0.5748397372927443	6.1000000000000005
0.596381669531386	6.2
0.6188913321458283	6.300000000000001
0.6411867197807594	6.4
0.6612563296844518	6.5
0.6815393166042187	6.6000000000000005
0.7022232724859592	6.7
0.720618494679447	6.800000000000001
0.7530754001135884	6.9
0.7646904954766429	7.0
0.7930042395168464	7.1000000000000005
0.8050810519762265	7.2
0.8244509260690822	7.300000000000001
0.8421538606341586	7.4
0.8589167658801456	7.5
0.8779666339448751	7.6000000000000005
0.8929027277004888	7.7
0.9071052582898093	7.800000000000001
0.9243525998065264	7.9
0.9322167868679117	8.0
0.9472385533798255	8.1
0.9628503222476109	8.200000000000001
0.9630614248440207	8.3
0.9683533106101536	8.4
0.9711771211322936	8.5
0.9925690810759237	8.6
0.9816535425456476	8.700000000000001
1.0	8.8
0.9934463770600578	8.9
0.9933062847274765	9.0
0.9862817272379033	9.1
0.9918967132940304	9.200000000000001
0.9867412811574517	9.3
0.9856716478855116	9.4
0.9701831406433528	9.5
0.9685130617286385	9.600000000000001
0.9598057009848462	9.700000000000001
0.9459432047455909	9.8
0.9403751712534552	9.9
0.9241392163149176	10.0
0.9153489399483192	10.100000000000001
0.8888417018781543	10.200000000000001
0.8884179467496077	10.3
0.8602337426674567	10.4
0.8579335851869381	10.5
0.8323948501217754	10.600000000000001
0.8132916266773881	10.700000000000001
0.7942091515521509	10.8
0.7773664042045704	10.9
0.7581091496159854	11.0
0.7359299376318863	11.100000000000001
0.708548470206401	11.200000000000001
0.7020418611943134	11.3
0.6714359622372913	11.4
0.6536446369293626	11.5
0.6335223929514229	11.600000000000001
0.6129482618524903	11.700000000000001
0.5852668053539842	11.8
0.5617316955578581	11.9
0.5418358066943384	12.0
0.518716658348725	12.100000000000001
0.4997963517701799	12.200000000000001
0.47192147150593544	12.3
0.4583440909188812	12.4
0.43622246678952864	12.5
0.4139774538318265	12.600000000000001
0.3940977387597701	12.700000000000001
0.3749862292820536	12.8
0.35567324632385605	12.9
0.33914635126329157	13.0
0.31873854756403025	13.100000000000001
0.3026973965414206	13.200000000000001
0.2846162722695083	13.3
0.2668749801750364	13.4
0.25070247575966564	13.5
0.23627408318075996	13.600000000000001
0.22052186581708022	13.700000000000001
0.20658601729457046	13.8
0.19169496765383207	13.9
0.17826649902230607	14.0
0.1653263126737833	14.100000000000001
0.15275744732684293	14.200000000000001
0.141412894977925	14.3
0.1298576576937006	14.4
0.11915091186027625	14.5
0.1085265950171468	14.600000000000001
0.09854382491971893	14.700000000000001
0.08889407873079234	14.8
0.07975758770357479	14.9
0.07090006758541023	15.0
0.06167478388960394	15.100000000000001
0.05307071557413287	15.200000000000001
0.04460786998822137	15.3
0.03581708094387826	15.4
0.02627864677807074	15.5
0.013976837408805249	15.600000000000001
0.0	15.700000000000001
0.0	15.8
0.0	15.9
0.0	16.0
0.0	16.1
0.0	16.2
0.0	16.3
0.0	16.400000000000002
0.0	16.5
