a = 10798.562005898864 м
b = 13306.99244650768 м
x0 = 8943.454414616459 м
vr = 2293.4175517171266 м/с
A0 = 1.9948008732480909 м
Xmax = 8355.246310430712 м
sigmaX = 4309.847353071659 м
sigmaY = 4597.900540748032 м
M0 = 4.039795797886278e+20 Н*м - интегральное значение сейсмического момента
Mr_max = 1.3575034000584448e+20 Н*м/с - максимальное значение функции источника
1-ый столбец - отнормированная функция источника
2-ой столбец - время
0.0	0.0
0.0005008030584378289	0.1
0.09101440295865093	0.2
0.1823122741678928	0.30000000000000004
0.2667357128350631	0.4
0.35597880735463094	0.5
0.4365656789153126	0.6000000000000001
0.5104283934874931	0.7000000000000001
0.5834407682327029	0.8
0.6568799333790003	0.9
0.7153675515118092	1.0
0.767576979156122	1.1
0.819942640122632	1.2000000000000002
0.862094183498382	1.3
0.9005956795137285	1.4000000000000001
0.945292117990719	1.5
0.9539341724914125	1.6
0.9768488970377549	1.7000000000000002
0.9845019885384005	1.8
1.0	1.9000000000000001
0.9892281498298632	2.0
0.9869124267657007	2.1
0.9746196316112804	2.2
0.9672766586992557	2.3000000000000003
0.9465213231836351	2.4000000000000004
0.9151656434289808	2.5
0.8918435052917701	2.6
0.8671761539395647	2.7
0.8352373153712265	2.8000000000000003
0.7971191595938322	2.9000000000000004
0.7617786162814182	3.0
0.7300810428655624	3.1
0.6896514306866014	3.2
0.6536892565620482	3.3000000000000003
0.6098826157485887	3.4000000000000004
0.5776121384076696	3.5
0.5398354419112352	3.6
0.5044872357340552	3.7
0.46705035547517487	3.8000000000000003
0.43408765911036645	3.9000000000000004
0.39003649082574776	4.0
0.32444771251087395	4.1000000000000005
0.2773852362862961	4.2
0.24132669309555205	4.3
0.2123417695841791	4.4
0.18363094305243405	4.5
0.16029716502174782	4.6000000000000005
0.13896639213770356	4.7
0.11993041938795003	4.800000000000001
0.10323508741182771	4.9
0.08879425368318561	5.0
0.07620848227764969	5.1000000000000005
0.0652373307175917	5.2
0.05527363630410133	5.300000000000001
0.0465074558954454	5.4
0.03888984459329441	5.5
0.03228789364290689	5.6000000000000005
0.022556511549763906	5.7
0.016020762972771354	5.800000000000001
0.010648918871505953	5.9
0.005720786912148564	6.0
0.0	6.1000000000000005
0.0	6.2
0.0	6.300000000000001
0.0	6.4
0.0	6.5
0.0	6.6000000000000005
0.0	6.7
0.0	6.800000000000001
0.0	6.9
0.0	7.0
0.0	7.1000000000000005
0.0	7.2
0.0	7.300000000000001
0.0	7.4
0.0	7.5
0.0	7.6000000000000005
0.0	7.7
0.0	7.800000000000001
0.0	7.9
0.0	8.0
0.0	8.1
0.0	8.200000000000001
0.0	8.3
0.0	8.4
0.0	8.5
0.0	8.6
0.0	8.700000000000001
