a = 14487.893349698223 м
b = 13450.785325551447 м
x0 = 13883.104223883069 м
vr = 1805.2141405742952 м/с
A0 = 1.6093074910930005 м
Xmax = 15488.647870122375 м
sigmaX = 4389.69046257325 м
sigmaY = 4381.598630349951 м
M0 = 3.3452818867281946e+20 Н*м - интегральное значение сейсмического момента
Mr_max = 8.284589030292555e+19 Н*м/с - максимальное значение функции источника
1-ый столбец - отнормированная функция источника
2-ой столбец - время
0.0	0.0
0.0004920481892658098	0.1
0.07178944073099273	0.2
0.14175137258370687	0.30000000000000004
0.2105756840514434	0.4
0.27993382031991937	0.5
0.3439901967271359	0.6000000000000001
0.40856520136524255	0.7000000000000001
0.4688133511824145	0.8
0.5292769903771132	0.9
0.58466692155891	1.0
0.6324405675997075	1.1
0.6857395390961809	1.2000000000000002
0.7316364095220457	1.3
0.7806646427767934	1.4000000000000001
0.8172136668659393	1.5
0.8551779125848248	1.6
0.8867158179926099	1.7000000000000002
0.9050509326729897	1.8
0.9397275261286571	1.9000000000000001
0.9565238681586132	2.0
0.9738554876063765	2.1
0.9951448164738951	2.2
0.9999232274011419	2.3000000000000003
0.9966959563620457	2.4000000000000004
1.0	2.5
0.9976814986199704	2.6
0.9945989101366662	2.7
0.9900127130958419	2.8000000000000003
0.9848153379556034	2.9000000000000004
0.9653809372150439	3.0
0.9545859475828207	3.1
0.9368307085280193	3.2
0.9141058599081184	3.3000000000000003
0.8965046136417102	3.4000000000000004
0.867857496831966	3.5
0.8460186894705647	3.6
0.8218056266357633	3.7
0.792431694609094	3.8000000000000003
0.7627961751989781	3.9000000000000004
0.7309199409286868	4.0
0.7026878468409533	4.1000000000000005
0.6758149181287839	4.2
0.6421696838126107	4.3
0.6149739165432151	4.4
0.5836190134737521	4.5
0.5540368355376294	4.6000000000000005
0.5253253445946742	4.7
0.49761372736640336	4.800000000000001
0.47063408896224473	4.9
0.44348989776253017	5.0
0.41730885140784313	5.1000000000000005
0.3936077169064788	5.2
0.3684592861725647	5.300000000000001
0.34193379151270453	5.4
0.3184307828574928	5.5
0.29746586660938784	5.6000000000000005
0.275972417949882	5.7
0.2554940793602577	5.800000000000001
0.23555430623482623	5.9
0.21834660992675767	6.0
0.1992237669510039	6.1000000000000005
0.18479516046727518	6.2
0.1698743032756228	6.300000000000001
0.15582884869513633	6.4
0.14215364681219544	6.5
0.1299762035572477	6.6000000000000005
0.11906346365422552	6.7
0.10817530119474532	6.800000000000001
0.09817966384658229	6.9
0.08875033367386735	7.0
0.08014253917651606	7.1000000000000005
0.07236793888139245	7.2
0.0655415877958851	7.300000000000001
0.05889923767858015	7.4
0.052552820138303966	7.5
0.0396130110981232	7.6000000000000005
0.031847003848921696	7.7
0.025011204000289763	7.800000000000001
0.020662353501813942	7.9
0.016630611693370295	8.0
0.01328068709236475	8.1
0.010179905929952703	8.200000000000001
0.0071431259611810065	8.3
0.0040323032545312755	8.4
0.0	8.5
0.0	8.6
0.0	8.700000000000001
0.0	8.8
0.0	8.9
0.0	9.0
0.0	9.1
0.0	9.200000000000001
0.0	9.3
