a = 6215.328757834606 м
b = 5150.635532489767 м
x0 = 1009.5823152717016 м
vr = 2247.2062050925256 м/с
A0 = 0.8655975351305312 м
Xmax = 5753.870021536837 м
sigmaX = 4402.0929203492715 м
sigmaY = 4747.8543546576075 м
M0 = 1.0078261705135102e+20 Н*м - интегральное значение сейсмического момента
Mr_max = 3.1076640238273683e+19 Н*м/с - максимальное значение функции источника
1-ый столбец - отнормированная функция источника
2-ой столбец - время
0.0	0.0
0.0005253412002303015	0.1
0.09352749819230265	0.2
0.1851466914531515	0.30000000000000004
0.28073168937550247	0.4
0.3687746851583652	0.5
0.40210348597591267	0.6000000000000001
0.4298407559242126	0.7000000000000001
0.4754053865326874	0.8
0.519645282683805	0.9
0.5587666807086816	1.0
0.6083956264223166	1.1
0.6533217295756425	1.2000000000000002
0.7041591863090941	1.3
0.7534503614853729	1.4000000000000001
0.7948045344274303	1.5
0.8321363970280077	1.6
0.864230398788478	1.7000000000000002
0.8931000613841212	1.8
0.9262712132050015	1.9000000000000001
0.9495313788963163	2.0
0.9527721165621013	2.1
0.9796398077127919	2.2
0.9890673095940109	2.3000000000000003
0.9909000647586252	2.4000000000000004
1.0	2.5
0.995517977178537	2.6
0.9803331966015533	2.7
0.9633412641986329	2.8000000000000003
0.9551766249535155	2.9000000000000004
0.9378779247454677	3.0
0.9387181417624617	3.1
0.8906904751302899	3.2
0.8665495344547854	3.3000000000000003
0.8250265069972677	3.4000000000000004
0.7941545337545522	3.5
0.7568338347076254	3.6
0.7259968240419452	3.7
0.6648454859708268	3.8000000000000003
0.6365451485332546	3.9000000000000004
0.5954397771783971	4.0
0.5613304414831604	4.1000000000000005
0.5159021540574569	4.2
0.4744970488415415	4.3
0.4242757533943972	4.4
0.38085950359990817	4.5
0.33748048523638113	4.6000000000000005
0.2929094522354454	4.7
0.24949937408856537	4.800000000000001
0.2038076058445919	4.9
0.15622807858486068	5.0
0.10026036682063676	5.1000000000000005
0.0	5.2
0.0	5.300000000000001
0.0	5.4
0.0	5.5
0.0	5.6000000000000005
0.0	5.7
0.0	5.800000000000001
0.0	5.9
0.0	6.0
