a = 14214.825755027887 м
b = 9024.143914611408 м
x0 = 9998.013180419499 м
vr = 1781.0288509429433 м/с
A0 = 1.1203444125124922 м
Xmax = 16585.545130057955 м
sigmaX = 4800.293052328086 м
sigmaY = 4081.2462503464462 м
M0 = 2.213751333627164e+20 Н*м - интегральное значение сейсмического момента
Mr_max = 4.061682213403857e+19 Н*м/с - максимальное значение функции источника
1-ый столбец - отнормированная функция источника
2-ой столбец - время
0.0	0.0
0.0002875478005569375	0.1
0.041417121948640764	0.2
0.08137258172254057	0.30000000000000004
0.12148698428882071	0.4
0.16305905762952974	0.5
0.2015787562352884	0.6000000000000001
0.24205918176613697	0.7000000000000001
0.2790408802233603	0.8
0.3171928033632988	0.9
0.3537577265486868	1.0
0.3933310269474411	1.1
0.43238092649836307	1.2000000000000002
0.4633937825090035	1.3
0.5050072780416812	1.4000000000000001
0.5393232009995581	1.5
0.5687731990656357	1.6
0.5993092307732278	1.7000000000000002
0.6300479606305345	1.8
0.659647323983775	1.9000000000000001
0.6903084982077392	2.0
0.7216059042142068	2.1
0.7511698108684388	2.2
0.7812585732072853	2.3000000000000003
0.7982008239621504	2.4000000000000004
0.8295711918909356	2.5
0.8482935859767093	2.6
0.8607344450408289	2.7
0.889049411195833	2.8000000000000003
0.8980411132866251	2.9000000000000004
0.9200127569294702	3.0
0.941726867884884	3.1
0.9499277467305022	3.2
0.9571316016305075	3.3000000000000003
0.9652198512124763	3.4000000000000004
0.9820961074083188	3.5
0.9867104651927197	3.6
0.9897861671582647	3.7
0.9905477302784387	3.8000000000000003
0.9955288027923547	3.9000000000000004
0.9927878993000325	4.0
0.9921197214197003	4.1000000000000005
0.9940825504200715	4.2
1.0	4.3
0.9912088515627416	4.4
0.9742442973846146	4.5
0.9768803325247418	4.6000000000000005
0.952702708920066	4.7
0.9430527310880737	4.800000000000001
0.9185532457970113	4.9
0.8939904602815616	5.0
0.8822541508068084	5.1000000000000005
0.8718298643439253	5.2
0.8330235588365001	5.300000000000001
0.8283104554986834	5.4
0.8035911632681286	5.5
0.7754633283324395	5.6000000000000005
0.7638096916298425	5.7
0.7286629713463245	5.800000000000001
0.7117741575052252	5.9
0.6961758782293073	6.0
0.6678788554591912	6.1000000000000005
0.6493435665553308	6.2
0.6243639654082003	6.300000000000001
0.5991119590513496	6.4
0.5745561871262795	6.5
0.5522255189977063	6.6000000000000005
0.5281038924138415	6.7
0.5053970326786654	6.800000000000001
0.48122804362651356	6.9
0.4611659453272296	7.0
0.4406509448975783	7.1000000000000005
0.41796800818925406	7.2
0.39436065034880385	7.300000000000001
0.37558121138171774	7.4
0.3556415597139526	7.5
0.33232258083094435	7.6000000000000005
0.31412165703346273	7.7
0.2949852066370809	7.800000000000001
0.2771397221210336	7.9
0.26068862846810187	8.0
0.2431332781068371	8.1
0.2249754631459678	8.200000000000001
0.213128172652889	8.3
0.19337508620728222	8.4
0.180560968947851	8.5
0.1674580510849248	8.6
0.15395221132204578	8.700000000000001
0.141585031491456	8.8
0.13047567713217148	8.9
0.11884771421961822	9.0
0.10784209995475365	9.1
0.09774312404691983	9.200000000000001
0.0885240665329915	9.3
0.07944056593475468	9.4
0.07093724353319264	9.5
0.06306075605465965	9.600000000000001
0.05541914581605331	9.700000000000001
0.04822237752176494	9.8
0.04165787099734263	9.9
0.03501023552967747	10.0
0.028919967949423225	10.100000000000001
0.022855993584660613	10.200000000000001
0.01653548237705129	10.3
0.008910343554538696	10.4
0.0	10.5
0.0	10.600000000000001
0.0	10.700000000000001
0.0	10.8
0.0	10.9
0.0	11.0
0.0	11.100000000000001
0.0	11.200000000000001
0.0	11.3
