a = 5381.628155998587 м
b = 5997.592626402947 м
x0 = 2319.415398035322 м
vr = 2042.3129471401467 м/с
A0 = 0.8903868440631453 м
Xmax = 6599.06309222181 м
sigmaX = 4478.451308975257 м
sigmaY = 4640.763340750806 м
M0 = 1.00867827326777e+20 Н*м - интегральное значение сейсмического момента
Mr_max = 3.3261722717379887e+19 Н*м/с - максимальное значение функции источника
1-ый столбец - отнормированная функция источника
2-ой столбец - время
0.0	0.0
0.0005195237464222607	0.1
0.08469961322781384	0.2
0.16852922530605735	0.30000000000000004
0.24684924265646455	0.4
0.33230634620551125	0.5
0.4107350754269507	0.6000000000000001
0.48546036253113056	0.7000000000000001
0.5537770391046798	0.8
0.6250420758647124	0.9
0.6934361705305386	1.0
0.7576296890787997	1.1
0.8215462706450852	1.2000000000000002
0.8142857965642997	1.3
0.8212614633188995	1.4000000000000001
0.8505437652388773	1.5
0.8650492958188686	1.6
0.8817316888619866	1.7000000000000002
0.9147322299630675	1.8
0.9446692889871787	1.9000000000000001
0.9393686563266245	2.0
0.9570795669888303	2.1
0.9769711439530105	2.2
0.9899054330822206	2.3000000000000003
1.0	2.4000000000000004
0.9897654269584371	2.5
0.989328423900407	2.6
0.9966688644566252	2.7
0.9897124000808015	2.8000000000000003
0.9697771920640813	2.9000000000000004
0.9507133858320271	3.0
0.9380749499962681	3.1
0.9128698111617913	3.2
0.8761866929234817	3.3000000000000003
0.8453693747371829	3.4000000000000004
0.8116292186563768	3.5
0.7690333224354409	3.6
0.7209590548044117	3.7
0.6722312338968707	3.8000000000000003
0.5998810884253427	3.9000000000000004
0.5222506637660369	4.0
0.40981012593180205	4.1000000000000005
0.22510683020644925	4.2
0.0	4.3
0.0	4.4
0.0	4.5
0.0	4.6000000000000005
0.0	4.7
0.0	4.800000000000001
0.0	4.9
0.0	5.0
0.0	5.1000000000000005
0.0	5.2
0.0	5.300000000000001
0.0	5.4
0.0	5.5
0.0	5.6000000000000005
0.0	5.7
