a = 7033.7749417693 м
b = 5453.42932461341 м
x0 = 1927.467480475097 м
vr = 2277.2395973553075 м/с
A0 = 1.855121341029875 м
Xmax = 8449.30990736346 м
sigmaX = 4968.277516045428 м
sigmaY = 4029.6045286698895 м
M0 = 2.3315918852556705e+20 Н*м - интегральное значение сейсмического момента
Mr_max = 6.371645683172952e+19 Н*м/с - максимальное значение функции источника
1-ый столбец - отнормированная функция источника
2-ой столбец - время
0.0	0.0
0.00042046412420820644	0.1
0.07735713234979785	0.2
0.15244775981536346	0.30000000000000004
0.22606952643937733	0.4
0.3001780450205449	0.5
0.37082727615944217	0.6000000000000001
0.4436305363181625	0.7000000000000001
0.5100193700421071	0.8
0.5770283932379381	0.9
0.5853816958033836	1.0
0.609533095525513	1.1
0.6302570065989467	1.2000000000000002
0.6636837975711181	1.3
0.7039471723937429	1.4000000000000001
0.7281893595263764	1.5
0.761087806356027	1.6
0.7907896806942478	1.7000000000000002
0.8320555026766728	1.8
0.8551306596050805	1.9000000000000001
0.8694754663762868	2.0
0.9115451783439609	2.1
0.9272764530718887	2.2
0.95542497909915	2.3000000000000003
0.957773243291352	2.4000000000000004
0.9742311578472111	2.5
0.9871651216338801	2.6
0.9878140303690759	2.7
1.0	2.8000000000000003
0.9913781551583936	2.9000000000000004
0.9890074116948758	3.0
0.9860498130254323	3.1
0.9698932295095499	3.2
0.966520450971711	3.3000000000000003
0.9597863418573539	3.4000000000000004
0.9363683517710468	3.5
0.9220779346949924	3.6
0.8978163340641941	3.7
0.8707997217078565	3.8000000000000003
0.8563859256685098	3.9000000000000004
0.8213696968746174	4.0
0.7933979058815169	4.1000000000000005
0.7472769456124092	4.2
0.7144384883738658	4.3
0.676878163767544	4.4
0.6345376167970835	4.5
0.5947468784174981	4.6000000000000005
0.5525469489140431	4.7
0.5044852343633397	4.800000000000001
0.45897345629948044	4.9
0.4046387713274497	5.0
0.35153583482197703	5.1000000000000005
0.2871977928419052	5.2
0.21266363693985663	5.300000000000001
0.10373357563754129	5.4
0.0	5.5
0.0	5.6000000000000005
0.0	5.7
0.0	5.800000000000001
0.0	5.9
0.0	6.0
0.0	6.1000000000000005
0.0	6.2
0.0	6.300000000000001
