a = 17507.878958016263 м
b = 13858.754988017245 м
x0 = 16076.098652342745 м
vr = 1531.3068356186207 м/с
A0 = 1.0770540678104996 м
Xmax = 17475.897732659105 м
sigmaX = 4936.13410042525 м
sigmaY = 4636.648297481487 м
M0 = 2.7054352735696015e+20 Н*м - интегральное значение сейсмического момента
Mr_max = 5.272757213955004e+19 Н*м/с - максимальное значение функции источника
1-ый столбец - отнормированная функция источника
2-ой столбец - время
0.0	0.0
0.000450803934602904	0.1
0.05496474829118514	0.2
0.11067905837304694	0.30000000000000004
0.16380947535852444	0.4
0.21691390216440698	0.5
0.27160308662771865	0.6000000000000001
0.32189612907065573	0.7000000000000001
0.37400936056362755	0.8
0.4210089171026991	0.9
0.47018986587971573	1.0
0.5145732622648069	1.1
0.5566851308113502	1.2000000000000002
0.6025683977465757	1.3
0.6427045776650344	1.4000000000000001
0.6783104901822726	1.5
0.7222025495956155	1.6
0.7544904606952246	1.7000000000000002
0.7893562917838887	1.8
0.8144865551019843	1.9000000000000001
0.8418658092047558	2.0
0.8649292558129327	2.1
0.8936796869560057	2.2
0.9114211497482135	2.3000000000000003
0.9377154003307954	2.4000000000000004
0.9485171775768769	2.5
0.961403448289034	2.6
0.9797032452256327	2.7
0.9860472907663206	2.8000000000000003
0.9931146403209926	2.9000000000000004
0.9998190843974711	3.0
0.9962575760401737	3.1
1.0	3.2
0.9919144931782843	3.3000000000000003
0.9957284917568789	3.4000000000000004
0.9923600446379884	3.5
0.9779858110421185	3.6
0.969189655805561	3.7
0.958698596832095	3.8000000000000003
0.949467207828544	3.9000000000000004
0.939437409170895	4.0
0.9273086379502568	4.1000000000000005
0.9033406769487725	4.2
0.8896656873011689	4.3
0.8711920728001178	4.4
0.8570190533018482	4.5
0.833126684393381	4.6000000000000005
0.8116327292802593	4.7
0.793551891267561	4.800000000000001
0.7706988777973953	4.9
0.7423415493853391	5.0
0.7298124936416456	5.1000000000000005
0.6951424595632603	5.2
0.6790331375057931	5.300000000000001
0.6566528050461286	5.4
0.6320362173819044	5.5
0.6072270370995895	5.6000000000000005
0.5862966998858374	5.7
0.5627646096270641	5.800000000000001
0.54050102271423	5.9
0.5174883240765499	6.0
0.4959929803685984	6.1000000000000005
0.47155784055716693	6.2
0.45094084710668936	6.300000000000001
0.4309669763145475	6.4
0.407837173535825	6.5
0.38886647857591455	6.6000000000000005
0.3714190956492656	6.7
0.3504217065501461	6.800000000000001
0.3313735055970484	6.9
0.3160518222619026	7.0
0.2965737761815916	7.1000000000000005
0.28010154777820195	7.2
0.2663194217878869	7.300000000000001
0.24924432531213844	7.4
0.23395214459137473	7.5
0.22197414008422883	7.6000000000000005
0.20803771541921656	7.7
0.1956595339132633	7.800000000000001
0.18264044522754463	7.9
0.17202038985528972	8.0
0.15985475225246665	8.1
0.1489826377335831	8.200000000000001
0.139567280356812	8.3
0.12980304776002155	8.4
0.12056203288636626	8.5
0.11216885831367315	8.6
0.10409681112804631	8.700000000000001
0.09676429268633181	8.8
0.08980671274256273	8.9
0.0825044167420848	9.0
0.07284163792360601	9.1
0.06337742041033073	9.200000000000001
0.05627688969986184	9.3
0.04987988544471461	9.4
0.04500918973897939	9.5
0.039878911976371	9.600000000000001
0.035700157395337426	9.700000000000001
0.032179202847797864	9.8
0.02863781733179383	9.9
0.025376414235213147	10.0
0.0225588981399926	10.100000000000001
0.020085242721641614	10.200000000000001
0.017867277175520592	10.3
0.01563717715875885	10.4
0.013757216197208749	10.5
0.011681281195240732	10.600000000000001
0.010465100621522089	10.700000000000001
0.009290003778740126	10.8
0.008224986209920106	10.9
0.007261604009382225	11.0
0.00646852918443746	11.100000000000001
0.005653708731925005	11.200000000000001
0.004942786918577305	11.3
0.0043352483214926935	11.4
0.0037595869595965555	11.5
0.003243480162936583	11.600000000000001
0.0027739616875824442	11.700000000000001
0.0023453809109915077	11.8
0.0019800538775187346	11.9
0.001629555540541373	12.0
0.0013291162052102103	12.100000000000001
0.0010203217164063644	12.200000000000001
0.0007366993990674545	12.3
0.0004293056094893132	12.4
0.0	12.5
0.0	12.600000000000001
0.0	12.700000000000001
0.0	12.8
0.0	12.9
0.0	13.0
0.0	13.100000000000001
0.0	13.200000000000001
0.0	13.3
