a = 6499.66454093736 м
b = 6914.478644525233 м
x0 = 5503.668476962962 м
vr = 1890.9222052783311 м/с
A0 = 1.8482103646920902 м
Xmax = 7116.448374264006 м
sigmaX = 4375.280284644157 м
sigmaY = 4399.090015757045 м
M0 = 2.5236487693620992e+20 Н*м - интегральное значение сейсмического момента
Mr_max = 9.308900427895077e+19 Н*м/с - максимальное значение функции источника
1-ый столбец - отнормированная функция источника
2-ой столбец - время
0.0	0.0
0.0005262133117200651	0.1
0.07781143787606024	0.2
0.15580166626120756	0.30000000000000004
0.2355071915755926	0.4
0.30681924836178776	0.5
0.3804546135967327	0.6000000000000001
0.4495933567916839	0.7000000000000001
0.5100870636573022	0.8
0.5718437611767134	0.9
0.630653560369128	1.0
0.6777906311888355	1.1
0.7362066755384905	1.2000000000000002
0.776031043049987	1.3
0.8145696390593764	1.4000000000000001
0.8521078091517247	1.5
0.8884810285990179	1.6
0.9161920985756187	1.7000000000000002
0.9364799873351534	1.8
0.9668621589225201	1.9000000000000001
0.9698417783472322	2.0
0.985139720906185	2.1
1.0	2.2
0.9964614498279943	2.3000000000000003
0.9942858632078745	2.4000000000000004
0.9765741151447808	2.5
0.978666655548767	2.6
0.9573056545629633	2.7
0.9450634109005817	2.8000000000000003
0.9398024682927678	2.9000000000000004
0.9165336078410339	3.0
0.7953604540278584	3.1
0.7371039560217914	3.2
0.6879998453486785	3.3000000000000003
0.6450750463947634	3.4000000000000004
0.5913584787241131	3.5
0.5431858608538328	3.6
0.48740500334047804	3.7
0.4370077794428559	3.8000000000000003
0.36793863311857566	3.9000000000000004
0.27413402034678447	4.0
0.0	4.1000000000000005
0.0	4.2
0.0	4.3
0.0	4.4
0.0	4.5
0.0	4.6000000000000005
0.0	4.7
0.0	4.800000000000001
0.0	4.9
0.0	5.0
0.0	5.1000000000000005
0.0	5.2
0.0	5.300000000000001
0.0	5.4
