a = 7080.29226811946 м
b = 8433.975042150625 м
x0 = 2064.147069088643 м
vr = 2485.9630514915525 м/с
A0 = 0.5822870131635476 м
Xmax = 6286.45804460711 м
sigmaX = 4104.7419568662535 м
sigmaY = 4792.412053648388 м
M0 = 9.333639046061536e+19 Н*м - интегральное значение сейсмического момента
Mr_max = 2.977464385247379e+19 Н*м/с - максимальное значение функции источника
1-ый столбец - отнормированная функция источника
2-ой столбец - время
0.0	0.0
0.00042973895484360114	0.1
0.08512097093365383	0.2
0.17032829791645052	0.30000000000000004
0.2507982797342282	0.4
0.32960187537586955	0.5
0.4111799574757213	0.6000000000000001
0.4866048189370879	0.7000000000000001
0.5556585416357396	0.8
0.6320040943700589	0.9
0.6487513301921168	1.0
0.6782178443335438	1.1
0.7134099347492703	1.2000000000000002
0.7510948237233582	1.3
0.7874917579852029	1.4000000000000001
0.8305798661795948	1.5
0.8688310037528043	1.6
0.892317954164601	1.7000000000000002
0.9185852396785219	1.8
0.9524199649128421	1.9000000000000001
0.9593347984821842	2.0
0.9621859014008091	2.1
0.9909202112725636	2.2
1.0	2.3000000000000003
0.9957455997745908	2.4000000000000004
0.9896103578580758	2.5
0.9766429110482141	2.6
0.9674144410034679	2.7
0.9556185270492534	2.8000000000000003
0.9407502832495102	2.9000000000000004
0.9139581297449041	3.0
0.8749983864106877	3.1
0.8512525195509959	3.2
0.8076920377889747	3.3000000000000003
0.7758316512917086	3.4000000000000004
0.732711014994948	3.5
0.7035277776180049	3.6
0.6462929881288288	3.7
0.6021896313970392	3.8000000000000003
0.5602741552663141	3.9000000000000004
0.5206790210344586	4.0
0.4715916321478606	4.1000000000000005
0.4320248586392458	4.2
0.3826649245446549	4.3
0.3393793727898421	4.4
0.30063936059699303	4.5
0.2556010225703397	4.6000000000000005
0.2101426302170643	4.7
0.16207356998884678	4.800000000000001
0.10243535872884284	4.9
0.0	5.0
0.0	5.1000000000000005
0.0	5.2
0.0	5.300000000000001
0.0	5.4
0.0	5.5
0.0	5.6000000000000005
0.0	5.7
0.0	5.800000000000001
0.0	5.9
0.0	6.0
0.0	6.1000000000000005
0.0	6.2
0.0	6.300000000000001
0.0	6.4
0.0	6.5
0.0	6.6000000000000005
0.0	6.7
0.0	6.800000000000001
0.0	6.9
