a = 7941.513743141625 м
b = 6185.135492086281 м
x0 = 1233.379146130782 м
vr = 2251.2051865927497 м/с
A0 = 0.8768661323648891 м
Xmax = 5847.135085418397 м
sigmaX = 4414.2286429659325 м
sigmaY = 4155.548304925364 м
M0 = 1.2066638684985652e+20 Н*м - интегральное значение сейсмического момента
Mr_max = 3.305073629568331e+19 Н*м/с - максимальное значение функции источника
1-ый столбец - отнормированная функция источника
2-ой столбец - время
0.0	0.0
0.0005190434607578077	0.1
0.09340476655101654	0.2
0.18638698793449632	0.30000000000000004
0.27711120123408706	0.4
0.3627934213013407	0.5
0.4535427334937691	0.6000000000000001
0.47741616077902943	0.7000000000000001
0.5103769776397852	0.8
0.5417314856355189	0.9
0.5866987737252121	1.0
0.6294091555730231	1.1
0.6717988513628558	1.2000000000000002
0.7127176011604258	1.3
0.7505163616886161	1.4000000000000001
0.7870627517655434	1.5
0.8286517364108734	1.6
0.8612304204202293	1.7000000000000002
0.8855717429563588	1.8
0.9208808558676063	1.9000000000000001
0.9411502095641339	2.0
0.9579986941990267	2.1
0.9741448618003491	2.2
0.9856657818495206	2.3000000000000003
0.9736391100061708	2.4000000000000004
0.9941283552418455	2.5
1.0	2.6
0.9758106969786384	2.7
0.9932351889734543	2.8000000000000003
0.9759846536376947	2.9000000000000004
0.9424384609946802	3.0
0.9317931049953408	3.1
0.9214575546442945	3.2
0.8845857707561634	3.3000000000000003
0.8774795613168834	3.4000000000000004
0.8378670739334676	3.5
0.7976667640164345	3.6
0.7767257817588072	3.7
0.7412585613249081	3.8000000000000003
0.7032015560312481	3.9000000000000004
0.6748002927275006	4.0
0.6408116633607538	4.1000000000000005
0.6056641679581358	4.2
0.5725305632780945	4.3
0.5398095973748614	4.4
0.4973435715366399	4.5
0.4632711104764305	4.6000000000000005
0.42962497704485497	4.7
0.3947469503208611	4.800000000000001
0.3702646308188328	4.9
0.3413634807825714	5.0
0.30378698072349786	5.1000000000000005
0.2803527062820257	5.2
0.25049719911964674	5.300000000000001
0.2282979979827803	5.4
0.2016704993914067	5.5
0.18003787190074794	5.6000000000000005
0.15836872457703582	5.7
0.138718597970804	5.800000000000001
0.11970814431605441	5.9
0.101998866590563	6.0
0.0868285028028781	6.1000000000000005
0.07042633395166013	6.2
0.0568291468793231	6.300000000000001
0.042544248877274905	6.4
0.027950007776316062	6.5
0.007140235514366066	6.6000000000000005
0.0	6.7
0.0	6.800000000000001
0.0	6.9
0.0	7.0
0.0	7.1000000000000005
0.0	7.2
0.0	7.300000000000001
0.0	7.4
0.0	7.5
