a = 12629.983178180444 м
b = 13003.867958889994 м
x0 = 1055.2605782696803 м
vr = 2480.495616519678 м/с
A0 = 1.8756182524728269 м
Xmax = 13410.30537188248 м
sigmaX = 4725.829089992414 м
sigmaY = 4611.44291301763 м
M0 = 4.091875484225141e+20 Н*м - интегральное значение сейсмического момента
Mr_max = 9.083712605645683e+19 Н*м/с - максимальное значение функции источника
1-ый столбец - отнормированная функция источника
2-ой столбец - время
0.0	0.0
2.526201488707865e-05	0.1
0.0049891107505577684	0.2
0.01020588580877962	0.30000000000000004
0.015446725925287	0.4
0.020995865645085182	0.5
0.024793784848810615	0.6000000000000001
0.029393584785228764	0.7000000000000001
0.03537093749154078	0.8
0.042398520149947556	0.9
0.04983352375409396	1.0
0.058906578897299375	1.1
0.06881776820012826	1.2000000000000002
0.07964824423433439	1.3
0.09051870345572424	1.4000000000000001
0.10343399743086919	1.5
0.11749745065664141	1.6
0.13303142729185816	1.7000000000000002
0.1502587633991126	1.8
0.1680729721451231	1.9000000000000001
0.18897839901912225	2.0
0.21063759415575067	2.1
0.23107378299684622	2.2
0.25466916844368176	2.3000000000000003
0.2810121034369287	2.4000000000000004
0.3048377652175161	2.5
0.32884674583605666	2.6
0.3588476430695678	2.7
0.38819301690790137	2.8000000000000003
0.42018030877261037	2.9000000000000004
0.4487104821672028	3.0
0.48339639873032303	3.1
0.5122688678898127	3.2
0.5481391325900193	3.3000000000000003
0.5815348257636793	3.4000000000000004
0.6109166190388332	3.5
0.6478775978233973	3.6
0.6842647392046445	3.7
0.7158000827157011	3.8000000000000003
0.745207303914967	3.9000000000000004
0.774923050183966	4.0
0.8039740992271329	4.1000000000000005
0.830579432040785	4.2
0.8628789323157835	4.3
0.8796054927983681	4.4
0.8992958091320788	4.5
0.9236474129688798	4.6000000000000005
0.9527870413842512	4.7
0.9612246849459873	4.800000000000001
0.9718976034589663	4.9
0.9785746433078423	5.0
0.9851008529367805	5.1000000000000005
0.9959881675075557	5.2
1.0	5.300000000000001
0.9940134452951044	5.4
0.9932256396185573	5.5
0.9739943261637577	5.6000000000000005
0.9717494812678508	5.7
0.948889812342276	5.800000000000001
0.9390894797775823	5.9
0.9197175049799431	6.0
0.9013806990627168	6.1000000000000005
0.8881742055127931	6.2
0.8586385689996433	6.300000000000001
0.8350452177651919	6.4
0.8062308301530015	6.5
0.7801464377543728	6.6000000000000005
0.7488574497725705	6.7
0.7224201900502517	6.800000000000001
0.6845386446942751	6.9
0.6511379797133868	7.0
0.6202000619033387	7.1000000000000005
0.5861449443868261	7.2
0.5529476871618867	7.300000000000001
0.5262610314642321	7.4
0.4888324392627801	7.5
0.45790193610276825	7.6000000000000005
0.4292543672144345	7.7
0.39884219352280376	7.800000000000001
0.3696822121853179	7.9
0.34479397410116436	8.0
0.3160207309130911	8.1
0.29128813906178974	8.200000000000001
0.26590040197446707	8.3
0.24239190741718467	8.4
0.22103357649508296	8.5
0.1998241118872932	8.6
0.18070097932092913	8.700000000000001
0.16196330838208894	8.8
0.14455004552565676	8.9
0.12854610513247458	9.0
0.11269250617992861	9.1
0.09877692549591081	9.200000000000001
0.08508128249337481	9.3
0.0725022288266152	9.4
0.059878697981585884	9.5
0.047920008720569604	9.600000000000001
0.03528458101961448	9.700000000000001
0.020314368130140276	9.8
0.0	9.9
0.0	10.0
0.0	10.100000000000001
0.0	10.200000000000001
0.0	10.3
0.0	10.4
0.0	10.5
0.0	10.600000000000001
0.0	10.700000000000001
0.0	10.8
0.0	10.9
0.0	11.0
