a = 12319.212306124451 м
b = 13370.203794242763 м
x0 = 7358.259188787778 м
vr = 2287.637046250576 м/с
A0 = 1.6826861429535105 м
Xmax = 13430.549412247135 м
sigmaX = 4899.136806204508 м
sigmaY = 4763.480175788957 м
M0 = 4.028952973772976e+20 Н*м - интегральное значение сейсмического момента
Mr_max = 9.326968215864405e+19 Н*м/с - максимальное значение функции источника
1-ый столбец - отнормированная функция источника
2-ой столбец - время
0.0	0.0
0.0002873007208128402	0.1
0.05232346490909998	0.2
0.10507600276863727	0.30000000000000004
0.15643283778466754	0.4
0.2068637634408815	0.5
0.25633492350996273	0.6000000000000001
0.30663326406304314	0.7000000000000001
0.3557174753568556	0.8
0.40219183394453	0.9
0.4453967670812474	1.0
0.4946970448687842	1.1
0.5402564938337931	1.2000000000000002
0.5742434585647855	1.3
0.6285797222677881	1.4000000000000001
0.6618769978072327	1.5
0.6978164207606993	1.6
0.7376277475110681	1.7000000000000002
0.7744611100893516	1.8
0.79712244097612	1.9000000000000001
0.826221799484055	2.0
0.8592848759252265	2.1
0.8824510731139531	2.2
0.902657040308	2.3000000000000003
0.9371000208342585	2.4000000000000004
0.9450454879546547	2.5
0.9587064987997015	2.6
0.971076402998728	2.7
0.9837562417343547	2.8000000000000003
0.9860846257371688	2.9000000000000004
0.9852744435829267	3.0
1.0	3.1
0.9906587847931067	3.2
0.9908262206803528	3.3000000000000003
0.9800993534929714	3.4000000000000004
0.9638705407674012	3.5
0.9474375515021756	3.6
0.9435170470938314	3.7
0.9231118774590159	3.8000000000000003
0.9041295653544995	3.9000000000000004
0.8864482840679603	4.0
0.8747670960361981	4.1000000000000005
0.8445342800210436	4.2
0.8207315455493632	4.3
0.7972053054592514	4.4
0.7763946024496357	4.5
0.7431800471764177	4.6000000000000005
0.7168492188485227	4.7
0.6905089259817243	4.800000000000001
0.6573873519622185	4.9
0.6340174845974936	5.0
0.6026061720476324	5.1000000000000005
0.5754016894195164	5.2
0.5453865412337673	5.300000000000001
0.513714194732014	5.4
0.4852171052605345	5.5
0.4576641911592991	5.6000000000000005
0.43759658753186337	5.7
0.4113767967883304	5.800000000000001
0.3856989668786707	5.9
0.35401719616033406	6.0
0.3291156507138488	6.1000000000000005
0.30689320649818586	6.2
0.2862043513454408	6.300000000000001
0.26448943073411235	6.4
0.24178051804055808	6.5
0.22246310156429047	6.6000000000000005
0.2029434818675305	6.7
0.18493061838405078	6.800000000000001
0.16763568686146668	6.9
0.150575023386816	7.0
0.13404285967278062	7.1000000000000005
0.11858168835975849	7.2
0.10327235977685413	7.300000000000001
0.0875145914880244	7.4
0.06861631659131494	7.5
0.04180152696900918	7.6000000000000005
0.0	7.7
0.0	7.800000000000001
0.0	7.9
0.0	8.0
0.0	8.1
0.0	8.200000000000001
0.0	8.3
0.0	8.4
0.0	8.5
0.0	8.6
0.0	8.700000000000001
0.0	8.8
0.0	8.9
0.0	9.0
0.0	9.1
0.0	9.200000000000001
0.0	9.3
0.0	9.4
