a = 17158.48843417001 м
b = 13399.560840324768 м
x0 = 11914.581652184992 м
vr = 1970.5893481836843 м/с
A0 = 0.8577269058928314 м
Xmax = 16908.475524054164 м
sigmaX = 4688.565283851643 м
sigmaY = 4901.497342325726 м
M0 = 2.1454340768293742e+20 Н*м - интегральное значение сейсмического момента
Mr_max = 4.474223463701293e+19 Н*м/с - максимальное значение функции источника
1-ый столбец - отнормированная функция источника
2-ой столбец - время
0.0	0.0
0.00032137329134690316	0.1
0.051120673706281074	0.2
0.10020012453590227	0.30000000000000004
0.15167018331406984	0.4
0.201540931968015	0.5
0.2490697680070397	0.6000000000000001
0.2977471698093926	0.7000000000000001
0.3420713650540013	0.8
0.3911390127342477	0.9
0.43508735803584037	1.0
0.47767591689994365	1.1
0.5209683434009572	1.2000000000000002
0.5658707378342164	1.3
0.6009406371266727	1.4000000000000001
0.6417973964057812	1.5
0.6742300723897096	1.6
0.712679955430104	1.7000000000000002
0.7457065410708467	1.8
0.7755998828802094	1.9000000000000001
0.8085993082557983	2.0
0.84137438729363	2.1
0.8635870953532632	2.2
0.8854391769227923	2.3000000000000003
0.9053190529871064	2.4000000000000004
0.920043535875523	2.5
0.939445460987798	2.6
0.9510217547629473	2.7
0.9717438415427513	2.8000000000000003
0.9837205751254526	2.9000000000000004
0.9895494875330683	3.0
0.9903050293979878	3.1
0.9970501769033441	3.2
1.0	3.3000000000000003
0.9912249044117916	3.4000000000000004
0.98920974467571	3.5
0.98210049957832	3.6
0.9796257988827825	3.7
0.9665816894255569	3.8000000000000003
0.9598439117568528	3.9000000000000004
0.9469106328647983	4.0
0.935503626470097	4.1000000000000005
0.9062488557149049	4.2
0.8960070717806452	4.3
0.8723228129326189	4.4
0.8594383707574612	4.5
0.8294398649933373	4.6000000000000005
0.8202506060285014	4.7
0.7914979786768265	4.800000000000001
0.7601034223535178	4.9
0.7368919787475247	5.0
0.7164153418703504	5.1000000000000005
0.6875082179505222	5.2
0.6626461538324091	5.300000000000001
0.6327911883728652	5.4
0.6130319018438958	5.5
0.5820744583228581	5.6000000000000005
0.5538021871524338	5.7
0.5239408608956796	5.800000000000001
0.5031752353108725	5.9
0.47664449867219033	6.0
0.4470164890212672	6.1000000000000005
0.41936396871549486	6.2
0.3968830613429598	6.300000000000001
0.3698372868817119	6.4
0.34547048403613473	6.5
0.3247112544567868	6.6000000000000005
0.30478994389802244	6.7
0.2828025274071972	6.800000000000001
0.26356328798452466	6.9
0.2445424918356061	7.0
0.22679894207515164	7.1000000000000005
0.2071298096551089	7.2
0.1907553718311584	7.300000000000001
0.17691427027547674	7.4
0.16088563173345033	7.5
0.1480032475633951	7.6000000000000005
0.1356496228333378	7.7
0.1240061074168542	7.800000000000001
0.11235848766929424	7.9
0.10141938144066306	8.0
0.09165959288496495	8.1
0.08251288576115068	8.200000000000001
0.07419226063106228	8.3
0.06712530305608502	8.4
0.060736966193002506	8.5
0.053916242024003656	8.6
0.04788056048539042	8.700000000000001
0.04321835124289859	8.8
0.03820334462666202	8.9
0.03366447692418768	9.0
0.030119647094978132	9.1
0.02626363869711227	9.200000000000001
0.023268054342058538	9.3
0.0202425611858353	9.4
0.01777995399586817	9.5
0.015392433020696428	9.600000000000001
0.013283270485306321	9.700000000000001
0.011555967696913416	9.8
0.010006939180041806	9.9
0.00861285064071028	10.0
0.007313048163031093	10.100000000000001
0.006269949409494468	10.200000000000001
0.0053375304527801815	10.3
0.004497551974508014	10.4
0.0037371381075869785	10.5
0.0031077678194581042	10.600000000000001
0.002561529704271451	10.700000000000001
0.0020933476273626455	10.8
0.001690370521460638	10.9
0.0013376671775540236	11.0
0.0010366209175392182	11.100000000000001
0.0007697393489451282	11.200000000000001
0.000529322764279763	11.3
0.0002950632679168727	11.4
0.0	11.5
0.0	11.600000000000001
0.0	11.700000000000001
0.0	11.8
0.0	11.9
0.0	12.0
0.0	12.100000000000001
0.0	12.200000000000001
0.0	12.3
