a = 17671.17711863096 м
b = 14752.140342655848 м
x0 = 7425.0506488429655 м
vr = 1846.4128738476784 м/с
A0 = 1.1840237074645397 м
Xmax = 14414.712899544651 м
sigmaX = 4076.4579547879143 м
sigmaY = 4485.402285608644 м
M0 = 2.38353847874519e+20 Н*м - интегральное значение сейсмического момента
Mr_max = 4.6811338121328026e+19 Н*м/с - максимальное значение функции источника
1-ый столбец - отнормированная функция источника
2-ой столбец - время
0.0	0.0
0.00016140672479156678	0.1
0.02372761578753867	0.2
0.04769756952321078	0.30000000000000004
0.0716484019146632	0.4
0.09572018989702277	0.5
0.12052081934772826	0.6000000000000001
0.1442579454963275	0.7000000000000001
0.16746904128398507	0.8
0.19500195699750011	0.9
0.21877377145300306	1.0
0.24736314385482727	1.1
0.2732808010029028	1.2000000000000002
0.30365438433667635	1.3
0.3282893860498507	1.4000000000000001
0.35415107470074086	1.5
0.38595038331431447	1.6
0.41671015064136135	1.7000000000000002
0.4460972033753047	1.8
0.47208455985615944	1.9000000000000001
0.5077191237893243	2.0
0.5353756430304437	2.1
0.5610523947289802	2.2
0.588039117283296	2.3000000000000003
0.6280429194202394	2.4000000000000004
0.656467478803902	2.5
0.6853946905024835	2.6
0.7180631046231155	2.7
0.7324474518656049	2.8000000000000003
0.7661586740074183	2.9000000000000004
0.7980082291998652	3.0
0.8217373555385374	3.1
0.8420229343957494	3.2
0.8724622714351192	3.3000000000000003
0.8905537098330365	3.4000000000000004
0.9108060553374491	3.5
0.9210439275953798	3.6
0.9452635771226905	3.7
0.9572531544723868	3.8000000000000003
0.9757709681451895	3.9000000000000004
0.9830747881873102	4.0
0.9769062914026228	4.1000000000000005
0.9932774384026706	4.2
0.99425276118688	4.3
1.0	4.4
0.9904863289812269	4.5
0.9880908978889665	4.6000000000000005
0.9918871664291031	4.7
0.9816643410244872	4.800000000000001
0.9767367761269843	4.9
0.9488740404282122	5.0
0.9463880907966367	5.1000000000000005
0.9305908164988147	5.2
0.919387191890462	5.300000000000001
0.8950794676798951	5.4
0.8637937803194388	5.5
0.8572104363910243	5.6000000000000005
0.829839075027691	5.7
0.8123457344802771	5.800000000000001
0.7754961823418542	5.9
0.7560313238936383	6.0
0.7360458804714468	6.1000000000000005
0.7007864456441513	6.2
0.6744360016059076	6.300000000000001
0.6429893697500236	6.4
0.6208977656559855	6.5
0.5903085518789087	6.6000000000000005
0.5641474243852832	6.7
0.5284239824282777	6.800000000000001
0.5060911460338116	6.9
0.48256971043827657	7.0
0.45352190843662255	7.1000000000000005
0.42644840827161823	7.2
0.40044410446122247	7.300000000000001
0.37475096714287476	7.4
0.352808127496183	7.5
0.3299606643221921	7.6000000000000005
0.3077743037422325	7.7
0.28321760727373646	7.800000000000001
0.26477664847617605	7.9
0.2455599532035378	8.0
0.22504682694006212	8.1
0.2099546013212966	8.200000000000001
0.19173432822712438	8.3
0.17764306776111258	8.4
0.15927905416671717	8.5
0.14796447879375255	8.6
0.13432500951898219	8.700000000000001
0.12315720237823123	8.8
0.1114028083346773	8.9
0.09971720568140105	9.0
0.09084267272933264	9.1
0.08272774484390012	9.200000000000001
0.07405820301871462	9.3
0.06657916692013327	9.4
0.059524218449279416	9.5
0.05318042582194829	9.600000000000001
0.047436937690911014	9.700000000000001
0.042488268158753624	9.8
0.037374339015393464	9.9
0.033365973193627246	10.0
0.02947545473837267	10.100000000000001
0.02603610284632776	10.200000000000001
0.022964673727728164	10.3
0.020022412078938505	10.4
0.0177068112148794	10.5
0.015475708119711868	10.600000000000001
0.013432204751218148	10.700000000000001
0.011665461517937452	10.8
0.010076571761453067	10.9
0.008793097578276579	11.0
0.007588597425384408	11.100000000000001
0.006563542769712847	11.200000000000001
0.005577342208745721	11.3
0.004868744168708603	11.4
0.004143839819254822	11.5
0.0035293641771859206	11.600000000000001
0.0030274466758567708	11.700000000000001
0.0025457988237478045	11.8
0.002172804959692711	11.9
0.0018401218952678348	12.0
0.0015435097244038637	12.100000000000001
0.001300910971840366	12.200000000000001
0.0010918991049096106	12.3
0.000904879731545239	12.4
0.0007553704539282471	12.5
0.0006307783946203542	12.600000000000001
0.0005240960292164286	12.700000000000001
0.0004300105187522757	12.8
0.000355778114931952	12.9
0.00029260498887069466	13.0
0.00023991682819078118	13.100000000000001
0.0001954950844891415	13.200000000000001
0.00016042154320912864	13.3
0.00012968620789736095	13.4
0.00010432646949385062	13.5
8.384258435062026e-05	13.600000000000001
6.798855504365356e-05	13.700000000000001
5.408882479818521e-05	13.8
4.302573841826254e-05	13.9
3.384505544731228e-05	14.0
2.6730544630163125e-05	14.100000000000001
2.0841225707647284e-05	14.200000000000001
1.620002779772166e-05	14.3
1.2446040402863488e-05	14.4
9.468904898790227e-06	14.5
7.155569462437838e-06	14.600000000000001
5.309309886073067e-06	14.700000000000001
3.8573423954594655e-06	14.8
2.7271933949905346e-06	14.9
1.8208785215120332e-06	15.0
1.0841839956016814e-06	15.100000000000001
3.6464067438331044e-07	15.200000000000001
0.0	15.3
0.0	15.4
0.0	15.5
0.0	15.600000000000001
0.0	15.700000000000001
0.0	15.8
0.0	15.9
0.0	16.0
0.0	16.1
