a = 7146.3102672878085 м
b = 7804.8538569752955 м
x0 = 6501.255747285007 м
vr = 1540.37906324893 м/с
A0 = 1.9408735278881983 м
Xmax = 7464.080692971348 м
sigmaX = 4649.065108364204 м
sigmaY = 4071.0003843908044 м
M0 = 2.904848555752291e+20 Н*м - интегральное значение сейсмического момента
Mr_max = 8.131685967121126e+19 Н*м/с - максимальное значение функции источника
1-ый столбец - отнормированная функция источника
2-ой столбец - время
0.0	0.0
0.0005398762195752612	0.1
0.06582413788974165	0.2
0.13138369985065312	0.30000000000000004
0.19593722221725648	0.4
0.2571081068021163	0.5
0.31939313534532177	0.6000000000000001
0.37964812947241167	0.7000000000000001
0.43770405546267066	0.8
0.490204654371006	0.9
0.5412928307922305	1.0
0.5943894828762059	1.1
0.6416621938608975	1.2000000000000002
0.6855985075252442	1.3
0.725517797441151	1.4000000000000001
0.7706263575088979	1.5
0.8071825512198441	1.6
0.836048630800486	1.7000000000000002
0.8640631549048556	1.8
0.895198426628943	1.9000000000000001
0.9204261778482817	2.0
0.934548271588238	2.1
0.9532640059125035	2.2
0.9646841339918921	2.3000000000000003
0.9830514833303248	2.4000000000000004
0.9835866789089414	2.5
1.0	2.6
0.9980678214433613	2.7
0.9870862058341578	2.8000000000000003
0.9934986797456579	2.9000000000000004
0.9765851327948184	3.0
0.9800072566015626	3.1
0.9648067542431414	3.2
0.9568948870399993	3.3000000000000003
0.9364062358798455	3.4000000000000004
0.9202499207903427	3.5
0.9084862577528502	3.6
0.8728306136550045	3.7
0.8692524535426398	3.8000000000000003
0.8381044911459394	3.9000000000000004
0.8182744470047012	4.0
0.7934181432677205	4.1000000000000005
0.7686180782595741	4.2
0.7431608382971066	4.3
0.643399924501962	4.4
0.5817951494314059	4.5
0.5328774521703467	4.6000000000000005
0.49114740477705504	4.7
0.4531152340500747	4.800000000000001
0.4141766675595541	4.9
0.37944814997004844	5.0
0.34340946245243636	5.1000000000000005
0.17858516255431575	5.2
0.0	5.300000000000001
0.0	5.4
0.0	5.5
0.0	5.6000000000000005
0.0	5.7
0.0	5.800000000000001
0.0	5.9
0.0	6.0
0.0	6.1000000000000005
0.0	6.2
0.0	6.300000000000001
0.0	6.4
0.0	6.5
0.0	6.6000000000000005
0.0	6.7
0.0	6.800000000000001
0.0	6.9
