a = 13431.528105597703 м
b = 10388.859217632642 м
x0 = 2151.2824056525074 м
vr = 2211.8281535825495 м/с
A0 = 1.929503441478696 м
Xmax = 12849.549940331632 м
sigmaX = 4433.573435487207 м
sigmaY = 4052.370477076278 м
M0 = 3.53839220190975e+20 Н*м - интегральное значение сейсмического момента
Mr_max = 7.43179060828622e+19 Н*м/с - максимальное значение функции источника
1-ый столбец - отнормированная функция источника
2-ой столбец - время
0.0	0.0
4.6957562897655866e-05	0.1
0.00838002649858932	0.2
0.0166880483819345	0.30000000000000004
0.02512346205519396	0.4
0.034133895430585336	0.5
0.043492541136110396	0.6000000000000001
0.05324207093188529	0.7000000000000001
0.06361541445512295	0.8
0.07478319593338041	0.9
0.08652505860707423	1.0
0.09776575179615556	1.1
0.10894386974396855	1.2000000000000002
0.12214332952875373	1.3
0.1372333514990726	1.4000000000000001
0.1527886303087023	1.5
0.17001569081811824	1.6
0.18922922709455273	1.7000000000000002
0.21080760884586422	1.8
0.2306150898266398	1.9000000000000001
0.25452901113219095	2.0
0.27741092938742995	2.1
0.3003107271107007	2.2
0.3309811465721719	2.3000000000000003
0.3532938964498044	2.4000000000000004
0.3874731578507967	2.5
0.4134298948751783	2.6
0.4451707619291608	2.7
0.4759374758691761	2.8000000000000003
0.5042352294325609	2.9000000000000004
0.5371888450041715	3.0
0.5713242612104019	3.1
0.5955277275582854	3.2
0.6313957164036754	3.3000000000000003
0.666751850136573	3.4000000000000004
0.6964744568332676	3.5
0.7275948830866962	3.6
0.7607728119386868	3.7
0.7853347771831524	3.8000000000000003
0.8167495898302314	3.9000000000000004
0.8368221694107666	4.0
0.8670648311925108	4.1000000000000005
0.8797319416985876	4.2
0.9071782814283096	4.3
0.9184654929815106	4.4
0.9403917095091747	4.5
0.961854228069879	4.6000000000000005
0.9724534776193013	4.7
0.9850762458713523	4.800000000000001
0.9857418398907632	4.9
0.9886241337361631	5.0
1.0	5.1000000000000005
0.992971939887526	5.2
0.9920724043125653	5.300000000000001
0.9885280978705018	5.4
0.979877458957051	5.5
0.9653368700570232	5.6000000000000005
0.959541850234249	5.7
0.9385241737958064	5.800000000000001
0.9238957844877778	5.9
0.8936742952567488	6.0
0.8828161266975935	6.1000000000000005
0.8584555261437722	6.2
0.8331091346865551	6.300000000000001
0.8100719118087574	6.4
0.7839959344484312	6.5
0.7497904006982528	6.6000000000000005
0.7155230494313648	6.7
0.6878221746539617	6.800000000000001
0.6546591536518389	6.9
0.6282533293699415	7.0
0.5992006055611004	7.1000000000000005
0.5653393189154113	7.2
0.5370598393179722	7.300000000000001
0.5080630236083236	7.4
0.4732606662654383	7.5
0.44865456418975497	7.6000000000000005
0.4199995592992683	7.7
0.38939346047173373	7.800000000000001
0.3602644183359409	7.9
0.33845370184689055	8.0
0.31242992693874116	8.1
0.28549994482241386	8.200000000000001
0.2635920748698918	8.3
0.24438870085860082	8.4
0.2219039772269239	8.5
0.20403387816570995	8.6
0.18596489523826326	8.700000000000001
0.1673759594338094	8.8
0.15120494597014814	8.9
0.13657365674993316	9.0
0.12325212425236047	9.1
0.11045429571229178	9.200000000000001
0.09858405334171744	9.3
0.0873759518724054	9.4
0.078257200563531	9.5
0.06898461365847458	9.600000000000001
0.06054580239590256	9.700000000000001
0.05334593588183239	9.8
0.04674069417839663	9.9
0.040373776530960484	10.0
0.03517209714163878	10.100000000000001
0.0302448424508096	10.200000000000001
0.025863740542675272	10.3
0.021929105097543197	10.4
0.01847727525470198	10.5
0.015389154804612218	10.600000000000001
0.012722518663699722	10.700000000000001
0.010238029223175547	10.8
0.00812136974638412	10.9
0.0061841193058608055	11.0
0.004348589047808019	11.100000000000001
0.002523445105164697	11.200000000000001
0.0	11.3
0.0	11.4
0.0	11.5
0.0	11.600000000000001
0.0	11.700000000000001
0.0	11.8
0.0	11.9
0.0	12.0
0.0	12.100000000000001
