a = 17866.762629092344 м
b = 15038.893851727345 м
x0 = 10899.161387487919 м
vr = 1664.1842548071395 м/с
A0 = 1.6163442955343794 м
Xmax = 18740.133167214382 м
sigmaX = 4864.229528650994 м
sigmaY = 4093.0024188697225 м
M0 = 3.471403546799536e+20 Н*м - интегральное значение сейсмического момента
Mr_max = 5.29175461311801e+19 Н*м/с - максимальное значение функции источника
1-ый столбец - отнормированная функция источника
2-ой столбец - время
0.0	0.0
0.0002080198584268316	0.1
0.028114258963011132	0.2
0.0549882041287217	0.30000000000000004
0.0828273631008449	0.4
0.11105308011316946	0.5
0.13841806824163852	0.6000000000000001
0.16494623860751437	0.7000000000000001
0.19241187013085537	0.8
0.22042909128449747	0.9
0.2472975546484851	1.0
0.2755005023001558	1.1
0.3015818300770216	1.2000000000000002
0.32962059964051055	1.3
0.35586306663819345	1.4000000000000001
0.38102990828234334	1.5
0.41173620193333466	1.6
0.4362879936281445	1.7000000000000002
0.46083719522103983	1.8
0.4870817788446594	1.9000000000000001
0.5178298715811713	2.0
0.5423272748588805	2.1
0.5668265899925199	2.2
0.590530484066738	2.3000000000000003
0.6183757758907212	2.4000000000000004
0.6413976577819634	2.5
0.6665211147706496	2.6
0.6873362426730768	2.7
0.7143070905484734	2.8000000000000003
0.73836907627217	2.9000000000000004
0.758135580227102	3.0
0.7748357472096181	3.1
0.7984816944551556	3.2
0.8182142192211731	3.3000000000000003
0.8414506033458439	3.4000000000000004
0.8475428079344935	3.5
0.8771131159555065	3.6
0.8935575105774742	3.7
0.9085642948879374	3.8000000000000003
0.9124794142503213	3.9000000000000004
0.9345714914439014	4.0
0.9484848491083836	4.1000000000000005
0.9527739307455154	4.2
0.9616671790888687	4.3
0.9743348584252873	4.4
0.9869269311361581	4.5
0.9917900233939111	4.6000000000000005
0.9735365184739672	4.7
0.9875625247300528	4.800000000000001
0.9946974567221668	4.9
0.998372225668028	5.0
0.9935821158683351	5.1000000000000005
0.9948406669720178	5.2
1.0	5.300000000000001
0.9886606136510293	5.4
0.9866502606131885	5.5
0.975159171684213	5.6000000000000005
0.9791858914152236	5.7
0.9636001034103716	5.800000000000001
0.9563923033707842	5.9
0.9421512034411593	6.0
0.9282771866329596	6.1000000000000005
0.9190258948256614	6.2
0.8957132405553296	6.300000000000001
0.8871618417131404	6.4
0.8784273756345248	6.5
0.8529743723772633	6.6000000000000005
0.8376453685062613	6.7
0.8123357368285923	6.800000000000001
0.807162693854837	6.9
0.7858613641940346	7.0
0.7673130809860262	7.1000000000000005
0.748260050624521	7.2
0.7245146517294252	7.300000000000001
0.706831243269763	7.4
0.6779859773051872	7.5
0.6669851270728832	7.6000000000000005
0.643068483937969	7.7
0.623749359490147	7.800000000000001
0.60191814865348	7.9
0.5785399163417321	8.0
0.5607317209274063	8.1
0.5339469451248615	8.200000000000001
0.5196528308259264	8.3
0.4982218901635886	8.4
0.4740584411818921	8.5
0.4553316733710429	8.6
0.4344865803746304	8.700000000000001
0.420685919889936	8.8
0.39589772347328644	8.9
0.3777490724776228	9.0
0.36197907970465387	9.1
0.34482431173821443	9.200000000000001
0.32802759686430144	9.3
0.3089447227398372	9.4
0.2924045515658094	9.5
0.27821610732907187	9.600000000000001
0.2629624572844226	9.700000000000001
0.24826084018011016	9.8
0.23292805751724063	9.9
0.22290587555478927	10.0
0.20757833307685444	10.100000000000001
0.19619672714690262	10.200000000000001
0.18252896355955062	10.3
0.17134300240673145	10.4
0.1615906647648422	10.5
0.15021647883456743	10.600000000000001
0.14001676307349437	10.700000000000001
0.13025768339483668	10.8
0.12236934741342974	10.9
0.11353982303727723	11.0
0.10616991540384438	11.100000000000001
0.09854220575354078	11.200000000000001
0.09160166858548215	11.3
0.08431156960140422	11.4
0.07786727490250635	11.5
0.07241595687933991	11.600000000000001
0.06673063209485942	11.700000000000001
0.0614914549837988	11.8
0.056498501203497836	11.9
0.05166357974450683	12.0
0.04772220149566733	12.100000000000001
0.04385594487475606	12.200000000000001
0.040044036533563664	12.3
0.03665797527365052	12.4
0.033353958661213365	12.5
0.0303565694046396	12.600000000000001
0.027666474257715675	12.700000000000001
0.025309135880214953	12.8
0.02288435198322302	12.9
0.020758798342831418	13.0
0.01875591812830319	13.100000000000001
0.016967459866825643	13.200000000000001
0.015191480927956132	13.3
0.013775800928370802	13.4
0.012308815204922208	13.5
0.011118708600478904	13.600000000000001
0.009875501759518148	13.700000000000001
0.008778374787854686	13.8
0.007791323526947725	13.9
0.006898570071547032	14.0
0.006083888566176076	14.100000000000001
0.005286114811007672	14.200000000000001
0.004605902767116221	14.3
0.003966408633400957	14.4
0.0033751258343755856	14.5
0.002811885278223804	14.600000000000001
0.0022827253930548623	14.700000000000001
0.0017624526155155102	14.8
0.001219554954660791	14.9
0.0005037761667879175	15.0
0.0	15.100000000000001
0.0	15.200000000000001
0.0	15.3
0.0	15.4
0.0	15.5
0.0	15.600000000000001
0.0	15.700000000000001
0.0	15.8
0.0	15.9
