a = 11425.285980654198 м
b = 10357.731910639246 м
x0 = 911.8544320844622 м
vr = 2123.526719890114 м/с
A0 = 1.2463810595866591 м
Xmax = 13397.723994441027 м
sigmaX = 4880.171207071423 м
sigmaY = 4925.874444340509 м
M0 = 2.739232901448688e+20 Н*м - интегральное значение сейсмического момента
Mr_max = 5.2963291736524186e+19 Н*м/с - максимальное значение функции источника
1-ый столбец - отнормированная функция источника
2-ой столбец - время
0.0	0.0
2.8452671292891786e-05	0.1
0.004875177582513742	0.2
0.00969960935162872	0.30000000000000004
0.014763279819737402	0.4
0.020027376702234763	0.5
0.022822267141661613	0.6000000000000001
0.02666539960845297	0.7000000000000001
0.03150665885586758	0.8
0.03696370010464214	0.9
0.04321903547750467	1.0
0.04923475454895775	1.1
0.05704471308301014	1.2000000000000002
0.06533455875813407	1.3
0.07360747290699485	1.4000000000000001
0.0832035797540579	1.5
0.09408493854293469	1.6
0.1043483376557454	1.7000000000000002
0.11786476510238904	1.8
0.13086654754419394	1.9000000000000001
0.1435183515665196	2.0
0.15829620682099127	2.1
0.17484807559558596	2.2
0.19093376219133978	2.3000000000000003
0.20864800628742072	2.4000000000000004
0.2269160095992791	2.5
0.24690502838763076	2.6
0.26680551518990087	2.7
0.2882689157327274	2.8000000000000003
0.311400192017455	2.9000000000000004
0.33549260238265716	3.0
0.3562690094970206	3.1
0.382360966320913	3.2
0.4070394574868636	3.3000000000000003
0.4317728903477294	3.4000000000000004
0.4639842168235394	3.5
0.49064994275853824	3.6
0.513932957627367	3.7
0.5470863617660259	3.8000000000000003
0.5749608155606571	3.9000000000000004
0.5978936859953186	4.0
0.6241213716526661	4.1000000000000005
0.656100529399216	4.2
0.6756390913745915	4.3
0.7015982183307928	4.4
0.7286141691335571	4.5
0.756154408233471	4.6000000000000005
0.7877976220044339	4.7
0.8022686981499795	4.800000000000001
0.8366010363705737	4.9
0.8492769617166955	5.0
0.8756125751545218	5.1000000000000005
0.8972810437809617	5.2
0.911236264706744	5.300000000000001
0.9290490994122341	5.4
0.9416329524070415	5.5
0.9639019058097393	5.6000000000000005
0.9706577395733401	5.7
0.9774247238844103	5.800000000000001
0.9922793772929523	5.9
0.9842179183849508	6.0
0.9963406157843626	6.1000000000000005
0.9963567561107476	6.2
1.0	6.300000000000001
0.9977914499311469	6.4
0.9989102101843754	6.5
0.9832208554632554	6.6000000000000005
0.9695357510176306	6.7
0.9652217749792079	6.800000000000001
0.9544102954334954	6.9
0.9345310951439915	7.0
0.9205369591728481	7.1000000000000005
0.9027172696786945	7.2
0.8862569807053153	7.300000000000001
0.860321707040585	7.4
0.8362837402243415	7.5
0.8149899391218095	7.6000000000000005
0.7869102595772626	7.7
0.7664809815246253	7.800000000000001
0.737190179076546	7.9
0.7068580146209006	8.0
0.680721151197044	8.1
0.6520890355836994	8.200000000000001
0.621144453682011	8.3
0.5906374597368026	8.4
0.5633267603123794	8.5
0.5342907327342922	8.6
0.5073076889157103	8.700000000000001
0.47735536481427143	8.8
0.44710062631223596	8.9
0.41928427599675727	9.0
0.3917302070534278	9.1
0.3623430569862544	9.200000000000001
0.33473911916112437	9.3
0.3084673729715852	9.4
0.2798363438261049	9.5
0.25578814158850477	9.600000000000001
0.23021734482112738	9.700000000000001
0.20464513844195456	9.8
0.17939953144134016	9.9
0.1553466731515832	10.0
0.12976396551570024	10.100000000000001
0.10381521422786073	10.200000000000001
0.07437564579838414	10.3
0.03526155994061425	10.4
0.0	10.5
0.0	10.600000000000001
0.0	10.700000000000001
0.0	10.8
0.0	10.9
0.0	11.0
0.0	11.100000000000001
0.0	11.200000000000001
0.0	11.3
