a = 6726.773106098619 м
b = 4484.931267606257 м
x0 = 1343.4810596157206 м
vr = 2336.8450511206333 м/с
A0 = 1.4668874715868638 м
Xmax = 6948.881302569733 м
sigmaX = 4332.384268894984 м
sigmaY = 4252.032312129291 м
M0 = 1.5552503766657322e+20 Н*м - интегральное значение сейсмического момента
Mr_max = 4.689486277212004e+19 Н*м/с - максимальное значение функции источника
1-ый столбец - отнормированная функция источника
2-ой столбец - время
0.0	0.0
0.00047498727008963296	0.1
0.08838658882261197	0.2
0.17648747583779217	0.30000000000000004
0.2610580955038021	0.4
0.34638302564391416	0.5
0.4302778782992947	0.6000000000000001
0.4757889771041843	0.7000000000000001
0.4996506312788251	0.8
0.5308604080191213	0.9
0.5748932079783029	1.0
0.6187286171702067	1.1
0.6613304269275877	1.2000000000000002
0.7062716985297133	1.3
0.7446261936002975	1.4000000000000001
0.7825298416452314	1.5
0.817962790901854	1.6
0.8633364370791319	1.7000000000000002
0.881804151259146	1.8
0.9205816675697014	1.9000000000000001
0.939255029876706	2.0
0.9745532700639681	2.1
0.9836836996663653	2.2
1.0	2.3000000000000003
0.9868512290757376	2.4000000000000004
0.9861337708623068	2.5
0.9767011572102263	2.6
0.9983852549374352	2.7
0.9688394569065889	2.8000000000000003
0.9675054867875565	2.9000000000000004
0.9443789825660639	3.0
0.9311646786124282	3.1
0.9037932619484169	3.2
0.8997088429632382	3.3000000000000003
0.8407568904864341	3.4000000000000004
0.8224751304437132	3.5
0.7816894515427624	3.6
0.74596157561171	3.7
0.7101012915190715	3.8000000000000003
0.6667197679664949	3.9000000000000004
0.6308507671709477	4.0
0.5786836451884267	4.1000000000000005
0.5462902480544908	4.2
0.4969867118526734	4.3
0.4530269138550138	4.4
0.411590602942159	4.5
0.3665794022610009	4.6000000000000005
0.3214368639106353	4.7
0.2804058915727651	4.800000000000001
0.23552586285787797	4.9
0.1930173515542067	5.0
0.14680069705903775	5.1000000000000005
0.0933352662669991	5.2
0.0	5.300000000000001
0.0	5.4
0.0	5.5
0.0	5.6000000000000005
0.0	5.7
0.0	5.800000000000001
0.0	5.9
0.0	6.0
0.0	6.1000000000000005
