a = 16712.3751375863 м
b = 15040.213025773704 м
x0 = 10708.850463182956 м
vr = 1609.9556411337487 м/с
A0 = 1.213524437723797 м
Xmax = 16368.206968500454 м
sigmaX = 4294.153671672944 м
sigmaY = 4079.1953666162735 м
M0 = 2.3374852728589215e+20 Н*м - интегральное значение сейсмического момента
Mr_max = 4.1165637986068414e+19 Н*м/с - максимальное значение функции источника
1-ый столбец - отнормированная функция источника
2-ой столбец - время
0.0	0.0
0.00029881708502281886	0.1
0.0388634158719264	0.2
0.07742550299730425	0.30000000000000004
0.11494440723227119	0.4
0.15308929762585424	0.5
0.19089602912059334	0.6000000000000001
0.22813757310481036	0.7000000000000001
0.26433912521211406	0.8
0.3014343315825684	0.9
0.33634298469853285	1.0
0.3730179516931223	1.1
0.4098664450597722	1.2000000000000002
0.4447799841886615	1.3
0.47931923774326146	1.4000000000000001
0.5127733257098004	1.5
0.544984677540163	1.6
0.5735397446231774	1.7000000000000002
0.608950555424881	1.8
0.6371635720767427	1.9000000000000001
0.6656189791792244	2.0
0.6989838972473563	2.1
0.7193050716986027	2.2
0.752403404756714	2.3000000000000003
0.7797560562090723	2.4000000000000004
0.7990627314018051	2.5
0.825061724376815	2.6
0.8478421022211667	2.7
0.8700930875928072	2.8000000000000003
0.8858496579427043	2.9000000000000004
0.8969076316036229	3.0
0.9256801714770447	3.1
0.9419670704167841	3.2
0.9494600683698837	3.3000000000000003
0.960796058945914	3.4000000000000004
0.9653916514878437	3.5
0.9813969924231514	3.6
0.9867393836171706	3.7
0.999601061484784	3.8000000000000003
0.9946563149306832	3.9000000000000004
0.9993135445540852	4.0
0.9986838046970558	4.1000000000000005
1.0	4.2
0.9923012319537302	4.3
0.9985103532912956	4.4
0.9845836020144811	4.5
0.9739436576563927	4.6000000000000005
0.9642194034691088	4.7
0.9527703261160415	4.800000000000001
0.9509520647368964	4.9
0.9290301554470064	5.0
0.919233072821287	5.1000000000000005
0.8974883834886607	5.2
0.8870594087338944	5.300000000000001
0.8687586734310485	5.4
0.8483778026160868	5.5
0.829999593289816	5.6000000000000005
0.8073316947139819	5.7
0.7872255234433089	5.800000000000001
0.7658825987960849	5.9
0.748015620887363	6.0
0.7204099976852301	6.1000000000000005
0.6962163628373346	6.2
0.6743212053971689	6.300000000000001
0.6539564057073666	6.4
0.6292953227284884	6.5
0.604658021992106	6.6000000000000005
0.584486782351056	6.7
0.5527028118609469	6.800000000000001
0.5361794893497501	6.9
0.5114121372932835	7.0
0.4900406064800065	7.1000000000000005
0.47028950821528026	7.2
0.4455393291462232	7.300000000000001
0.4229926679645732	7.4
0.4010797976043749	7.5
0.3791103880478046	7.6000000000000005
0.3584934321058337	7.7
0.34237963954121503	7.800000000000001
0.32481451698778535	7.9
0.30242223384696276	8.0
0.2853249662726558	8.1
0.26865556747472263	8.200000000000001
0.2523666204581555	8.3
0.23735006981752718	8.4
0.22073575978204868	8.5
0.20821837103384597	8.6
0.19311795111729466	8.700000000000001
0.18101290668676065	8.8
0.1668642267270327	8.9
0.1553462104864818	9.0
0.1445194471735378	9.1
0.13442044911141568	9.200000000000001
0.1239216198860834	9.3
0.11445726123671242	9.4
0.1059894521201659	9.5
0.09686978184277642	9.600000000000001
0.0889614217665005	9.700000000000001
0.0824829708781369	9.8
0.07550285969339195	9.9
0.06909102078683409	10.0
0.06301041615117191	10.100000000000001
0.05747729554189801	10.200000000000001
0.0530354824506857	10.3
0.04754323567629476	10.4
0.0432997888480179	10.5
0.039577228607873834	10.600000000000001
0.03595190381220687	10.700000000000001
0.03241064402118686	10.8
0.029369290657795328	10.9
0.02635504309481632	11.0
0.02380453258360157	11.100000000000001
0.02155297206094612	11.200000000000001
0.019219760998897065	11.3
0.017216889368702123	11.4
0.01542916964275963	11.5
0.013760818932005993	11.600000000000001
0.012175697224891863	11.700000000000001
0.01090769105425566	11.8
0.009697169074839364	11.9
0.00854146099833987	12.0
0.0075637767077223975	12.100000000000001
0.006710202635463063	12.200000000000001
0.005895408834989567	12.3
0.005188478784467789	12.4
0.004537906831169023	12.5
0.003979278502484205	12.600000000000001
0.00346383621050266	12.700000000000001
0.0030253902146425466	12.8
0.0026448282030451125	12.9
0.00226630644572668	13.0
0.0019519966292612873	13.100000000000001
0.0016828148591583705	13.200000000000001
0.00142275454674545	13.3
0.001210966978353165	13.4
0.0010110225580258524	13.5
0.0008427050842463277	13.600000000000001
0.0006929574701616545	13.700000000000001
0.0005577540952222317	13.8
0.0004344715789683292	13.9
0.0003199735887250559	14.0
0.00020837424542412787	14.100000000000001
5.976496166214578e-05	14.200000000000001
0.0	14.3
0.0	14.4
0.0	14.5
0.0	14.600000000000001
0.0	14.700000000000001
0.0	14.8
0.0	14.9
0.0	15.0
0.0	15.100000000000001
