a = 14139.835022088895 м
b = 8878.798892648376 м
x0 = 9528.202695847463 м
vr = 2458.0591515345795 м/с
A0 = 1.948652019241659 м
Xmax = 10909.114022984291 м
sigmaX = 4831.75625232376 м
sigmaY = 4661.424545754957 м
M0 = 4.3695063586018604e+20 Н*м - интегральное значение сейсмического момента
Mr_max = 1.53218513348805e+20 Н*м/с - максимальное значение функции источника
1-ый столбец - отнормированная функция источника
2-ой столбец - время
0.0	0.0
0.0004502108448533974	0.1
0.08903368605433506	0.2
0.17468644826502205	0.30000000000000004
0.259907121386482	0.4
0.34317086508792555	0.5
0.4212174236749179	0.6000000000000001
0.4995181036899598	0.7000000000000001
0.566273046665087	0.8
0.6304240372752283	0.9
0.6936933125413015	1.0
0.7584201619754053	1.1
0.8020359211760725	1.2000000000000002
0.8532493683048921	1.3
0.8886713973484698	1.4000000000000001
0.9166594376398677	1.5
0.9444850311950346	1.6
0.9630513387846943	1.7000000000000002
0.9740956339696103	1.8
0.979408815410153	1.9000000000000001
1.0	2.0
0.9850334924543431	2.1
0.9802450200528564	2.2
0.9671136493032964	2.3000000000000003
0.9554001554540201	2.4000000000000004
0.9290208819757001	2.5
0.9132589489956168	2.6
0.8811396901913452	2.7
0.8547897139882721	2.8000000000000003
0.8171501886856889	2.9000000000000004
0.7890123256586576	3.0
0.7477225446526818	3.1
0.7154817573312166	3.2
0.6751785431577938	3.3000000000000003
0.5892716992414299	3.4000000000000004
0.4927359276728067	3.5
0.4297773132931459	3.6
0.3788232684494352	3.7
0.32592377401781536	3.8000000000000003
0.28337166395603275	3.9000000000000004
0.23608499341621186	4.0
0.21650085407830114	4.1000000000000005
0.19166585634734631	4.2
0.17297650797235517	4.3
0.1532098908910423	4.4
0.1367161268632604	4.5
0.12151360456626216	4.6000000000000005
0.10772547853818998	4.7
0.09576356763838816	4.800000000000001
0.08502645670825787	4.9
0.07433016978905305	5.0
0.06578291020425572	5.1000000000000005
0.05741207597242812	5.2
0.05016447618126923	5.300000000000001
0.043499951603519625	5.4
0.037735126313049205	5.5
0.03217039850887477	5.6000000000000005
0.02828248972173524	5.7
0.023737259292175038	5.800000000000001
0.02024224632981357	5.9
0.01722899230906433	6.0
0.01476844605760431	6.1000000000000005
0.012410251155813947	6.2
0.010402250793652713	6.300000000000001
0.00870361740226201	6.4
0.007233576785691247	6.5
0.006018546440554994	6.6000000000000005
0.004927636350704902	6.7
0.004039154454122152	6.800000000000001
0.00325806194139176	6.9
0.0026218552064276746	7.0
0.002076898859967508	7.1000000000000005
0.0016232637975921076	7.2
0.001232949353378899	7.300000000000001
0.0009192379830028148	7.4
0.0006497840936915281	7.5
0.00041196183398317546	7.6000000000000005
0.00016687510266619011	7.7
0.0	7.800000000000001
0.0	7.9
0.0	8.0
0.0	8.1
0.0	8.200000000000001
0.0	8.3
0.0	8.4
0.0	8.5
0.0	8.6
