a = 11430.848268081083 м
b = 9867.412404278784 м
x0 = 9181.343671891404 м
vr = 2333.3575769589033 м/с
A0 = 1.0946204453746975 м
Xmax = 9170.206185016252 м
sigmaX = 4526.914155802656 м
sigmaY = 4822.751470369902 м
M0 = 2.3380804604605065e+20 Н*м - интегральное значение сейсмического момента
Mr_max = 7.957314937949466e+19 Н*м/с - максимальное значение функции источника
1-ый столбец - отнормированная функция источника
2-ой столбец - время
0.0	0.0
0.00048146779876763804	0.1
0.08992057974595598	0.2
0.17676942860430597	0.30000000000000004
0.263261283921475	0.4
0.34732471040452545	0.5
0.426959175713633	0.6000000000000001
0.5039669882019638	0.7000000000000001
0.5750995032402113	0.8
0.6439430972977923	0.9
0.7091678150686287	1.0
0.7588059730708235	1.1
0.8149015557295523	1.2000000000000002
0.8557495992979613	1.3
0.8886497526231796	1.4000000000000001
0.9273337114214346	1.5
0.9576156876824014	1.6
0.9719423687829387	1.7000000000000002
0.9946706358035903	1.8
0.9952068605453784	1.9000000000000001
0.997519772298485	2.0
1.0	2.1
0.994740203737609	2.2
0.9719828750438343	2.3000000000000003
0.9685196315848027	2.4000000000000004
0.9449559971094208	2.5
0.9173680799175624	2.6
0.8973731508685896	2.7
0.8651638612673395	2.8000000000000003
0.8335923516832119	2.9000000000000004
0.807891410388406	3.0
0.7623848128969453	3.1
0.7346894702506784	3.2
0.6931078463378594	3.3000000000000003
0.6529365094115783	3.4000000000000004
0.6175612994809074	3.5
0.58058224933314	3.6
0.5415984158811423	3.7
0.5062745571941061	3.8000000000000003
0.4734561049061739	3.9000000000000004
0.3914705251896643	4.0
0.23685474070446527	4.1000000000000005
0.19464511381049884	4.2
0.1613597137782768	4.3
0.1363664621596595	4.4
0.11370346231380853	4.5
0.0947313850986294	4.6000000000000005
0.07897265247046534	4.7
0.06539974559153575	4.800000000000001
0.053713173819573135	4.9
0.04421292938541239	5.0
0.035621900468760195	5.1000000000000005
0.028969588059039156	5.2
0.023373421952156706	5.300000000000001
0.01858396105609254	5.4
0.014311529600730906	5.5
0.010885789959455055	5.6000000000000005
0.007934921866387085	5.7
0.005350285602742339	5.800000000000001
0.002851389697100649	5.9
0.0	6.0
0.0	6.1000000000000005
0.0	6.2
0.0	6.300000000000001
0.0	6.4
0.0	6.5
0.0	6.6000000000000005
0.0	6.7
0.0	6.800000000000001
