a = 17346.178846155923 м
b = 15771.421319977719 м
x0 = 10267.156373594544 м
vr = 2246.785050487809 м/с
A0 = 0.7689197768258509 м
Xmax = 16360.022154555494 м
sigmaX = 4396.538957911078 м
sigmaY = 4012.2123255049023 м
M0 = 1.491412085828156e+20 Н*м - интегральное значение сейсмического момента
Mr_max = 3.5449299996973654e+19 Н*м/с - максимальное значение функции источника
1-ый столбец - отнормированная функция источника
2-ой столбец - время
0.0	0.0
0.0002800768938488086	0.1
0.0501212874019312	0.2
0.1007869828823049	0.30000000000000004
0.14963775868864918	0.4
0.19948085683640673	0.5
0.24799844050918307	0.6000000000000001
0.2947298329741259	0.7000000000000001
0.3430684481641567	0.8
0.39130988832841984	0.9
0.4385179634296016	1.0
0.4825697199757633	1.1
0.5262631148124862	1.2000000000000002
0.5696232440874909	1.3
0.6096251484637458	1.4000000000000001
0.6543123856907315	1.5
0.6888965317237432	1.6
0.7236510597806508	1.7000000000000002
0.7598246755722273	1.8
0.7944340504256914	1.9000000000000001
0.8219146741963912	2.0
0.8584555426371766	2.1
0.8839327143641078	2.2
0.9118866467029074	2.3000000000000003
0.9192735493855134	2.4000000000000004
0.9508503579665614	2.5
0.9681232913016496	2.6
0.9886644204262034	2.7
0.9841233013775463	2.8000000000000003
0.9928954527636251	2.9000000000000004
1.0	3.0
0.9953603196809637	3.1
0.9982705289802631	3.2
0.9819230992471196	3.3000000000000003
0.9906086415934429	3.4000000000000004
0.9683796521771736	3.5
0.9641264002072575	3.6
0.9454569002947747	3.7
0.9224815603716372	3.8000000000000003
0.8949053350134012	3.9000000000000004
0.8736754300751005	4.0
0.8521150621382269	4.1000000000000005
0.8263047257937237	4.2
0.8044055038709413	4.3
0.772049550051044	4.4
0.7497093615333811	4.5
0.7141579595190595	4.6000000000000005
0.6831413965707723	4.7
0.6545440420281033	4.800000000000001
0.6194540032271326	4.9
0.5827707081855166	5.0
0.5545694402714598	5.1000000000000005
0.5264515184114594	5.2
0.49344658728305973	5.300000000000001
0.463225783748344	5.4
0.4362451721120016	5.5
0.40680051594508293	5.6000000000000005
0.37608965109136516	5.7
0.35233166210151806	5.800000000000001
0.3216905728121497	5.9
0.2975773636827918	6.0
0.2747617773887905	6.1000000000000005
0.2528609755836561	6.2
0.23142833030718443	6.300000000000001
0.21238743284535322	6.4
0.19294509071839502	6.5
0.1748624128926188	6.6000000000000005
0.15863256988106378	6.7
0.14187493562370507	6.800000000000001
0.1292056951843356	6.9
0.11676640992363893	7.0
0.10399365409419176	7.1000000000000005
0.09292835747883454	7.2
0.08294838206230741	7.300000000000001
0.07404383115115157	7.4
0.06559524785249021	7.5
0.05798177108744827	7.6000000000000005
0.05131419463575168	7.7
0.04519109539429046	7.800000000000001
0.03948866171734858	7.9
0.03488286213880328	8.0
0.030349938522893867	8.1
0.02643030029515551	8.200000000000001
0.022883689502862067	8.3
0.019728569478702575	8.4
0.017201815135264708	8.5
0.014612985350293256	8.6
0.012574191889216001	8.700000000000001
0.010744707324899811	8.8
0.009198928791410942	8.9
0.007823418532151563	9.0
0.006625417018345768	9.1
0.005604711767887124	9.200000000000001
0.004721358296462746	9.3
0.003986398833752448	9.4
0.0033358082810895444	9.5
0.002780483166602481	9.600000000000001
0.0023195682505963116	9.700000000000001
0.0019068491980052439	9.8
0.0015749713206002335	9.9
0.0012977555578881552	10.0
0.0010556156303700014	10.100000000000001
0.0008522830277138421	10.200000000000001
0.0006863037971495894	10.3
0.0005425648045925119	10.4
0.0004237151134083168	10.5
0.0003239791114107282	10.600000000000001
0.00023863448968746375	10.700000000000001
0.00016349276045750694	10.8
9.153518246771787e-05	10.9
0.0	11.0
0.0	11.100000000000001
0.0	11.200000000000001
0.0	11.3
0.0	11.4
0.0	11.5
0.0	11.600000000000001
0.0	11.700000000000001
0.0	11.8
