a = 13338.43513361295 м
b = 16573.029044161318 м
x0 = 4131.902023779727 м
vr = 1538.9395533794618 м/с
A0 = 1.6713774158364028 м
Xmax = 16180.2026384208 м
sigmaX = 4212.655642701582 м
sigmaY = 4112.30664620964 м
M0 = 2.917517767878734e+20 Н*м - интегральное значение сейсмического момента
Mr_max = 4.4513879085914866e+19 Н*м/с - максимальное значение функции источника
1-ый столбец - отнормированная функция источника
2-ой столбец - время
0.0	0.0
1.4541076253654038e-05	0.1
0.0018079794373299712	0.2
0.003604699023921917	0.30000000000000004
0.005447303261357375	0.4
0.007394945974432679	0.5
0.009290165393315983	0.6000000000000001
0.011500822140567897	0.7000000000000001
0.013644979280587494	0.8
0.016051745858814234	0.9
0.01857561150513916	1.0
0.021380598962283545	1.1
0.024005369887848915	1.2000000000000002
0.027526531320869754	1.3
0.03088111079071003	1.4000000000000001
0.034531025021038775	1.5
0.03853239156731102	1.6
0.04305706277896866	1.7000000000000002
0.047805046502427104	1.8
0.052842384156506494	1.9000000000000001
0.057706391684145444	2.0
0.06406886931477077	2.1
0.06997787103669932	2.2
0.07713881706101612	2.3000000000000003
0.08406420225853903	2.4000000000000004
0.09126158750459056	2.5
0.10029236459364754	2.6
0.10869821372106672	2.7
0.11798829281380054	2.8000000000000003
0.12764776243145223	2.9000000000000004
0.1399295618604628	3.0
0.1486520086529599	3.1
0.16053686207460297	3.2
0.1736358847412148	3.3000000000000003
0.18585618661995212	3.4000000000000004
0.20078804221230548	3.5
0.21386205602461328	3.6
0.2289425591863465	3.7
0.2464328812970528	3.8000000000000003
0.26235036947998197	3.9000000000000004
0.27785730308096035	4.0
0.2959275600917666	4.1000000000000005
0.312289100969942	4.2
0.331541574036137	4.3
0.34818398430275727	4.4
0.36810189574098107	4.5
0.3920240345399366	4.6000000000000005
0.40788846420446856	4.7
0.43401278319608727	4.800000000000001
0.4551359490699004	4.9
0.47267756027531	5.0
0.5003039143418742	5.1000000000000005
0.5234894576091894	5.2
0.5514226206692654	5.300000000000001
0.565319028232527	5.4
0.5849908065093806	5.5
0.6054307187384687	5.6000000000000005
0.6344884334717804	5.7
0.6527273300574913	5.800000000000001
0.6766458806609397	5.9
0.7020049024468878	6.0
0.7193793571898258	6.1000000000000005
0.7470694708032626	6.2
0.7674256826256213	6.300000000000001
0.7855521671711407	6.4
0.808713985281249	6.5
0.8204275900736456	6.6000000000000005
0.8306562045893515	6.7
0.8555807863144329	6.800000000000001
0.8691164066876327	6.9
0.8887122331512012	7.0
0.9117911905179138	7.1000000000000005
0.9271280415914176	7.2
0.9279323917722418	7.300000000000001
0.9429952413451034	7.4
0.9603455838899533	7.5
0.9702291694077322	7.6000000000000005
0.975521721450009	7.7
0.9692424058084744	7.800000000000001
0.9777533658956862	7.9
0.9815876565353367	8.0
1.0	8.1
0.9795925708666963	8.200000000000001
0.9905056217718534	8.3
0.9891895213631762	8.4
0.9847910082053223	8.5
0.967201665782624	8.6
0.9777166326570648	8.700000000000001
0.9606872607767865	8.8
0.9585525878231087	8.9
0.9534127295665908	9.0
0.9367982150973123	9.1
0.9298300276651575	9.200000000000001
0.9195662250911142	9.3
0.9013295985317001	9.4
0.8801352267111494	9.5
0.8700549421875141	9.600000000000001
0.8563059773935662	9.700000000000001
0.8318428768356305	9.8
0.8154941854106802	9.9
0.7913185899704663	10.0
0.7717917265289335	10.100000000000001
0.7539585984264706	10.200000000000001
0.736332927282039	10.3
0.7115031854033742	10.4
0.690156680004088	10.5
0.6707226508783349	10.600000000000001
0.6440225935630151	10.700000000000001
0.6237794556032061	10.8
0.6047832038433089	10.9
0.5800596091317147	11.0
0.558251712768124	11.100000000000001
0.5348920377976454	11.200000000000001
0.511960154863659	11.3
0.4903895278145341	11.4
0.4711449251403197	11.5
0.44996564025091546	11.600000000000001
0.42936642810016107	11.700000000000001
0.408591290230195	11.8
0.38766495974766385	11.9
0.3685493580029034	12.0
0.3507978757481672	12.100000000000001
0.3315597288432237	12.200000000000001
0.31517639251628937	12.3
0.2952503183409516	12.4
0.2805800221632998	12.5
0.26527230082243397	12.600000000000001
0.2492970425168242	12.700000000000001
0.2332089523318935	12.8
0.21858635162263854	12.9
0.2060398758884835	13.0
0.19266355110024297	13.100000000000001
0.17861080403432916	13.200000000000001
0.16757689145759866	13.3
0.15697803930561574	13.4
0.146436007947474	13.5
0.1353412079239405	13.600000000000001
0.12565161923239038	13.700000000000001
0.11608755854851194	13.8
0.10770870982480502	13.9
0.09903142795833204	14.0
0.09164626021577248	14.100000000000001
0.08407466312457136	14.200000000000001
0.0771034157640685	14.3
0.07030991001688339	14.4
0.0631021102562827	14.5
0.05470662296215202	14.600000000000001
0.03939639863864549	14.700000000000001
0.0	14.8
0.0	14.9
0.0	15.0
0.0	15.100000000000001
0.0	15.200000000000001
0.0	15.3
0.0	15.4
0.0	15.5
0.0	15.600000000000001
0.0	15.700000000000001
0.0	15.8
0.0	15.9
0.0	16.0
0.0	16.1
0.0	16.2
0.0	16.3
0.0	16.400000000000002
0.0	16.5
0.0	16.6
0.0	16.7
0.0	16.8
0.0	16.900000000000002
0.0	17.0
0.0	17.1
0.0	17.2
0.0	17.3
0.0	17.400000000000002
0.0	17.5
0.0	17.6
0.0	17.7
0.0	17.8
0.0	17.900000000000002
0.0	18.0
0.0	18.1
0.0	18.2
0.0	18.3
0.0	18.400000000000002
0.0	18.5
0.0	18.6
0.0	18.7
0.0	18.8
0.0	18.900000000000002
0.0	19.0
0.0	19.1
0.0	19.200000000000003
0.0	19.3
0.0	19.400000000000002
0.0	19.5
0.0	19.6
0.0	19.700000000000003
0.0	19.8
