a = 8655.64146165119 м
b = 7383.348967781337 м
x0 = 5297.812028019941 м
vr = 1514.575987092409 м/с
A0 = 1.7348069826548098 м
Xmax = 10756.380846070102 м
sigmaX = 4982.961321584238 м
sigmaY = 4860.787239851669 м
M0 = 3.096018371914469e+20 Н*м - интегральное значение сейсмического момента
Mr_max = 6.1982391513474966e+19 Н*м/с - максимальное значение функции источника
1-ый столбец - отнормированная функция источника
2-ой столбец - время
0.0	0.0
0.0003491375359280468	0.1
0.042598957100592895	0.2
0.08444707103103113	0.30000000000000004
0.12543147054233175	0.4
0.16772012805470682	0.5
0.20932180389880348	0.6000000000000001
0.24632160501862757	0.7000000000000001
0.2854001937006138	0.8
0.327269676770602	0.9
0.3644154318182683	1.0
0.4030046905677896	1.1
0.4420800450720523	1.2000000000000002
0.47507595496085797	1.3
0.5108469325305387	1.4000000000000001
0.5450783619367403	1.5
0.5737119964197231	1.6
0.613527435820715	1.7000000000000002
0.6454604212442272	1.8
0.6765162999801042	1.9000000000000001
0.7066394552493999	2.0
0.7336693881941283	2.1
0.7541983025749729	2.2
0.7840518800799812	2.3000000000000003
0.8126084253825624	2.4000000000000004
0.8427014436525782	2.5
0.8572749177001424	2.6
0.8732347929434059	2.7
0.8944671348214557	2.8000000000000003
0.9152284008018808	2.9000000000000004
0.9356926044197162	3.0
0.9539170594992862	3.1
0.9687629020571216	3.2
0.9803385805162999	3.3000000000000003
0.9905425019419138	3.4000000000000004
1.0	3.5
0.9991586128967533	3.6
0.9781575239537622	3.7
0.9745980048696644	3.8000000000000003
0.9605281924173187	3.9000000000000004
0.9461760904733703	4.0
0.943027229875998	4.1000000000000005
0.9288517959481911	4.2
0.9219592915029586	4.3
0.9263065717180033	4.4
0.9078962334445934	4.5
0.8983126686629033	4.6000000000000005
0.8752303486404563	4.7
0.8695155505942206	4.800000000000001
0.8646036244713683	4.9
0.8530276656583485	5.0
0.8352056410233509	5.1000000000000005
0.8230650923168584	5.2
0.802428207891868	5.300000000000001
0.7890383028946415	5.4
0.7695526388086411	5.5
0.7507213351015446	5.6000000000000005
0.7263852609176981	5.7
0.718945681000201	5.800000000000001
0.6822025316706353	5.9
0.6618167032144253	6.0
0.6458211271948441	6.1000000000000005
0.6262456896927265	6.2
0.593404569225257	6.300000000000001
0.5678706291557148	6.4
0.5404255627018915	6.5
0.5253273894639124	6.6000000000000005
0.5005294551157586	6.7
0.4707565688824771	6.800000000000001
0.44244578277387236	6.9
0.4179171598207571	7.0
0.3893406803754805	7.1000000000000005
0.355614238039076	7.2
0.333108268465813	7.300000000000001
0.3030716936170374	7.4
0.2756781929089074	7.5
0.24252798606035508	7.6000000000000005
0.20925685085854517	7.7
0.1718997009850776	7.800000000000001
0.1270085615858217	7.9
0.06310006385530618	8.0
0.0	8.1
0.0	8.200000000000001
0.0	8.3
0.0	8.4
0.0	8.5
0.0	8.6
0.0	8.700000000000001
0.0	8.8
0.0	8.9
