a = 9135.016904480231 м
b = 10302.298501039837 м
x0 = 6497.206873769413 м
vr = 2004.8695972950409 м/с
A0 = 0.990301954598453 м
Xmax = 7866.710488124287 м
sigmaX = 4268.044722769468 м
sigmaY = 4359.593647528487 м
M0 = 1.793349522556474e+20 Н*м - интегральное значение сейсмического момента
Mr_max = 5.5045836346395165e+19 Н*м/с - максимальное значение функции источника
1-ый столбец - отнормированная функция источника
2-ой столбец - время
0.0	0.0
0.0005139894198719585	0.1
0.08163953511122472	0.2
0.16483687842926267	0.30000000000000004
0.24141911822202433	0.4
0.3200689169553727	0.5
0.3957201454648875	0.6000000000000001
0.464926229475518	0.7000000000000001
0.5345496184676995	0.8
0.5935756719243266	0.9
0.6593265276443272	1.0
0.7121113476612285	1.1
0.7624855929287552	1.2000000000000002
0.8050376231926119	1.3
0.8533246533609811	1.4000000000000001
0.8882801784494997	1.5
0.9174565787511834	1.6
0.947090766768724	1.7000000000000002
0.9617480327791709	1.8
0.9830129215605367	1.9000000000000001
0.9972275970318988	2.0
1.0	2.1
0.9948284929365426	2.2
0.9935777714811428	2.3000000000000003
0.9974137344717645	2.4000000000000004
0.9821839129422327	2.5
0.9712262024472714	2.6
0.9515137988122092	2.7
0.9391687947825751	2.8000000000000003
0.9038113929857589	2.9000000000000004
0.8894842169839804	3.0
0.8682718640413849	3.1
0.8242831890040725	3.2
0.7995486341678901	3.3000000000000003
0.7360760578975949	3.4000000000000004
0.6704730324753676	3.5
0.6194089386877579	3.6
0.5859744311807056	3.7
0.544193875079835	3.8000000000000003
0.5078655188349771	3.9000000000000004
0.4678623395773035	4.0
0.43725212462413227	4.1000000000000005
0.4029758495011671	4.2
0.37277080541863733	4.3
0.3436514732863254	4.4
0.3150590783759809	4.5
0.28520896044101024	4.6000000000000005
0.26149460509873673	4.7
0.23971887891408283	4.800000000000001
0.2154931964642887	4.9
0.19439626193017442	5.0
0.1761309161703532	5.1000000000000005
0.15580088183602545	5.2
0.13892299761100121	5.300000000000001
0.12233362793696997	5.4
0.10693452395839462	5.5
0.09236760460445165	5.6000000000000005
0.0778637478626283	5.7
0.06318998916375196	5.800000000000001
0.046120188671465986	5.9
0.0	6.0
0.0	6.1000000000000005
0.0	6.2
0.0	6.300000000000001
0.0	6.4
0.0	6.5
0.0	6.6000000000000005
0.0	6.7
0.0	6.800000000000001
0.0	6.9
0.0	7.0
0.0	7.1000000000000005
0.0	7.2
0.0	7.300000000000001
0.0	7.4
0.0	7.5
0.0	7.6000000000000005
0.0	7.7
0.0	7.800000000000001
0.0	7.9
0.0	8.0
