a = 17475.622888022994 м
b = 11184.865058303001 м
x0 = 2316.730047050935 м
vr = 1903.6116593363913 м/с
A0 = 1.8768783243682876 м
Xmax = 12236.118667459514 м
sigmaX = 4535.090786598326 м
sigmaY = 4979.095342241132 м
M0 = 4.365023018836469e+20 Н*м - интегральное значение сейсмического момента
Mr_max = 7.769761880813663e+19 Н*м/с - максимальное значение функции источника
1-ый столбец - отнормированная функция источника
2-ой столбец - время
0.0	0.0
6.317343294444882e-05	0.1
0.00968254319108409	0.2
0.019248696318603816	0.30000000000000004
0.029233710898308275	0.4
0.039213953395120356	0.5
0.04919172560627917	0.6000000000000001
0.059784334986397084	0.7000000000000001
0.0710706661451728	0.8
0.08233812372120594	0.9
0.09441166324038715	1.0
0.10674863945670299	1.1
0.1195160690649577	1.2000000000000002
0.1339766151539465	1.3
0.14334933915611395	1.4000000000000001
0.1570656032258653	1.5
0.16960618091066373	1.6
0.18714934461129626	1.7000000000000002
0.20460965495427424	1.8
0.22089501705195347	1.9000000000000001
0.23994275841074345	2.0
0.2606548038426494	2.1
0.2791288842166167	2.2
0.3005958951117855	2.3000000000000003
0.3270802457093726	2.4000000000000004
0.3506017477719966	2.5
0.37121011379242524	2.6
0.3955415477650836	2.7
0.4220796194513117	2.8000000000000003
0.44599388630309855	2.9000000000000004
0.47651689954817994	3.0
0.5030380027528842	3.1
0.5304653313601799	3.2
0.559097779438736	3.3000000000000003
0.5801468629044405	3.4000000000000004
0.6105995594609763	3.5
0.6415165215179987	3.6
0.6683078393325992	3.7
0.699125956521851	3.8000000000000003
0.7188816225276976	3.9000000000000004
0.7498942871943748	4.0
0.7638689463127776	4.1000000000000005
0.7905651707184447	4.2
0.8214147139760313	4.3
0.8420456693873544	4.4
0.8671228379482092	4.5
0.8820925803875969	4.6000000000000005
0.8978671774373577	4.7
0.9227700002349887	4.800000000000001
0.9328473654266498	4.9
0.9446823076514044	5.0
0.9607391061914673	5.1000000000000005
0.9641052972692151	5.2
0.9808667775679957	5.300000000000001
0.9877362567608488	5.4
0.997501953762502	5.5
1.0	5.6000000000000005
0.9887830298994195	5.7
0.9951955661397192	5.800000000000001
0.9911921477486593	5.9
0.9894960850361999	6.0
0.986255926102345	6.1000000000000005
0.9852359122504727	6.2
0.9711643843776802	6.300000000000001
0.9562872981266834	6.4
0.9324173351487905	6.5
0.9302397634295025	6.6000000000000005
0.9083032362248619	6.7
0.9047294327340573	6.800000000000001
0.8831346654632104	6.9
0.8584084303889482	7.0
0.8390938829667695	7.1000000000000005
0.8106158507845778	7.2
0.7881446013519119	7.300000000000001
0.7666980152492282	7.4
0.7453620874229945	7.5
0.72586699304692	7.6000000000000005
0.6954951931504753	7.7
0.6669503417291245	7.800000000000001
0.6388058122237629	7.9
0.6075888469528945	8.0
0.5882439429822409	8.1
0.5603661160517308	8.200000000000001
0.537023486476276	8.3
0.5101370335658272	8.4
0.4817500936826115	8.5
0.46333208625600747	8.6
0.43255104417766815	8.700000000000001
0.40812827855817535	8.8
0.38701461870036785	8.9
0.36240072878922175	9.0
0.3445925613724143	9.1
0.3211780964245035	9.200000000000001
0.29964119690917096	9.3
0.2795576442384933	9.4
0.2597351693758967	9.5
0.24202087223628366	9.600000000000001
0.2249116975629247	9.700000000000001
0.2116311377242177	9.8
0.1940209692376642	9.9
0.18012609159683216	10.0
0.16425425403305846	10.100000000000001
0.1500303370099455	10.200000000000001
0.1385700331283782	10.3
0.1270323622595441	10.4
0.11682487632138273	10.5
0.10743631383597377	10.600000000000001
0.09784491654055512	10.700000000000001
0.0886886979270041	10.8
0.08095277712097532	10.9
0.07247803459685369	11.0
0.06608379608848008	11.100000000000001
0.05963454036624169	11.200000000000001
0.05372767068072867	11.3
0.048004971406834226	11.4
0.04333220339911444	11.5
0.038650333527107304	11.600000000000001
0.03460121289757836	11.700000000000001
0.030788459852830432	11.8
0.027601723685200967	11.9
0.024291161583466468	12.0
0.021754777825776932	12.100000000000001
0.019132851916088416	12.200000000000001
0.016878135929533186	12.3
0.01494775074213138	12.4
0.013104800732218565	12.5
0.01145031810173898	12.600000000000001
0.010049059447072971	12.700000000000001
0.008832129077536848	12.8
0.007725130591485346	12.9
0.006634895214970372	13.0
0.005850370653999958	13.100000000000001
0.005013229262440592	13.200000000000001
0.004374230589736144	13.3
0.003790192696238542	13.4
0.003244271387672744	13.5
0.002818543704939743	13.600000000000001
0.002406423173570073	13.700000000000001
0.002052379021517091	13.8
0.001753848308757715	13.9
0.001492577343374554	14.0
0.0012849542597056169	14.100000000000001
0.0010763880352347892	14.200000000000001
0.0009166042823160903	14.3
0.0007762146068107712	14.4
0.0006541893444556178	14.5
0.0005449121362252246	14.600000000000001
0.0004568845204460518	14.700000000000001
0.00038227310899870636	14.8
0.00032020023222879157	14.9
0.0002652687949968514	15.0
0.00022029197332410145	15.100000000000001
0.0001824740322935083	15.200000000000001
0.00015038526622941393	15.3
0.0001241338589960679	15.4
0.00010110444219256277	15.5
8.269675887141849e-05	15.600000000000001
6.721232330789088e-05	15.700000000000001
5.4485577581411244e-05	15.8
4.403378220598489e-05	15.9
3.5179315746121906e-05	16.0
2.8328739971195606e-05	16.1
2.2530910347153064e-05	16.2
1.7766739981596783e-05	16.3
1.3942496784156497e-05	16.400000000000002
1.0798261554917074e-05	16.5
8.306617531133247e-06	16.6
6.287248306582835e-06	16.7
4.689657524783527e-06	16.8
3.3886407087396973e-06	16.900000000000002
2.3437434717318533e-06	17.0
1.4817683057563543e-06	17.1
6.815831933345838e-07	17.2
0.0	17.3
0.0	17.400000000000002
0.0	17.5
0.0	17.6
0.0	17.7
0.0	17.8
0.0	17.900000000000002
0.0	18.0
0.0	18.1
