a = 6550.2348681666645 м
b = 7789.729733435058 м
x0 = 555.5167674994399 м
vr = 1789.1757220524237 м/с
A0 = 1.4827102988853058 м
Xmax = 8473.67387793653 м
sigmaX = 4118.100810406994 м
sigmaY = 4674.484729406622 м
M0 = 2.0187026605877795e+20 Н*м - интегральное значение сейсмического момента
Mr_max = 4.79944811441406e+19 Н*м/с - максимальное значение функции источника
1-ый столбец - отнормированная функция источника
2-ой столбец - время
0.0	0.0
0.0001308325508309236	0.1
0.018717362391910856	0.2
0.037422851533497344	0.30000000000000004
0.05666981215082112	0.4
0.06311810218278395	0.5
0.07412249041761991	0.6000000000000001
0.08815296922653293	0.7000000000000001
0.10328076454108504	0.8
0.11994387796477902	0.9
0.13702772559288648	1.0
0.15601871138838502	1.1
0.17623580796123853	1.2000000000000002
0.19598655879519725	1.3
0.21577056713698067	1.4000000000000001
0.24107627560120715	1.5
0.2648572490020993	1.6
0.2921839114268677	1.7000000000000002
0.31999851246351646	1.8
0.3403978434761257	1.9000000000000001
0.3692859042274654	2.0
0.3990076157409311	2.1
0.42789402767753326	2.2
0.4583112021494365	2.3000000000000003
0.4855892133883385	2.4000000000000004
0.5202941732437669	2.5
0.5479481369242083	2.6
0.5746847507148191	2.7
0.6078696003224381	2.8000000000000003
0.6339335129138056	2.9000000000000004
0.674142395594839	3.0
0.694816979629125	3.1
0.7252518905491319	3.2
0.756184927454612	3.3000000000000003
0.7770499816630215	3.4000000000000004
0.8082509202471618	3.5
0.8349274190737084	3.6
0.8543233660244235	3.7
0.8842797740898958	3.8000000000000003
0.8994681523958361	3.9000000000000004
0.9202283536383948	4.0
0.9434001995033645	4.1000000000000005
0.9583886306765336	4.2
0.9614369108066991	4.3
0.9745849340283009	4.4
0.9888246041269304	4.5
0.9848044385303392	4.6000000000000005
0.9868774933095706	4.7
0.9997328718633368	4.800000000000001
1.0	4.9
0.9993875699302449	5.0
0.9886405246905287	5.1000000000000005
0.9857549477697582	5.2
0.9699074770054317	5.300000000000001
0.9643448654026047	5.4
0.9587798056669682	5.5
0.9243693095678267	5.6000000000000005
0.9086110959460778	5.7
0.8913754882502781	5.800000000000001
0.8655305012480243	5.9
0.8358436832088152	6.0
0.8010869119620416	6.1000000000000005
0.7769002268838412	6.2
0.7437275682560471	6.300000000000001
0.7038270686991444	6.4
0.6609315579073781	6.5
0.6147123821504307	6.6000000000000005
0.5604119036847041	6.7
0.49946222353990666	6.800000000000001
0.421881869487701	6.9
0.31957644937616175	7.0
0.11317342065304953	7.1000000000000005
0.0	7.2
0.0	7.300000000000001
0.0	7.4
0.0	7.5
0.0	7.6000000000000005
0.0	7.7
0.0	7.800000000000001
0.0	7.9
0.0	8.0
0.0	8.1
0.0	8.200000000000001
0.0	8.3
0.0	8.4
0.0	8.5
0.0	8.6
0.0	8.700000000000001
0.0	8.8
0.0	8.9
0.0	9.0
0.0	9.1
0.0	9.200000000000001
0.0	9.3
