a = 8717.52653687841 м
b = 9874.06727907474 м
x0 = 4788.319685401954 м
vr = 2366.8063858335427 м/с
A0 = 1.2497506330760428 м
Xmax = 8527.253793757118 м
sigmaX = 4515.342841326534 м
sigmaY = 4809.215284452156 м
M0 = 2.47431463267482e+20 Н*м - интегральное значение сейсмического момента
Mr_max = 7.749590570697892e+19 Н*м/с - максимальное значение функции источника
1-ый столбец - отнормированная функция источника
2-ой столбец - время
0.0	0.0
0.00040648206147888763	0.1
0.07761401779748807	0.2
0.15026615183817893	0.30000000000000004
0.22667032615316363	0.4
0.29783479792509193	0.5
0.3709882480810496	0.6000000000000001
0.436248837698575	0.7000000000000001
0.5015690106854236	0.8
0.5648443796207383	0.9
0.6158208843238605	1.0
0.6733745996712829	1.1
0.7279384268293503	1.2000000000000002
0.7730507854173748	1.3
0.8191364239333104	1.4000000000000001
0.85797317333781	1.5
0.8874345478392942	1.6
0.9174877211621061	1.7000000000000002
0.9526835686073112	1.8
0.9772176111693356	1.9000000000000001
0.9911899312471728	2.0
1.0	2.1
0.9667349374031896	2.2
0.950895276607665	2.3000000000000003
0.9408409840127494	2.4000000000000004
0.9332427985182624	2.5
0.9037978780390623	2.6
0.8881620365567767	2.7
0.8711019617172742	2.8000000000000003
0.8486098409496471	2.9000000000000004
0.8351398991853941	3.0
0.8117912648958144	3.1
0.7907650946467066	3.2
0.762040749985464	3.3000000000000003
0.7258655830412543	3.4000000000000004
0.7032463797973565	3.5
0.6752905777148618	3.6
0.6385341182349283	3.7
0.60523509308428	3.8000000000000003
0.5801767328122808	3.9000000000000004
0.5405540394328767	4.0
0.5066983947729465	4.1000000000000005
0.4720070486653504	4.2
0.4374529473723853	4.3
0.4032610713270765	4.4
0.3730050676546303	4.5
0.3417814408363678	4.6000000000000005
0.309312344168538	4.7
0.2790281321164489	4.800000000000001
0.2509684374377969	4.9
0.22013622591199708	5.0
0.19072479504263856	5.1000000000000005
0.1582991793052172	5.2
0.1228810094203512	5.300000000000001
0.07099591589398702	5.4
0.0	5.5
0.0	5.6000000000000005
0.0	5.7
0.0	5.800000000000001
0.0	5.9
0.0	6.0
0.0	6.1000000000000005
0.0	6.2
0.0	6.300000000000001
0.0	6.4
0.0	6.5
0.0	6.6000000000000005
0.0	6.7
0.0	6.800000000000001
0.0	6.9
0.0	7.0
0.0	7.1000000000000005
0.0	7.2
0.0	7.300000000000001
