a = 11228.494401703227 м
b = 12145.589608377117 м
x0 = 8925.26462760827 м
vr = 1823.6553962378307 м/с
A0 = 1.1056944391391519 м
Xmax = 13017.870672171717 м
sigmaX = 4757.224039562818 м
sigmaY = 4127.904283170319 м
M0 = 2.1974410138347635e+20 Н*м - интегральное значение сейсмического момента
Mr_max = 4.912959510519867e+19 Н*м/с - максимальное значение функции источника
1-ый столбец - отнормированная функция источника
2-ой столбец - время
0.0	0.0
0.0004255848427073334	0.1
0.06250962329614479	0.2
0.1227165818323231	0.30000000000000004
0.18580722595507715	0.4
0.24462021927136204	0.5
0.30199303427793756	0.6000000000000001
0.35878482074610746	0.7000000000000001
0.41069900390844766	0.8
0.46706111634306874	0.9
0.5120412350775634	1.0
0.566130327023161	1.1
0.614422461748204	1.2000000000000002
0.6546916270456311	1.3
0.6995020135641812	1.4000000000000001
0.7376693441544027	1.5
0.7802136120957913	1.6
0.8076342436941758	1.7000000000000002
0.8461642995819882	1.8
0.861508962587373	1.9000000000000001
0.8951712751303488	2.0
0.9179871530098195	2.1
0.9352013479849878	2.2
0.9509344404915899	2.3000000000000003
0.9764050717323061	2.4000000000000004
0.9733794613344604	2.5
0.9911193476363904	2.6
0.9908018688371488	2.7
0.9968753681729637	2.8000000000000003
1.0	2.9000000000000004
0.9895287263578975	3.0
0.9952206829923395	3.1
0.9759210605298068	3.2
0.9788772870090753	3.3000000000000003
0.9664958906331979	3.4000000000000004
0.9512141118315229	3.5
0.9460072785762168	3.6
0.9149635714793963	3.7
0.9161546564786066	3.8000000000000003
0.8824184982371956	3.9000000000000004
0.8664562090823656	4.0
0.8441224594475943	4.1000000000000005
0.8232143426541005	4.2
0.7992688302731834	4.3
0.7698424307352233	4.4
0.7506390186096292	4.5
0.7234574911923309	4.6000000000000005
0.7037492411231456	4.7
0.6747142443198841	4.800000000000001
0.6507220607552024	4.9
0.6273480875341233	5.0
0.5846458566854551	5.1000000000000005
0.5684266040401252	5.2
0.5311955066294851	5.300000000000001
0.5129865465389701	5.4
0.4857342886286148	5.5
0.46234934543761985	5.6000000000000005
0.4359081062863655	5.7
0.41404503711363105	5.800000000000001
0.39489886845021716	5.9
0.3690618975714684	6.0
0.35047368117605443	6.1000000000000005
0.32887203569516255	6.2
0.30759888067706675	6.300000000000001
0.2912030198181142	6.4
0.27202349526650277	6.5
0.2540779289367088	6.6000000000000005
0.23811643598064122	6.7
0.22095424696318036	6.800000000000001
0.20650970554462428	6.9
0.19184742546050246	7.0
0.17643292592993828	7.1000000000000005
0.16052088318965946	7.2
0.1467268863569487	7.300000000000001
0.12805883981430607	7.4
0.08196463020981677	7.5
0.0	7.6000000000000005
0.0	7.7
0.0	7.800000000000001
0.0	7.9
0.0	8.0
0.0	8.1
0.0	8.200000000000001
0.0	8.3
0.0	8.4
0.0	8.5
0.0	8.6
0.0	8.700000000000001
0.0	8.8
0.0	8.9
0.0	9.0
0.0	9.1
0.0	9.200000000000001
0.0	9.3
0.0	9.4
