a = 13709.308950909392 м
b = 13365.761829408973 м
x0 = 7510.195886221261 м
vr = 1970.5052886462854 м/с
A0 = 1.2127711048733814 м
Xmax = 17187.748013741788 м
sigmaX = 4325.271860014428 м
sigmaY = 4438.098668548196 м
M0 = 2.3539957036459593e+20 Н*м - интегральное значение сейсмического момента
Mr_max = 4.595640425134166e+19 Н*м/с - максимальное значение функции источника
1-ый столбец - отнормированная функция источника
2-ой столбец - время
0.0	0.0
6.398941177875389e-05	0.1
0.010184467120271214	0.2
0.020271971196014083	0.30000000000000004
0.030512896783718657	0.4
0.04113166699578922	0.5
0.05197379759824135	0.6000000000000001
0.06339276611867316	0.7000000000000001
0.07510013571266741	0.8
0.08690504995751953	0.9
0.10037563970624597	1.0
0.11259704663179332	1.1
0.1268024148398726	1.2000000000000002
0.14368258559781974	1.3
0.1599390289880998	1.4000000000000001
0.1759305850978498	1.5
0.19511944765575795	1.6
0.2112765346805016	1.7000000000000002
0.23408954817586183	1.8
0.2535102928263171	1.9000000000000001
0.27496647466671503	2.0
0.29763035570473356	2.1
0.3207432788597636	2.2
0.34424155858335415	2.3000000000000003
0.3716409514604394	2.4000000000000004
0.3962941341752289	2.5
0.42286195177556646	2.6
0.45035844630124366	2.7
0.4824575077862431	2.8000000000000003
0.5100973469395629	2.9000000000000004
0.5381775318409816	3.0
0.568001262271462	3.1
0.5972695004897193	3.2
0.6208698435986124	3.3000000000000003
0.6524092120620381	3.4000000000000004
0.6763386429025722	3.5
0.7127260706597588	3.6
0.7474409143295034	3.7
0.7665214765991447	3.8000000000000003
0.7933405766930754	3.9000000000000004
0.8232608011205668	4.0
0.8338831099370738	4.1000000000000005
0.8491486194035182	4.2
0.8843572687016823	4.3
0.9033099227708646	4.4
0.9233666351790775	4.5
0.9342868096976318	4.6000000000000005
0.9433715089227792	4.7
0.9696364031494967	4.800000000000001
0.9745459544010915	4.9
0.9812793504080523	5.0
0.9919277759800875	5.1000000000000005
0.9886543729075424	5.2
1.0	5.300000000000001
0.9937346385842698	5.4
0.9964436154891332	5.5
0.9919103878159208	5.6000000000000005
0.9775314155324566	5.7
0.9777853280610066	5.800000000000001
0.9524620117819161	5.9
0.9465337947721154	6.0
0.9455721253301388	6.1000000000000005
0.9175069275600711	6.2
0.9041218249934361	6.300000000000001
0.8795206169938623	6.4
0.8533527388597878	6.5
0.8337849969403341	6.6000000000000005
0.8122857364083873	6.7
0.7797440748020374	6.800000000000001
0.7645217802430117	6.9
0.7304519212584232	7.0
0.7105815677073205	7.1000000000000005
0.68084321351365	7.2
0.648342570041427	7.300000000000001
0.6239729693817885	7.4
0.5945041842329206	7.5
0.5662963824928092	7.6000000000000005
0.5421695289394594	7.7
0.5088466901909131	7.800000000000001
0.48235954433160666	7.9
0.454367891691008	8.0
0.4280314912677104	8.1
0.40059069801586644	8.200000000000001
0.37355124884789814	8.3
0.35081041544280167	8.4
0.3290573405549365	8.5
0.30740655496474767	8.6
0.2838645452190603	8.700000000000001
0.261511417787285	8.8
0.2398510532945012	8.9
0.22088486280141614	9.0
0.20103162488369583	9.1
0.18336435150343833	9.200000000000001
0.16596215109133555	9.3
0.14965503685567966	9.4
0.13351493924637933	9.5
0.1175995725311653	9.600000000000001
0.10320672819342235	9.700000000000001
0.08786194554600807	9.8
0.0726268063228082	9.9
0.057042992647523605	10.0
0.03927384225538779	10.100000000000001
0.00784127148296146	10.200000000000001
0.0	10.3
0.0	10.4
0.0	10.5
0.0	10.600000000000001
0.0	10.700000000000001
0.0	10.8
0.0	10.9
0.0	11.0
0.0	11.100000000000001
