a = 7033.854469027858 м
b = 5220.877489939698 м
x0 = 3397.9485806851076 м
vr = 2148.857901395657 м/с
A0 = 1.8251405885077425 м
Xmax = 8927.86010162467 м
sigmaX = 4775.590004262826 м
sigmaY = 4082.1482506524844 м
M0 = 2.174684222865125e+20 Н*м - интегральное значение сейсмического момента
Mr_max = 6.32496267743968e+19 Н*м/с - максимальное значение функции источника
1-ый столбец - отнормированная функция источника
2-ой столбец - время
0.0	0.0
0.00047598143209797545	0.1
0.08185475195570671	0.2
0.16122366240523078	0.30000000000000004
0.2409201917685055	0.4
0.3186435843881646	0.5
0.39321745259921903	0.6000000000000001
0.46619078693295607	0.7000000000000001
0.5361221281083569	0.8
0.6114570505883575	0.9
0.672600129759161	1.0
0.7466969320407134	1.1
0.7972581542686452	1.2000000000000002
0.858896689768347	1.3
0.9140084065848322	1.4000000000000001
0.9603318580270436	1.5
1.0	1.6
0.9897909873688205	1.7000000000000002
0.9586438509333014	1.8
0.9662284217442156	1.9000000000000001
0.955206576504948	2.0
0.9670516719779305	2.1
0.9761169980989849	2.2
0.9899486086532341	2.3000000000000003
0.9856642118056299	2.4000000000000004
0.9793454541285368	2.5
0.9790131159852001	2.6
0.9822589921053745	2.7
0.9509520895064595	2.8000000000000003
0.9445871467987549	2.9000000000000004
0.9195606321834008	3.0
0.9100957903728093	3.1
0.8974141426980725	3.2
0.8676534414218381	3.3000000000000003
0.8389281974297013	3.4000000000000004
0.8196883863408004	3.5
0.8010596387209119	3.6
0.7622585765847605	3.7
0.7364189980392303	3.8000000000000003
0.696313593577931	3.9000000000000004
0.657826706941709	4.0
0.6186039719222113	4.1000000000000005
0.5777223965089103	4.2
0.5405938204052235	4.3
0.4973181338793252	4.4
0.4519456854710771	4.5
0.3989805492121419	4.6000000000000005
0.34749341974990977	4.7
0.29161176639444114	4.800000000000001
0.22660754659314927	4.9
0.13976085872271504	5.0
0.0	5.1000000000000005
0.0	5.2
0.0	5.300000000000001
0.0	5.4
0.0	5.5
0.0	5.6000000000000005
0.0	5.7
0.0	5.800000000000001
0.0	5.9
