a = 13638.03169284716 м
b = 8790.93163154085 м
x0 = 10372.607477226833 м
vr = 2372.6890002442537 м/с
A0 = 1.991261889346764 м
Xmax = 10697.698716734752 м
sigmaX = 4883.128694697954 м
sigmaY = 4468.652354330185 м
M0 = 4.334858328497141e+20 Н*м - интегральное значение сейсмического момента
Mr_max = 1.5067582529492373e+20 Н*м/с - максимальное значение функции источника
1-ый столбец - отнормированная функция источника
2-ой столбец - время
0.0	0.0
0.0004693194621477403	0.1
0.0885874359552546	0.2
0.17647987140460233	0.30000000000000004
0.2625593935797065	0.4
0.3470661489755854	0.5
0.42167236348191667	0.6000000000000001
0.49988970902255353	0.7000000000000001
0.5730741017564046	0.8
0.6415414325749905	0.9
0.6990030041517431	1.0
0.7530514856560034	1.1
0.8026681600861293	1.2000000000000002
0.8492367405126923	1.3
0.8890499981075267	1.4000000000000001
0.9120870581247879	1.5
0.9413467511928802	1.6
0.9664035626651719	1.7000000000000002
0.9817376000565037	1.8
0.9897949001811083	1.9000000000000001
1.0	2.0
0.9977094669661205	2.1
0.9866353384325193	2.2
0.9719336517928419	2.3000000000000003
0.9464692871968635	2.4000000000000004
0.9303802521100047	2.5
0.8999397096550958	2.6
0.8781448657905425	2.7
0.8512229977523109	2.8000000000000003
0.823252143929393	2.9000000000000004
0.7888408814819166	3.0
0.7523060881903731	3.1
0.7139590034654093	3.2
0.6733808497035464	3.3000000000000003
0.6363141135365836	3.4000000000000004
0.6017159788837457	3.5
0.5608729877930455	3.6
0.44614495667579707	3.7
0.3788822146338597	3.8000000000000003
0.3223827299664997	3.9000000000000004
0.2756395483877029	4.0
0.23690436865183243	4.1000000000000005
0.19983252834140125	4.2
0.16891626809427376	4.3
0.13890301066760136	4.4
0.10513392223820306	4.5
0.09349852846013197	4.6000000000000005
0.08209859677761963	4.7
0.07261764967939828	4.800000000000001
0.06347106192909353	4.9
0.05546652093601288	5.0
0.04843197958081232	5.1000000000000005
0.04251842191878884	5.2
0.03632206233012614	5.300000000000001
0.031206469817370207	5.4
0.027019662129296716	5.5
0.023233129918908323	5.6000000000000005
0.019825981653875807	5.7
0.016743067490510626	5.800000000000001
0.014214281664357648	5.9
0.012045629490920366	6.0
0.010110137018915654	6.1000000000000005
0.008457328599486414	6.2
0.006996391375776934	6.300000000000001
0.005738690436966296	6.4
0.004676935842974873	6.5
0.003772651565535491	6.6000000000000005
0.0029802318057215666	6.7
0.002328732699106687	6.800000000000001
0.001754261540829473	6.9
0.0012523586073000998	7.0
0.0008051798205509124	7.1000000000000005
0.0003126339795660291	7.2
0.0	7.300000000000001
0.0	7.4
0.0	7.5
0.0	7.6000000000000005
0.0	7.7
0.0	7.800000000000001
0.0	7.9
0.0	8.0
0.0	8.1
