a = 12330.162852974172 м
b = 14980.231605144025 м
x0 = 7219.13526683484 м
vr = 1797.4982672870638 м/с
A0 = 0.69019832848361 м
Xmax = 8713.705737289461 м
sigmaX = 4005.580480722225 м
sigmaY = 4793.477259525476 м
M0 = 1.4201080287563712e+20 Н*м - интегральное значение сейсмического момента
Mr_max = 3.5807316137497702e+19 Н*м/с - максимальное значение функции источника
1-ый столбец - отнормированная функция источника
2-ой столбец - время
0.0	0.0
0.00048480332400439033	0.1
0.06929115819766907	0.2
0.13873595124981858	0.30000000000000004
0.20701624565234927	0.4
0.2700603208129029	0.5
0.3366519696120241	0.6000000000000001
0.40137391328702005	0.7000000000000001
0.46269151202831615	0.8
0.5230254305053756	0.9
0.5717775442361155	1.0
0.6248971986501646	1.1
0.675615725288126	1.2000000000000002
0.7250650741932404	1.3
0.770822232952614	1.4000000000000001
0.8031534832462339	1.5
0.8436213555045854	1.6
0.8786577499532798	1.7000000000000002
0.8955073950769212	1.8
0.9310481236511082	1.9000000000000001
0.9492070292648039	2.0
0.9662746675568786	2.1
0.9821447042063087	2.2
0.9837504649305318	2.3000000000000003
0.9954088605504473	2.4000000000000004
0.9954058187603276	2.5
1.0	2.6
0.9944457907688582	2.7
0.9815480644335499	2.8000000000000003
0.980731499639387	2.9000000000000004
0.9626248159714691	3.0
0.9454521875049817	3.1
0.94093123261856	3.2
0.9141024637095598	3.3000000000000003
0.899149928363514	3.4000000000000004
0.8783915748095541	3.5
0.8503971289712345	3.6
0.8212647823680975	3.7
0.797017114860175	3.8000000000000003
0.7701436501773361	3.9000000000000004
0.7417167681768451	4.0
0.7119437562622423	4.1000000000000005
0.6600678102653383	4.2
0.623138777378157	4.3
0.5923485238801253	4.4
0.5596899065367331	4.5
0.5225439851773742	4.6000000000000005
0.4988476693940258	4.7
0.4685199476123521	4.800000000000001
0.4388969677262997	4.9
0.4110292641644604	5.0
0.3896983043349369	5.1000000000000005
0.36482153462902955	5.2
0.3378060558843227	5.300000000000001
0.31393278604114716	5.4
0.2918876385115862	5.5
0.27133956257080705	5.6000000000000005
0.25152841475884236	5.7
0.23435485231616046	5.800000000000001
0.21466655766700155	5.9
0.19882630334414675	6.0
0.1814899572200786	6.1000000000000005
0.16593274840045222	6.2
0.1526427033148248	6.300000000000001
0.14012150503117052	6.4
0.12749706021711327	6.5
0.11535432388074265	6.6000000000000005
0.10510284789555731	6.7
0.09543291988225917	6.800000000000001
0.08627923934741845	6.9
0.07815311421925454	7.0
0.07014037881203923	7.1000000000000005
0.06221592890774345	7.2
0.0557660841675284	7.300000000000001
0.05031051576393635	7.4
0.044470742862287825	7.5
0.04009789706946591	7.6000000000000005
0.035146630200318586	7.7
0.03132774622330038	7.800000000000001
0.027295008768524757	7.9
0.023923395991691142	8.0
0.021024939974230127	8.1
0.018292110526843007	8.200000000000001
0.015975683294909344	8.3
0.013794947612235514	8.4
0.011872474520184442	8.5
0.010131690536857006	8.6
0.008623861912389806	8.700000000000001
0.007300343604799505	8.8
0.006128969420377528	8.9
0.005169141604107722	9.0
0.004229197603326985	9.1
0.003465504607009811	9.200000000000001
0.0028019970481537072	9.3
0.002220907317653826	9.4
0.0017384408950036677	9.5
0.001303514632842366	9.600000000000001
0.0009262930158477267	9.700000000000001
0.0005219978546154337	9.8
0.0	9.9
0.0	10.0
0.0	10.100000000000001
0.0	10.200000000000001
0.0	10.3
0.0	10.4
0.0	10.5
0.0	10.600000000000001
0.0	10.700000000000001
0.0	10.8
0.0	10.9
0.0	11.0
0.0	11.100000000000001
0.0	11.200000000000001
0.0	11.3
0.0	11.4
0.0	11.5
0.0	11.600000000000001
0.0	11.700000000000001
0.0	11.8
0.0	11.9
0.0	12.0
0.0	12.100000000000001
0.0	12.200000000000001
0.0	12.3
0.0	12.4
0.0	12.5
0.0	12.600000000000001
0.0	12.700000000000001
0.0	12.8
0.0	12.9
0.0	13.0
0.0	13.100000000000001
0.0	13.200000000000001
0.0	13.3
0.0	13.4
0.0	13.5
0.0	13.600000000000001
