a = 7391.395002558843 м
b = 8399.147120941712 м
x0 = 1364.8351888459852 м
vr = 2238.24506430056 м/с
A0 = 0.8902012873294844 м
Xmax = 7181.342482861422 м
sigmaX = 4025.207321131478 м
sigmaY = 4733.698290823944 м
M0 = 1.4239242688614659e+20 Н*м - интегральное значение сейсмического момента
Mr_max = 3.930314410305868e+19 Н*м/с - максимальное значение функции источника
1-ый столбец - отнормированная функция источника
2-ой столбец - время
0.0	0.0
0.0002677094798669817	0.1
0.04773663617780686	0.2
0.09470383556962692	0.30000000000000004
0.14277479096557022	0.4
0.19077318756811903	0.5
0.23656404426381059	0.6000000000000001
0.28421014962478625	0.7000000000000001
0.3015649002399333	0.8
0.33098993264394755	0.9
0.3658336195802859	1.0
0.3983727564927466	1.1
0.43446280950170585	1.2000000000000002
0.48300175247361193	1.3
0.5170888051305611	1.4000000000000001
0.5702833699951224	1.5
0.5977758396079461	1.6
0.6402823998625864	1.7000000000000002
0.6833205233552314	1.8
0.721819366127029	1.9000000000000001
0.7670008476319485	2.0
0.7783925799605559	2.1
0.8245796353668452	2.2
0.8600167592320265	2.3000000000000003
0.8798232579953509	2.4000000000000004
0.9084344868660521	2.5
0.9371119138236319	2.6
0.9590056658310542	2.7
0.9719638170721354	2.8000000000000003
0.9940489689087981	2.9000000000000004
0.9995096472678425	3.0
0.9896323648432424	3.1
1.0	3.2
0.9869487577849627	3.3000000000000003
0.9771067033412045	3.4000000000000004
0.9733926337520801	3.5
0.9653598370584983	3.6
0.9409192881533476	3.7
0.9306745916863112	3.8000000000000003
0.9095727702002807	3.9000000000000004
0.8759047973763604	4.0
0.8411300337110161	4.1000000000000005
0.8227999573356721	4.2
0.7816790320062594	4.3
0.7436674603822049	4.4
0.7211957683612165	4.5
0.6720701724636586	4.6000000000000005
0.6258144993413223	4.7
0.5939391929175103	4.800000000000001
0.5534664576161072	4.9
0.506707765772425	5.0
0.47115239191379477	5.1000000000000005
0.43178307096464985	5.2
0.38903934598632345	5.300000000000001
0.3502737377203766	5.4
0.30732711786525246	5.5
0.2720037250062305	5.6000000000000005
0.23251874393888924	5.7
0.191549708862284	5.800000000000001
0.14928032803120989	5.9
0.10064699141573308	6.0
0.0	6.1000000000000005
0.0	6.2
0.0	6.300000000000001
0.0	6.4
0.0	6.5
0.0	6.6000000000000005
0.0	6.7
0.0	6.800000000000001
0.0	6.9
0.0	7.0
0.0	7.1000000000000005
0.0	7.2
0.0	7.300000000000001
0.0	7.4
0.0	7.5
0.0	7.6000000000000005
0.0	7.7
0.0	7.800000000000001
