a = 15653.233044718674 м
b = 14681.076236512963 м
x0 = 760.9068665133615 м
vr = 1991.5824376413404 м/с
A0 = 1.3500369801060859 м
Xmax = 19343.321671006026 м
sigmaX = 4511.317203469324 м
sigmaY = 4063.591818781758 м
M0 = 2.4311863881641584e+20 Н*м - интегральное значение сейсмического момента
Mr_max = 4.4141595198270956e+19 Н*м/с - максимальное значение функции источника
1-ый столбец - отнормированная функция источника
2-ой столбец - время
0.0	0.0
1.897301558781854e-07	0.1
3.059066390612704e-05	0.2
6.199936637404007e-05	0.30000000000000004
9.653872916518066e-05	0.4
0.00012924777310792515	0.5
0.00016317319639514105	0.6000000000000001
0.00020795103530032056	0.7000000000000001
0.0002651655705652332	0.8
0.0003320207229901033	0.9
0.0004123708821210849	1.0
0.0005024838846925317	1.1
0.0006207012034727438	1.2000000000000002
0.0007554453690926736	1.3
0.0009215120897759504	1.4000000000000001
0.0011152655498646356	1.5
0.0013260651827445395	1.6
0.0016032502312031145	1.7000000000000002
0.001910194187829741	1.8
0.002265540512471919	1.9000000000000001
0.002689760950640948	2.0
0.003161239987042944	2.1
0.0036676419138500604	2.2
0.004315510406539265	2.3000000000000003
0.005072627501718823	2.4000000000000004
0.0058685193316408615	2.5
0.0067853690451953564	2.6
0.007933687284446945	2.7
0.009064118950012204	2.8000000000000003
0.010450265356549245	2.9000000000000004
0.012110254973173097	3.0
0.013838746552129334	3.1
0.015919854891613277	3.2
0.017927088719300027	3.3000000000000003
0.020628974166128796	3.4000000000000004
0.023337228537572405	3.5
0.02649808368533187	3.6
0.029994849263604673	3.7
0.033830111356019946	3.8000000000000003
0.037688502132659195	3.9000000000000004
0.042738024305128394	4.0
0.04722763611222319	4.1000000000000005
0.05314325292048393	4.2
0.0589179402888972	4.3
0.06641879506979802	4.4
0.07338175936196356	4.5
0.08150061252146497	4.6000000000000005
0.09026313400613706	4.7
0.09960859650644428	4.800000000000001
0.110029384700595	4.9
0.11962087055343255	5.0
0.13199177373001356	5.1000000000000005
0.1443687377293398	5.2
0.15671768302729513	5.300000000000001
0.17002763094157264	5.4
0.18502295372354743	5.5
0.20195592737861695	5.6000000000000005
0.21853307778976297	5.7
0.23360764470391734	5.800000000000001
0.25176224758836724	5.9
0.2723484354609503	6.0
0.2925387276743834	6.1000000000000005
0.3143510870539431	6.2
0.33690832304127705	6.300000000000001
0.3585154270507305	6.4
0.38419711104777043	6.5
0.4085691215597185	6.6000000000000005
0.42846801210461505	6.7
0.45777659829300155	6.800000000000001
0.4827310729140609	6.9
0.5093448823813035	7.0
0.5367552591695846	7.1000000000000005
0.5587818454471175	7.2
0.5909369784369037	7.300000000000001
0.6150807766949108	7.4
0.6457357289221557	7.5
0.6718158022945433	7.6000000000000005
0.6972368009633718	7.7
0.7212871766162418	7.800000000000001
0.7495056182148512	7.9
0.7764463233498216	8.0
0.7970425217785745	8.1
0.820515807364214	8.200000000000001
0.8401057623652451	8.3
0.8548521863270432	8.4
0.8764767932999666	8.5
0.8957123020597728	8.6
0.9146109831040706	8.700000000000001
0.9254522233510791	8.8
0.9362242609553414	8.9
0.9530783797020107	9.0
0.9648659283822564	9.1
0.9758377177036807	9.200000000000001
0.9852741330386315	9.3
0.9813277600127337	9.4
0.9916185288907529	9.5
1.0	9.600000000000001
0.9881061111365843	9.700000000000001
0.9785824549031388	9.8
0.9817485680736487	9.9
0.9674066963452229	10.0
0.9667254118985892	10.100000000000001
0.9495765906909492	10.200000000000001
0.9322895915833421	10.3
0.9219190631430022	10.4
0.9040496542753963	10.5
0.8927041174880164	10.600000000000001
0.8740426868523359	10.700000000000001
0.8469338567213079	10.8
0.8283517118040414	10.9
0.8082547104813278	11.0
0.7834759851289119	11.100000000000001
0.7600064403612412	11.200000000000001
0.7372580714500195	11.3
0.7129645714080218	11.4
0.687444946470497	11.5
0.6567697152496832	11.600000000000001
0.6329011315801688	11.700000000000001
0.606452039669842	11.8
0.5817622041193979	11.9
0.5530938023495615	12.0
0.5257060891394038	12.100000000000001
0.5025686316961417	12.200000000000001
0.474686253842143	12.3
0.4480491720002304	12.4
0.42398382976542315	12.5
0.39902357722533566	12.600000000000001
0.37494229723641354	12.700000000000001
0.3536549641845768	12.8
0.3307333838800443	12.9
0.30855625242305207	13.0
0.28928174391781375	13.100000000000001
0.2681598476706343	13.200000000000001
0.2500182343061643	13.3
0.23192146927172	13.4
0.2142618533534604	13.5
0.1973201382972735	13.600000000000001
0.18232510221559978	13.700000000000001
0.16679716037773082	13.8
0.15326447586912847	13.9
0.14014566130928796	14.0
0.12764936142797778	14.100000000000001
0.11608928297103766	14.200000000000001
0.1046629041336641	14.3
0.09500079666638307	14.4
0.08526283276020616	14.5
0.07622915466384626	14.600000000000001
0.06747014327477642	14.700000000000001
0.0593935168137679	14.8
0.051598569916934504	14.9
0.044086092153654596	15.0
0.036861732870767466	15.100000000000001
0.02949605120734027	15.200000000000001
0.02144116629475823	15.3
0.010866226278836856	15.4
0.0	15.5
0.0	15.600000000000001
0.0	15.700000000000001
0.0	15.8
0.0	15.9
0.0	16.0
0.0	16.1
0.0	16.2
0.0	16.3
