a = 12342.828750382914 м
b = 11473.42079099113 м
x0 = 7191.251991717008 м
vr = 1503.411345330612 м/с
A0 = 1.6935842989935534 м
Xmax = 14048.876676294005 м
sigmaX = 4046.0562913511403 м
sigmaY = 4569.652407825197 м
M0 = 3.212928790045964e+20 Н*м - интегральное значение сейсмического момента
Mr_max = 5.323909747609908e+19 Н*м/с - максимальное значение функции источника
1-ый столбец - отнормированная функция источника
2-ой столбец - время
0.0	0.0
0.00017085890551213115	0.1
0.020858423740877825	0.2
0.041420799448747006	0.30000000000000004
0.06152223721920003	0.4
0.0827981099456827	0.5
0.1033266110253486	0.6000000000000001
0.12406486136509219	0.7000000000000001
0.14427035279340159	0.8
0.16533342658047634	0.9
0.1868853449027266	1.0
0.20875224835241607	1.1
0.23060999146573494	1.2000000000000002
0.25249741427744915	1.3
0.27532215891506023	1.4000000000000001
0.2975727980244421	1.5
0.31474377094383216	1.6
0.3417535663484466	1.7000000000000002
0.3686920936115081	1.8
0.3912031630548588	1.9000000000000001
0.4169234108171345	2.0
0.4424395377633408	2.1
0.46293978251724854	2.2
0.49326757776697794	2.3000000000000003
0.5140521071183237	2.4000000000000004
0.5428093610892152	2.5
0.567295044366254	2.6
0.5941084992279463	2.7
0.6143105956102684	2.8000000000000003
0.638447324047357	2.9000000000000004
0.6649189955851696	3.0
0.6817059320578855	3.1
0.7088345768226629	3.2
0.7280699378462343	3.3000000000000003
0.752893505889964	3.4000000000000004
0.7794624442450797	3.5
0.802213185718236	3.6
0.8164507639972464	3.7
0.8393363514716908	3.8000000000000003
0.8588432143160748	3.9000000000000004
0.8789041216279313	4.0
0.8889364004421529	4.1000000000000005
0.909330104883349	4.2
0.9203791961404035	4.3
0.9362556646968798	4.4
0.9515682063079689	4.5
0.9562619494508147	4.6000000000000005
0.966843740967787	4.7
0.9836506587926461	4.800000000000001
0.9867087856202755	4.9
0.9897722088464976	5.0
0.9883436024290784	5.1000000000000005
0.9911304968207122	5.2
1.0	5.300000000000001
0.9863952089159969	5.4
0.9907130787950973	5.5
0.989245082052343	5.6000000000000005
0.9883101438357982	5.7
0.9694641223168005	5.800000000000001
0.9673190187703095	5.9
0.9505156892979305	6.0
0.9527706393194499	6.1000000000000005
0.9307205814510026	6.2
0.9206383121392887	6.300000000000001
0.8965563403356055	6.4
0.8919351215260162	6.5
0.8754918021977808	6.6000000000000005
0.8538991532300275	6.7
0.8319123052612745	6.800000000000001
0.8228525969490492	6.9
0.801742888641762	7.0
0.771482361785342	7.1000000000000005
0.7553734475166054	7.2
0.7336988906029905	7.300000000000001
0.7140938992218452	7.4
0.6825051532700336	7.5
0.6639836011652784	7.6000000000000005
0.6400587729025972	7.7
0.6128729719589384	7.800000000000001
0.5932512344457567	7.9
0.5681880756197446	8.0
0.542998586824361	8.1
0.52506791405339	8.200000000000001
0.49753145057435605	8.3
0.4784215227451899	8.4
0.45284481225600337	8.5
0.4315972191386783	8.6
0.4065406502648124	8.700000000000001
0.38619624394207397	8.8
0.36455504729881305	8.9
0.3432464656772863	9.0
0.3234378594112903	9.1
0.3041182926643196	9.200000000000001
0.2828447284982177	9.3
0.2673357357950376	9.4
0.2502371060293525	9.5
0.23191904076890607	9.600000000000001
0.215077704687297	9.700000000000001
0.19869113334674524	9.8
0.18479554725627936	9.9
0.17103259808739615	10.0
0.15578597392972166	10.100000000000001
0.14263451658525042	10.200000000000001
0.12933607461993576	10.3
0.11830299724425647	10.4
0.10696734173770446	10.5
0.09643249046129995	10.600000000000001
0.08679365561642276	10.700000000000001
0.07708352014553688	10.8
0.06819641449359068	10.9
0.05986403948049727	11.0
0.0520958802594856	11.100000000000001
0.04462697710420028	11.200000000000001
0.037490962741403025	11.3
0.0306523335543701	11.4
0.023873359104157336	11.5
0.016956318626098123	11.600000000000001
0.008268366724750023	11.700000000000001
0.0	11.8
0.0	11.9
0.0	12.0
0.0	12.100000000000001
0.0	12.200000000000001
0.0	12.3
0.0	12.4
0.0	12.5
0.0	12.600000000000001
