a = 13737.241433513174 м
b = 13626.179604709041 м
x0 = 10328.957105016016 м
vr = 1758.7475706468317 м/с
A0 = 1.8844451679361527 м
Xmax = 16208.838599876202 м
sigmaX = 4292.141169605016 м
sigmaY = 4129.0487750145 м
M0 = 3.526938513335321e+20 Н*м - интегральное значение сейсмического момента
Mr_max = 6.768594530815786e+19 Н*м/с - максимальное значение функции источника
1-ый столбец - отнормированная функция источника
2-ой столбец - время
0.0	0.0
0.0002874811982738118	0.1
0.040844245195943825	0.2
0.08079617489844951	0.30000000000000004
0.12073596101110903	0.4
0.1603244387658361	0.5
0.19934315372225903	0.6000000000000001
0.2390995832508219	0.7000000000000001
0.27632252424182996	0.8
0.31533563193647607	0.9
0.3511430603007307	1.0
0.39144255520247595	1.1
0.4288172281032123	1.2000000000000002
0.4645774994012387	1.3
0.49948137903059747	1.4000000000000001
0.5327438933293062	1.5
0.5712201686848833	1.6
0.604980783472543	1.7000000000000002
0.6369084804581929	1.8
0.6663138638971248	1.9000000000000001
0.697802874969079	2.0
0.7270060482576671	2.1
0.7614522066240839	2.2
0.782198277156775	2.3000000000000003
0.808198625325719	2.4000000000000004
0.8355383680312973	2.5
0.8546055896119006	2.6
0.8788129114519477	2.7
0.8967318027710979	2.8000000000000003
0.9150040909064266	2.9000000000000004
0.9287967343832961	3.0
0.9372294768208611	3.1
0.9632979413976044	3.2
0.9729525186115067	3.3000000000000003
0.9738825397808197	3.4000000000000004
0.9767289499090561	3.5
0.9984226118012455	3.6
0.9973751994665296	3.7
1.0	3.8000000000000003
0.9938599835374822	3.9000000000000004
0.9887384451593305	4.0
0.9955130351721018	4.1000000000000005
0.986937249844671	4.2
0.9691795713784863	4.3
0.9768607514076524	4.4
0.9653324741761633	4.5
0.9353369961662242	4.6000000000000005
0.9304242869641778	4.7
0.9116507784715074	4.800000000000001
0.8955699150690167	4.9
0.8841348539347509	5.0
0.8602965643416854	5.1000000000000005
0.8352668406430184	5.2
0.8207457806011834	5.300000000000001
0.7885310788402635	5.4
0.7720704912060394	5.5
0.7500623607292747	5.6000000000000005
0.7202393923704323	5.7
0.6941589689608679	5.800000000000001
0.6740672299161413	5.9
0.6442729439810895	6.0
0.6225747861879123	6.1000000000000005
0.5941319529193553	6.2
0.5718665157109257	6.300000000000001
0.5422450334712904	6.4
0.5159073444245467	6.5
0.490673733959511	6.6000000000000005
0.46695233192013896	6.7
0.44026912894649045	6.800000000000001
0.41905508915084055	6.9
0.4034781891732917	7.0
0.37618395350069384	7.1000000000000005
0.34779860498076853	7.2
0.3302592138868106	7.300000000000001
0.3109712142449345	7.4
0.2921075069092383	7.5
0.2735871812470244	7.6000000000000005
0.25409446615858206	7.7
0.23773505550338705	7.800000000000001
0.2188728971680634	7.9
0.20478028411401408	8.0
0.18932886808296145	8.1
0.17475053419593004	8.200000000000001
0.1613875188787532	8.3
0.14913495915665698	8.4
0.1362908283744623	8.5
0.12460183702367582	8.6
0.11434296675581172	8.700000000000001
0.10409069386134363	8.8
0.093758644931554	8.9
0.08460080426768696	9.0
0.076200399867025	9.1
0.06788136613606822	9.200000000000001
0.06023486156494313	9.3
0.05240434814515279	9.4
0.04464337034070623	9.5
0.036561280865679786	9.600000000000001
0.027799868520912267	9.700000000000001
0.015835826551821853	9.8
0.0	9.9
0.0	10.0
0.0	10.100000000000001
0.0	10.200000000000001
0.0	10.3
0.0	10.4
0.0	10.5
0.0	10.600000000000001
0.0	10.700000000000001
