a = 12654.6031443433 м
b = 14721.817615702728 м
x0 = 6970.557728202449 м
vr = 2136.116051553478 м/с
A0 = 1.2918126354619157 м
Xmax = 12258.647785916532 м
sigmaX = 4594.74059422114 м
sigmaY = 4068.1477726135736 м
M0 = 2.5808771876399048e+20 Н*м - интегральное значение сейсмического момента
Mr_max = 6.06059938747083e+19 Н*м/с - максимальное значение функции источника
1-ый столбец - отнормированная функция источника
2-ой столбец - время
0.0	0.0
0.0003525785269525336	0.1
0.05990604581398724	0.2
0.12028771138136927	0.30000000000000004
0.1800648871303968	0.4
0.23697898322461391	0.5
0.29300976832855213	0.6000000000000001
0.3500273791344901	0.7000000000000001
0.40177478034097686	0.8
0.45409872226070297	0.9
0.5058767373632019	1.0
0.5554728826286309	1.1
0.604096416480915	1.2000000000000002
0.6489707805184732	1.3
0.6891965404279904	1.4000000000000001
0.7289112245374456	1.5
0.766533441511997	1.6
0.7998675485222033	1.7000000000000002
0.8304286342441328	1.8
0.8690500981401327	1.9000000000000001
0.8799773232807081	2.0
0.9183098981065856	2.1
0.9368684838039928	2.2
0.9495781042266652	2.3000000000000003
0.9743547307807318	2.4000000000000004
0.975790150813083	2.5
0.9827956507054315	2.6
0.9867067179665429	2.7
1.0	2.8000000000000003
0.9976838658524046	2.9000000000000004
0.9904924045373273	3.0
0.9881789538852758	3.1
0.9766828857562849	3.2
0.9657253188321	3.3000000000000003
0.9574472109787143	3.4000000000000004
0.925770825530755	3.5
0.924514993972668	3.6
0.8902186845825657	3.7
0.8680951826974727	3.8000000000000003
0.8448822931017878	3.9000000000000004
0.8303135903670174	4.0
0.8034738022096134	4.1000000000000005
0.7775555374733087	4.2
0.7530125136193513	4.3
0.7189516542114396	4.4
0.6969170319533149	4.5
0.6646817469779603	4.6000000000000005
0.6395682241941942	4.7
0.6073939033436291	4.800000000000001
0.5842249393662884	4.9
0.5541841826660596	5.0
0.5249196738491952	5.1000000000000005
0.49681356413315575	5.2
0.46582426869129645	5.300000000000001
0.4411540868322826	5.4
0.41862893893561715	5.5
0.39011948861655155	5.6000000000000005
0.3654115602564583	5.7
0.3421107217230703	5.800000000000001
0.31912752430992725	5.9
0.29578010693823353	6.0
0.27348492039162664	6.1000000000000005
0.25683867033545266	6.2
0.23432627144569435	6.300000000000001
0.2172565617190175	6.4
0.19862032198203766	6.5
0.1818934602429665	6.6000000000000005
0.16679381012692393	6.7
0.1536348290647869	6.800000000000001
0.1395699500357355	6.9
0.126243740037705	7.0
0.11562279804559603	7.1000000000000005
0.1036990000308085	7.2
0.0940303160512074	7.300000000000001
0.084683207453569	7.4
0.07599606806566246	7.5
0.06838534581232801	7.6000000000000005
0.061614688239535254	7.7
0.05485981505400022	7.800000000000001
0.04856058902618749	7.9
0.043374624805483535	8.0
0.03827795411170156	8.1
0.03358981475006955	8.200000000000001
0.02950820518759241	8.3
0.02565615119736541	8.4
0.02181634396986861	8.5
0.01703712670281519	8.6
0.0	8.700000000000001
0.0	8.8
0.0	8.9
0.0	9.0
0.0	9.1
0.0	9.200000000000001
0.0	9.3
0.0	9.4
0.0	9.5
0.0	9.600000000000001
0.0	9.700000000000001
0.0	9.8
0.0	9.9
0.0	10.0
0.0	10.100000000000001
0.0	10.200000000000001
0.0	10.3
0.0	10.4
0.0	10.5
0.0	10.600000000000001
0.0	10.700000000000001
0.0	10.8
0.0	10.9
0.0	11.0
0.0	11.100000000000001
0.0	11.200000000000001
0.0	11.3
0.0	11.4
0.0	11.5
