a = 11541.507105813243 м
b = 10982.649020380573 м
x0 = 1740.9054176631655 м
vr = 2042.8929093460013 м/с
A0 = 0.6625589760032944 м
Xmax = 8802.908969072978 м
sigmaX = 4554.507909146006 м
sigmaY = 4102.955923834909 м
M0 = 1.2529475908744947e+20 Н*м - интегральное значение сейсмического момента
Mr_max = 2.5500536028262294e+19 Н*м/с - максимальное значение функции источника
1-ый столбец - отнормированная функция источника
2-ой столбец - время
0.0	0.0
0.00023963436102589268	0.1
0.03930896444996985	0.2
0.07788111439642811	0.30000000000000004
0.11723060549819572	0.4
0.15642743548163335	0.5
0.19361899013604106	0.6000000000000001
0.23251075937978977	0.7000000000000001
0.2710002987854583	0.8
0.3081274884599027	0.9
0.32779151524838196	1.0
0.34933104624865585	1.1
0.37735596741792016	1.2000000000000002
0.4069724612844993	1.3
0.43725952184067235	1.4000000000000001
0.47175233929055	1.5
0.49915667963621924	1.6
0.5312472906965046	1.7000000000000002
0.5663510165551489	1.8
0.5962629984847043	1.9000000000000001
0.625570038700878	2.0
0.6696165304559336	2.1
0.6972853503567434	2.2
0.7227565319939615	2.3000000000000003
0.7581083696978194	2.4000000000000004
0.7800918205277625	2.5
0.8105021788873945	2.6
0.8434614594313105	2.7
0.8581815671020844	2.8000000000000003
0.8842332851083561	2.9000000000000004
0.9092790154713313	3.0
0.9269266847868377	3.1
0.9449965996936228	3.2
0.9585219114248448	3.3000000000000003
0.9644584676825225	3.4000000000000004
0.9858200845915082	3.5
0.994010774605361	3.6
0.9929642603391305	3.7
0.996187429134927	3.8000000000000003
0.9988638196945945	3.9000000000000004
1.0	4.0
0.9996736222593031	4.1000000000000005
0.9805499099039421	4.2
0.9748713883425462	4.3
0.9796746054238213	4.4
0.9626949880437227	4.5
0.9527322648745807	4.6000000000000005
0.9187285858325922	4.7
0.9129373747987665	4.800000000000001
0.8944541555168338	4.9
0.8676448032839533	5.0
0.849927304686169	5.1000000000000005
0.8175199945760941	5.2
0.8013983462506992	5.300000000000001
0.7689628658172196	5.4
0.7558126028334016	5.5
0.7209114479115174	5.6000000000000005
0.6909850610500295	5.7
0.6601349189199357	5.800000000000001
0.6351631619048466	5.9
0.6049421102460664	6.0
0.5776202964925062	6.1000000000000005
0.545799810809588	6.2
0.520680449409034	6.300000000000001
0.49128788811443946	6.4
0.4666375301418426	6.5
0.4405666799014799	6.6000000000000005
0.4133896399867634	6.7
0.3884237982094238	6.800000000000001
0.36447322304680774	6.9
0.3408287353234947	7.0
0.31691137168327027	7.1000000000000005
0.2973677897124543	7.2
0.2742810144281211	7.300000000000001
0.25532131763347676	7.4
0.23554054591802032	7.5
0.21845046058946524	7.6000000000000005
0.2004040806410269	7.7
0.1833373526532895	7.800000000000001
0.16791329522425014	7.9
0.15479463332892532	8.0
0.13929753784936943	8.1
0.12737482838583597	8.200000000000001
0.1150868611549978	8.3
0.10498640044800948	8.4
0.09486994723877878	8.5
0.0855426405551467	8.6
0.07661623312451252	8.700000000000001
0.06885404292419905	8.8
0.06123493588158857	8.9
0.054863001810318376	9.0
0.04887892326809114	9.1
0.042932609978249894	9.200000000000001
0.03773466523918641	9.3
0.03326898453994056	9.4
0.02897620945840376	9.5
0.025139050429155672	9.600000000000001
0.021755997838444296	9.700000000000001
0.018678622613123346	9.8
0.0158399623122604	9.9
0.013273588737553108	10.0
0.010906372559175493	10.100000000000001
0.008727543897428967	10.200000000000001
0.006723960386189213	10.3
0.0047347424799179146	10.4
0.002457410590197578	10.5
0.0	10.600000000000001
0.0	10.700000000000001
0.0	10.8
0.0	10.9
0.0	11.0
0.0	11.100000000000001
0.0	11.200000000000001
0.0	11.3
0.0	11.4
