a = 9215.652524472986 м
b = 11255.537320188687 м
x0 = 8847.608639118618 м
vr = 2003.40347262706 м/с
A0 = 1.6968849520384106 м
Xmax = 6687.810325608454 м
sigmaX = 4394.717415279064 м
sigmaY = 4865.959710817318 м
M0 = 3.2645873340637426e+20 Н*м - интегральное значение сейсмического момента
Mr_max = 9.532900953425676e+19 Н*м/с - максимальное значение функции источника
1-ый столбец - отнормированная функция источника
2-ой столбец - время
0.0	0.0
0.0004739407137914412	0.1
0.07623858027233872	0.2
0.15064597608467512	0.30000000000000004
0.22344593628434042	0.4
0.294631859649736	0.5
0.36271078636116894	0.6000000000000001
0.43055425305128936	0.7000000000000001
0.492916829286905	0.8
0.5528549639802122	0.9
0.6131773195344762	1.0
0.6616041112058316	1.1
0.7172385718715364	1.2000000000000002
0.7560502017150124	1.3
0.8039154763181368	1.4000000000000001
0.8435480382066296	1.5
0.8731363842491009	1.6
0.9047549614119232	1.7000000000000002
0.9359142528137222	1.8
0.9485781396179797	1.9000000000000001
0.9617799167327464	2.0
0.9902827154424104	2.1
0.9870903147285708	2.2
0.9910364887812868	2.3000000000000003
1.0	2.4000000000000004
0.9963572213672911	2.5
0.9800437567775598	2.6
0.9775997527522721	2.7
0.971766119504366	2.8000000000000003
0.9443963156302028	2.9000000000000004
0.9371813842334169	3.0
0.9136941821576909	3.1
0.8886053007728897	3.2
0.8689968388550167	3.3000000000000003
0.8411825559116249	3.4000000000000004
0.8118429583459583	3.5
0.7879842673712598	3.6
0.759184821196702	3.7
0.7317756716977937	3.8000000000000003
0.7006101895385263	3.9000000000000004
0.6703935413680258	4.0
0.6372680476573223	4.1000000000000005
0.6081157942595452	4.2
0.5760123145667848	4.3
0.5435966798538948	4.4
0.5167317906166348	4.5
0.3928265504274141	4.6000000000000005
0.3275487993724395	4.7
0.27870811013084706	4.800000000000001
0.2335276696072088	4.9
0.19270559455956848	5.0
0.15790925577281267	5.1000000000000005
0.12849182311488078	5.2
0.10338466807943014	5.300000000000001
0.08010835243058038	5.4
0.059003386441925404	5.5
0.039031855394354796	5.6000000000000005
0.016310684183132453	5.7
0.0	5.800000000000001
0.0	5.9
0.0	6.0
0.0	6.1000000000000005
0.0	6.2
0.0	6.300000000000001
0.0	6.4
0.0	6.5
0.0	6.6000000000000005
0.0	6.7
0.0	6.800000000000001
0.0	6.9
0.0	7.0
0.0	7.1000000000000005
0.0	7.2
0.0	7.300000000000001
0.0	7.4
0.0	7.5
0.0	7.6000000000000005
0.0	7.7
0.0	7.800000000000001
