a = 7353.682658111599 м
b = 8415.448880928338 м
x0 = 5331.367600727973 м
vr = 1686.3484869950921 м/с
A0 = 1.757190269462875 м
Xmax = 6073.186148021324 м
sigmaX = 4689.587298805684 м
sigmaY = 4112.229073353286 м
M0 = 2.7734355782295657e+20 Н*м - интегральное значение сейсмического момента
Mr_max = 8.32397597652728e+19 Н*м/с - максимальное значение функции источника
1-ый столбец - отнормированная функция источника
2-ой столбец - время
0.0	0.0
0.0005274072913677818	0.1
0.07114931270332173	0.2
0.13986598258930352	0.30000000000000004
0.21114337347930118	0.4
0.2736396421144357	0.5
0.34169920050834257	0.6000000000000001
0.4036648509902964	0.7000000000000001
0.4674999180519287	0.8
0.5229187198127148	0.9
0.5743331288708409	1.0
0.6351161284380352	1.1
0.6735408154624714	1.2000000000000002
0.7262981728582075	1.3
0.7719806316898012	1.4000000000000001
0.8061601407945238	1.5
0.8434228135201519	1.6
0.8697415712383442	1.7000000000000002
0.9038590429882044	1.8
0.9255076048720502	1.9000000000000001
0.9450957178744602	2.0
0.9726142075081117	2.1
0.9739411252125149	2.2
0.9916729435003168	2.3000000000000003
0.9948861783114279	2.4000000000000004
0.9967830279873814	2.5
1.0	2.6
0.996102832484068	2.7
0.990264971371744	2.8000000000000003
0.9778583524624794	2.9000000000000004
0.970488672918589	3.0
0.9525130705411301	3.1
0.9332977391728658	3.2
0.859623862631304	3.3000000000000003
0.7861392919312283	3.4000000000000004
0.7345753806806792	3.5
0.6857995263902129	3.6
0.6490526829950548	3.7
0.6061188375590142	3.8000000000000003
0.5738539000479876	3.9000000000000004
0.5402828032288938	4.0
0.5148564771869478	4.1000000000000005
0.4801968286526185	4.2
0.44521307963036305	4.3
0.4171665059842909	4.4
0.39526858114282576	4.5
0.3685526493000337	4.6000000000000005
0.3408142376642753	4.7
0.3177819714374315	4.800000000000001
0.2956037141891548	4.9
0.2732736113077472	5.0
0.2506466869979728	5.1000000000000005
0.2309243723096015	5.2
0.2070089292749637	5.300000000000001
0.1876569453607821	5.4
0.16414345212825338	5.5
0.13649824128769344	5.6000000000000005
0.0	5.7
0.0	5.800000000000001
0.0	5.9
0.0	6.0
0.0	6.1000000000000005
0.0	6.2
0.0	6.300000000000001
0.0	6.4
0.0	6.5
0.0	6.6000000000000005
0.0	6.7
0.0	6.800000000000001
0.0	6.9
0.0	7.0
0.0	7.1000000000000005
0.0	7.2
0.0	7.300000000000001
0.0	7.4
0.0	7.5
0.0	7.6000000000000005
0.0	7.7
0.0	7.800000000000001
