a = 11598.617647946228 м
b = 7010.854220696369 м
x0 = 10840.871656112946 м
vr = 1961.7226764887864 м/с
A0 = 1.758539898897832 м
Xmax = 11035.479600118935 м
sigmaX = 4466.7423394392445 м
sigmaY = 4962.37166954905 м
M0 = 3.347038981230086e+20 Н*м - интегральное значение сейсмического момента
Mr_max = 1.0746215956005136e+20 Н*м/с - максимальное значение функции источника
1-ый столбец - отнормированная функция источника
2-ой столбец - время
0.0	0.0
0.0004810947857080444	0.1
0.07642561347636923	0.2
0.1500524095532925	0.30000000000000004
0.22243001764685721	0.4
0.29271085645211503	0.5
0.363862903386582	0.6000000000000001
0.4279427245561533	0.7000000000000001
0.49274039757951943	0.8
0.5477026416191253	0.9
0.6118987352197105	1.0
0.6635340059396219	1.1
0.7159494107017298	1.2000000000000002
0.7547406363466928	1.3
0.8078994589727392	1.4000000000000001
0.8374377317051052	1.5
0.8716964197540897	1.6
0.9058503566490791	1.7000000000000002
0.9290860802117684	1.8
0.9522674793298904	1.9000000000000001
0.9675437917482548	2.0
0.9847378527029632	2.1
0.986457916586844	2.2
1.0	2.3000000000000003
0.990823453944002	2.4000000000000004
0.997227280785017	2.5
0.9848477604883457	2.6
0.9832546780111145	2.7
0.96267577736893	2.8000000000000003
0.9503993120930484	2.9000000000000004
0.9296426248832295	3.0
0.9131654067370132	3.1
0.8915897247586132	3.2
0.8705021268489624	3.3000000000000003
0.840430881259485	3.4000000000000004
0.8109034002581011	3.5
0.784157574778121	3.6
0.6602761555879352	3.7
0.551377531517659	3.8000000000000003
0.47381011072628	3.9000000000000004
0.41525906091724335	4.0
0.3629054707927764	4.1000000000000005
0.3184023340578772	4.2
0.2805191272992598	4.3
0.24411633016002937	4.4
0.21452116084181103	4.5
0.18607575465270487	4.6000000000000005
0.16029877261688688	4.7
0.13952824650796608	4.800000000000001
0.12196149967274766	4.9
0.10371133197105392	5.0
0.08949513534534928	5.1000000000000005
0.07584635330041653	5.2
0.06334901718373745	5.300000000000001
0.05152755097732519	5.4
0.041419972781892356	5.5
0.03048735725922371	5.6000000000000005
0.022279680871341877	5.7
0.018302640238662776	5.800000000000001
0.015083393353605413	5.9
0.011989467558955805	6.0
0.009285253878802066	6.1000000000000005
0.006731716376642144	6.2
0.004250432683973983	6.300000000000001
0.00033053411648027275	6.4
0.0	6.5
0.0	6.6000000000000005
0.0	6.7
0.0	6.800000000000001
0.0	6.9
0.0	7.0
0.0	7.1000000000000005
0.0	7.2
