a = 3509.1910623092845 м
b = 4540.957077844504 м
x0 = 2177.543059208734 м
vr = 1597.7002988243446 м/с
A0 = 1.5148567435732756 м
Xmax = 3160.5446546101475 м
sigmaX = 4815.077328683539 м
sigmaY = 4404.606179423271 м
M0 = 1.021025931630983e+20 Н*м - интегральное значение сейсмического момента
Mr_max = 4.7844492031232025e+19 Н*м/с - максимальное значение функции источника
1-ый столбец - отнормированная функция источника
2-ой столбец - время
0.0	0.0
0.0007432265519407886	0.1
0.09508054127438913	0.2
0.1875946819153272	0.30000000000000004
0.2772650207863054	0.4
0.36584662137448687	0.5
0.4511002071666738	0.6000000000000001
0.5398887277349459	0.7000000000000001
0.6105141399182012	0.8
0.6741547335572966	0.9
0.7485609017473979	1.0
0.8188421987142072	1.1
0.8838719878721347	1.2000000000000002
0.9433775939452324	1.3
1.0	1.4000000000000001
0.9521386528908284	1.5
0.9075916691758413	1.6
0.9101276627109015	1.7000000000000002
0.8854879168704437	1.8
0.8688170570699488	1.9000000000000001
0.8522384892975349	2.0
0.8421913994300335	2.1
0.8345231793072804	2.2
0.8365007220886225	2.3000000000000003
0.7954083376748515	2.4000000000000004
0.7803048373821095	2.5
0.7563715414093385	2.6
0.7281589707168242	2.7
0.7095346227073525	2.8000000000000003
0.6707412926232744	2.9000000000000004
0.6245284096187078	3.0
0.5745657330381336	3.1
0.21444040726910638	3.2
0.0	3.3000000000000003
0.0	3.4000000000000004
0.0	3.5
0.0	3.6
0.0	3.7
0.0	3.8000000000000003
0.0	3.9000000000000004
0.0	4.0
0.0	4.1000000000000005
0.0	4.2
0.0	4.3
0.0	4.4
0.0	4.5
0.0	4.6000000000000005
0.0	4.7
0.0	4.800000000000001
0.0	4.9
0.0	5.0
0.0	5.1000000000000005
0.0	5.2
0.0	5.300000000000001
