a = 8683.947059458967 м
b = 9992.216048316257 м
x0 = 4615.262014989036 м
vr = 1606.7676289944768 м/с
A0 = 0.7387385406607117 м
Xmax = 9732.548758010926 м
sigmaX = 4332.793729219865 м
sigmaY = 4304.279512242115 м
M0 = 1.2866988916060022e+20 Н*м - интегральное значение сейсмического момента
Mr_max = 2.4658057992242635e+19 Н*м/с - максимальное значение функции источника
1-ый столбец - отнормированная функция источника
2-ой столбец - время
0.0	0.0
0.0003599464443596085	0.1
0.046766106910243965	0.2
0.09311490669568959	0.30000000000000004
0.13790516529861177	0.4
0.1836155942313375	0.5
0.22435426732052977	0.6000000000000001
0.2682016604614653	0.7000000000000001
0.3117745692311169	0.8
0.3550065137199578	0.9
0.397699319114321	1.0
0.4414373434224382	1.1
0.48256301824535747	1.2000000000000002
0.5208809999703463	1.3
0.551604199129145	1.4000000000000001
0.5891126307097628	1.5
0.6304808974417981	1.6
0.6651725328287239	1.7000000000000002
0.7047479471074816	1.8
0.7244056404683742	1.9000000000000001
0.7629785500369425	2.0
0.7837389277515091	2.1
0.8086018062261899	2.2
0.8447417733942079	2.3000000000000003
0.8746860123165358	2.4000000000000004
0.8949871214548273	2.5
0.9171041531133901	2.6
0.9324370206145995	2.7
0.9497582817075573	2.8000000000000003
0.965010683626294	2.9000000000000004
0.9683802591111608	3.0
0.973982567444118	3.1
0.9898997526514144	3.2
0.9883237956450428	3.3000000000000003
0.9952403687341767	3.4000000000000004
0.9842654027488384	3.5
1.0	3.6
0.9878340184481611	3.7
0.9987542680670678	3.8000000000000003
0.9892446920228438	3.9000000000000004
0.9966209476195369	4.0
0.9842277926125006	4.1000000000000005
0.9776107232589248	4.2
0.9619834620868776	4.3
0.9631361318789848	4.4
0.9497253774085497	4.5
0.9479216262181012	4.6000000000000005
0.933882556311709	4.7
0.908042115083243	4.800000000000001
0.8932817609559135	4.9
0.8803219358917004	5.0
0.8609930153518384	5.1000000000000005
0.850305411985573	5.2
0.8268114093535921	5.300000000000001
0.8020423494958339	5.4
0.7801240579076597	5.5
0.7632783985773121	5.6000000000000005
0.7361620960722656	5.7
0.7165217064536464	5.800000000000001
0.6864396803366366	5.9
0.6656119295322948	6.0
0.6421816823723635	6.1000000000000005
0.617209715104659	6.2
0.6006942404216743	6.300000000000001
0.5688881529387485	6.4
0.5475956935992222	6.5
0.5213143756934497	6.6000000000000005
0.49819556089997874	6.7
0.47194373752543806	6.800000000000001
0.448971083797625	6.9
0.4239603750448127	7.0
0.40112824447486023	7.1000000000000005
0.3820834343851494	7.2
0.3550589227130736	7.300000000000001
0.32828101485556965	7.4
0.3062200861686032	7.5
0.2799677082231388	7.6000000000000005
0.25233977117326856	7.7
0.22181520745880073	7.800000000000001
0.18153929689542256	7.9
0.10807449934819953	8.0
0.0	8.1
0.0	8.200000000000001
0.0	8.3
0.0	8.4
0.0	8.5
0.0	8.6
0.0	8.700000000000001
0.0	8.8
0.0	8.9
0.0	9.0
0.0	9.1
0.0	9.200000000000001
0.0	9.3
0.0	9.4
0.0	9.5
0.0	9.600000000000001
0.0	9.700000000000001
0.0	9.8
0.0	9.9
0.0	10.0
0.0	10.100000000000001
0.0	10.200000000000001
0.0	10.3
0.0	10.4
0.0	10.5
