a = 12199.988307191603 м
b = 11034.941904073348 м
x0 = 11088.24155124162 м
vr = 1785.9705894590252 м/с
A0 = 0.7216928586397128 м
Xmax = 12999.653087707367 м
sigmaX = 4407.037961346678 м
sigmaY = 4820.242822468664 м
M0 = 1.566314371666367e+20 Н*м - интегральное значение сейсмического момента
Mr_max = 3.779963240453524e+19 Н*м/с - максимальное значение функции источника
1-ый столбец - отнормированная функция источника
2-ой столбец - время
0.0	0.0
0.0004656479257440532	0.1
0.06701829469824885	0.2
0.13190206109990654	0.30000000000000004
0.19856516415300993	0.4
0.2616308756036267	0.5
0.32101006712040797	0.6000000000000001
0.38221458651964363	0.7000000000000001
0.4400294111180173	0.8
0.49676091267351197	0.9
0.5488563934251052	1.0
0.6017710734100999	1.1
0.6487800056678025	1.2000000000000002
0.6948912282223239	1.3
0.730473091290668	1.4000000000000001
0.7771096301346501	1.5
0.8163160849244866	1.6
0.8505140072744827	1.7000000000000002
0.8748427187641724	1.8
0.901269202022518	1.9000000000000001
0.9283731860507356	2.0
0.9398385795060584	2.1
0.9656741062707901	2.2
0.9813199035662589	2.3000000000000003
0.9890382713607218	2.4000000000000004
0.9931057992114025	2.5
0.9968668916177701	2.6
1.0	2.7
0.9940779642079994	2.8000000000000003
0.9919639743133554	2.9000000000000004
0.9888877612147567	3.0
0.9801287925622216	3.1
0.9630817187242972	3.2
0.9430376712887142	3.3000000000000003
0.9300347281567914	3.4000000000000004
0.9124304737547136	3.5
0.8996314391889381	3.6
0.8693409497111325	3.7
0.8533379168997733	3.8000000000000003
0.8216710318554696	3.9000000000000004
0.8065788977580043	4.0
0.7738206593050276	4.1000000000000005
0.7499897583498658	4.2
0.7175277072147261	4.3
0.6982422758343986	4.4
0.666503742581782	4.5
0.6418946089901176	4.6000000000000005
0.6110114946299084	4.7
0.5827064981413582	4.800000000000001
0.5555352850881856	4.9
0.5286231999780988	5.0
0.5007703761881055	5.1000000000000005
0.4766489919192251	5.2
0.4498394510057899	5.300000000000001
0.4208292260826504	5.4
0.40272704118642116	5.5
0.37627284382260706	5.6000000000000005
0.3515998065226628	5.7
0.3312970773023388	5.800000000000001
0.3108554084434348	5.9
0.2901769181139006	6.0
0.27141742304727934	6.1000000000000005
0.21649135497573122	6.2
0.1795460146845167	6.300000000000001
0.15143422869187687	6.4
0.13081065136603334	6.5
0.11165250922950111	6.6000000000000005
0.0963284581488	6.7
0.08203644629415463	6.800000000000001
0.06851786955032307	6.9
0.05716938775493975	7.0
0.04639858300473962	7.1000000000000005
0.03689501697224952	7.2
0.028378248972815448	7.300000000000001
0.019834927571516794	7.4
0.010667102291708312	7.5
0.0	7.6000000000000005
0.0	7.7
0.0	7.800000000000001
0.0	7.9
0.0	8.0
0.0	8.1
0.0	8.200000000000001
0.0	8.3
0.0	8.4
