a = 3931.8795613858574 м
b = 2952.425251417793 м
x0 = 52.989301609540746 м
vr = 1661.809521350663 м/с
A0 = 1.4492894770138753 м
Xmax = 4509.045836891397 м
sigmaX = 4453.493175472808 м
sigmaY = 4761.917682421958 м
M0 = 7.58703869476169e+19 Н*м - интегральное значение сейсмического момента
Mr_max = 2.3636970146908377e+19 Н*м/с - максимальное значение функции источника
1-ый столбец - отнормированная функция источника
2-ой столбец - время
0.0	0.0
0.0009269038704137522	0.1
0.07281008033669704	0.2
0.13367556206400086	0.30000000000000004
0.19631570805817253	0.4
0.25139724810852915	0.5
0.3134565678961545	0.6000000000000001
0.3679823278812244	0.7000000000000001
0.43583619268408036	0.8
0.4885214626400894	0.9
0.5321740040023141	1.0
0.5931592397816524	1.1
0.6361383383488088	1.2000000000000002
0.6763084598085334	1.3
0.7168791037694748	1.4000000000000001
0.7631068717852446	1.5
0.7952733800261444	1.6
0.8354657203074011	1.7000000000000002
0.8712657279041354	1.8
0.9002681236509836	1.9000000000000001
0.9073781746936329	2.0
0.9483149833305614	2.1
0.9660595601679104	2.2
0.9598857599754876	2.3000000000000003
0.985032817815613	2.4000000000000004
1.0	2.5
0.979870155891628	2.6
0.9898543430389881	2.7
0.9952761642598195	2.8000000000000003
0.9836080226276467	2.9000000000000004
0.9857886881795698	3.0
0.9522017406734631	3.1
0.9496245885910727	3.2
0.9257696336187313	3.3000000000000003
0.9043557339846358	3.4000000000000004
0.879808839293425	3.5
0.8624898351206703	3.6
0.8100259079010738	3.7
0.7904527866773967	3.8000000000000003
0.7346305728947409	3.9000000000000004
0.700122391302846	4.0
0.6456125190513363	4.1000000000000005
0.5995349366720547	4.2
0.5437933785824356	4.3
0.48761600040216946	4.4
0.41921947911401575	4.5
0.3407592456873646	4.6000000000000005
0.23907629179057976	4.7
0.031062646757648676	4.800000000000001
0.0	4.9
0.0	5.0
0.0	5.1000000000000005
0.0	5.2
0.0	5.300000000000001
0.0	5.4
0.0	5.5
0.0	5.6000000000000005
0.0	5.7
