a = 8153.389145790662 м
b = 5863.537494241491 м
x0 = 5166.93788596777 м
vr = 2065.4922879218584 м/с
A0 = 1.5517702498614208 м
Xmax = 7250.607677382738 м
sigmaX = 4313.363168572274 м
sigmaY = 4803.0333027852585 м
M0 = 2.2940908056543963e+20 Н*м - интегральное значение сейсмического момента
Mr_max = 9.107145462059812e+19 Н*м/с - максимальное значение функции источника
1-ый столбец - отнормированная функция источника
2-ой столбец - время
0.0	0.0
0.00046993242410608516	0.1
0.07747314135328437	0.2
0.1540524196492507	0.30000000000000004
0.22844438801415556	0.4
0.3001081952479241	0.5
0.371964568211455	0.6000000000000001
0.44014373262534806	0.7000000000000001
0.5035061544752073	0.8
0.566189793924132	0.9
0.6237065871338388	1.0
0.6787820281725608	1.1
0.7204336753655973	1.2000000000000002
0.7750283741449768	1.3
0.8199764388050889	1.4000000000000001
0.8476658799397737	1.5
0.8939351752566516	1.6
0.9121414286577694	1.7000000000000002
0.9359027174514947	1.8
0.9512974071842305	1.9000000000000001
0.982571936491359	2.0
0.9786655515447352	2.1
0.9855460188306042	2.2
1.0	2.3000000000000003
0.9832675829299192	2.4000000000000004
0.986774440150171	2.5
0.723502846453411	2.6
0.6667401677000766	2.7
0.6303754804805821	2.8000000000000003
0.5889617500579925	2.9000000000000004
0.558403565259208	3.0
0.5091887124283527	3.1
0.4889426828057871	3.2
0.4507165504834564	3.3000000000000003
0.41707675102426667	3.4000000000000004
0.39077481052006724	3.5
0.352960624122726	3.6
0.32857476696978327	3.7
0.29924688448397424	3.8000000000000003
0.2758077171976649	3.9000000000000004
0.2476471216645642	4.0
0.22443224654647834	4.1000000000000005
0.2022585597595839	4.2
0.1838733408864381	4.3
0.16156303272227399	4.4
0.14219932769780783	4.5
0.12562067394925316	4.6000000000000005
0.10908959709665056	4.7
0.09369130237088472	4.800000000000001
0.0806382037889605	4.9
0.06695897490863771	5.0
0.055711203374397895	5.1000000000000005
0.04361734792697559	5.2
0.032573289540871464	5.300000000000001
0.0208143842328554	5.4
0.0	5.5
0.0	5.6000000000000005
0.0	5.7
0.0	5.800000000000001
0.0	5.9
0.0	6.0
0.0	6.1000000000000005
0.0	6.2
0.0	6.300000000000001
