a = 9529.405190677946 м
b = 11248.027010301845 м
x0 = 3134.7623851933795 м
vr = 1971.6499541532971 м/с
A0 = 0.9708649151283455 м
Xmax = 11412.803666381657 м
sigmaX = 4947.223966453334 м
sigmaY = 4233.279571244177 м
M0 = 1.865247632422826e+20 Н*м - интегральное значение сейсмического момента
Mr_max = 3.607376972421367e+19 Н*м/с - максимальное значение функции источника
1-ый столбец - отнормированная функция источника
2-ой столбец - время
0.0	0.0
0.00019631223889767047	0.1
0.03125623135342251	0.2
0.06157157566074976	0.30000000000000004
0.09282059427495286	0.4
0.12292656656125164	0.5
0.15447134018509143	0.6000000000000001
0.18320674329586556	0.7000000000000001
0.21308876220374254	0.8
0.24425381600820834	0.9
0.277097051283972	1.0
0.3090442396837614	1.1
0.3361137096112956	1.2000000000000002
0.3617783094491446	1.3
0.3961127444454343	1.4000000000000001
0.42898067688983565	1.5
0.456566412273099	1.6
0.4813505574184505	1.7000000000000002
0.501255331649884	1.8
0.5206788995149636	1.9000000000000001
0.5410151796494186	2.0
0.573741166464929	2.1
0.5994580422797043	2.2
0.6322322110830623	2.3000000000000003
0.6560708481444103	2.4000000000000004
0.6780953283658862	2.5
0.6986869489567126	2.6
0.7320454215434484	2.7
0.7640807714903372	2.8000000000000003
0.7850951012673668	2.9000000000000004
0.7937691067150303	3.0
0.8154585741869196	3.1
0.8450804933653137	3.2
0.8641509800937374	3.3000000000000003
0.8846693069222005	3.4000000000000004
0.9027615145213275	3.5
0.9215058517498748	3.6
0.9283941276772653	3.7
0.9513863815171896	3.8000000000000003
0.9532722802897382	3.9000000000000004
0.962654182532699	4.0
0.9756188745833261	4.1000000000000005
0.9785652199014144	4.2
0.9799886557604865	4.3
0.9826483719123674	4.4
1.0	4.5
0.983561053187112	4.6000000000000005
0.9720463736596251	4.7
0.9815152833377211	4.800000000000001
0.9759486270255486	4.9
0.9643980196395763	5.0
0.9539274105135147	5.1000000000000005
0.949585327488821	5.2
0.9326178380340121	5.300000000000001
0.9217919580181382	5.4
0.9091700744931244	5.5
0.8869737071296547	5.6000000000000005
0.8739091510442482	5.7
0.8574827081357581	5.800000000000001
0.8327076317070911	5.9
0.8214759804940326	6.0
0.7921257662196984	6.1000000000000005
0.7765122510196378	6.2
0.7458300073472556	6.300000000000001
0.7215615595542961	6.4
0.6916768692015757	6.5
0.6716369903277128	6.6000000000000005
0.6525774304944749	6.7
0.6207311103353494	6.800000000000001
0.6009854358623982	6.9
0.5758301735736377	7.0
0.5461822907979084	7.1000000000000005
0.5219018072873634	7.2
0.49612745855320484	7.300000000000001
0.47081593673849237	7.4
0.4452406689148091	7.5
0.4162707135288241	7.6000000000000005
0.3901517722532954	7.7
0.3619004084618988	7.800000000000001
0.3260886103281472	7.9
0.2821791691631262	8.0
0.20982704711869504	8.1
0.0	8.200000000000001
0.0	8.3
0.0	8.4
0.0	8.5
0.0	8.6
0.0	8.700000000000001
0.0	8.8
0.0	8.9
0.0	9.0
0.0	9.1
0.0	9.200000000000001
0.0	9.3
0.0	9.4
0.0	9.5
0.0	9.600000000000001
0.0	9.700000000000001
0.0	9.8
0.0	9.9
0.0	10.0
0.0	10.100000000000001
0.0	10.200000000000001
0.0	10.3
0.0	10.4
0.0	10.5
0.0	10.600000000000001
0.0	10.700000000000001
0.0	10.8
