a = 16795.531748488567 м
b = 17377.938420779214 м
x0 = 8337.507123939145 м
vr = 2070.9197641574683 м/с
A0 = 1.6011212406548885 м
Xmax = 18770.97660739916 м
sigmaX = 4696.928956406462 м
sigmaY = 4452.692449668992 м
M0 = 3.513109595911492e+20 Н*м - интегральное значение сейсмического момента
Mr_max = 6.503196338650827e+19 Н*м/с - максимальное значение функции источника
1-ый столбец - отнормированная функция источника
2-ой столбец - время
0.0	0.0
6.495078791626661e-05	0.1
0.010802673243187011	0.2
0.02163360211353071	0.30000000000000004
0.03258027906416291	0.4
0.04385885338469236	0.5
0.05525358249361486	0.6000000000000001
0.06682933021859398	0.7000000000000001
0.07927038382070585	0.8
0.09184581571125697	0.9
0.1052336592124479	1.0
0.12047104406835814	1.1
0.13344218642762112	1.2000000000000002
0.1499635474201166	1.3
0.16414019909209523	1.4000000000000001
0.1838988423178171	1.5
0.19894427553996302	1.6
0.22060668326094576	1.7000000000000002
0.2389306124091492	1.8
0.2591668835743692	1.9000000000000001
0.2802965892623545	2.0
0.3029849500667915	2.1
0.32725350159648015	2.2
0.35044158263688524	2.3000000000000003
0.3769194502051976	2.4000000000000004
0.4020960355350875	2.5
0.43148973339954927	2.6
0.45705323977019	2.7
0.48071629760206386	2.8000000000000003
0.5129433056832556	2.9000000000000004
0.5387598471814677	3.0
0.5722079803948993	3.1
0.5937890061843885	3.2
0.6293630145090637	3.3000000000000003
0.6515046566875726	3.4000000000000004
0.6789170954042996	3.5
0.7095931953122823	3.6
0.7360754749055011	3.7
0.7680412565275602	3.8000000000000003
0.7913337032774951	3.9000000000000004
0.8030452822348545	4.0
0.834548372400955	4.1000000000000005
0.8564036514316765	4.2
0.8900976466257093	4.3
0.8999242121716146	4.4
0.9149929997386798	4.5
0.9347911213777896	4.6000000000000005
0.9514306273705861	4.7
0.9649019879662324	4.800000000000001
0.9771100669661679	4.9
0.9825022279511814	5.0
0.995593240620258	5.1000000000000005
0.9985559830136376	5.2
1.0	5.300000000000001
0.9970325189847745	5.4
0.9971702465784126	5.5
0.9978776125675043	5.6000000000000005
0.9846927346063636	5.7
0.9761362532987139	5.800000000000001
0.9800528805231684	5.9
0.9607651812020276	6.0
0.9469719113162754	6.1000000000000005
0.9315074177829109	6.2
0.9162221859843671	6.300000000000001
0.8987215024026086	6.4
0.8789491799186255	6.5
0.8587283117095871	6.6000000000000005
0.8405575916966047	6.7
0.8178844851921035	6.800000000000001
0.7953908964416317	6.9
0.770790020955229	7.0
0.7442904258995385	7.1000000000000005
0.7198725836885049	7.2
0.6918904963283968	7.300000000000001
0.6700194459198681	7.4
0.6371937369191469	7.5
0.6100266972797072	7.6000000000000005
0.585490562038317	7.7
0.559978960896184	7.800000000000001
0.5295937161297956	7.9
0.5063827929752253	8.0
0.47827772173558714	8.1
0.45239036468273486	8.200000000000001
0.42731103090568984	8.3
0.4012740962530645	8.4
0.38024361531669776	8.5
0.3546211224264253	8.6
0.3340639819062853	8.700000000000001
0.3129950468166013	8.8
0.2895014223317005	8.9
0.27009137408037326	9.0
0.25167804079156497	9.1
0.2306540429480433	9.200000000000001
0.21693687338267986	9.3
0.19732321666569672	9.4
0.18367259792161472	9.5
0.1690304912232117	9.600000000000001
0.15354974529784834	9.700000000000001
0.14190462807682347	9.8
0.1302084240131399	9.9
0.11840951637777841	10.0
0.10747790685538876	10.100000000000001
0.09751925191168749	10.200000000000001
0.08890093683160964	10.3
0.08042954452399384	10.4
0.07231904289570874	10.5
0.06513744748194925	10.600000000000001
0.05869588499075266	10.700000000000001
0.05274671684335435	10.8
0.04718010580256628	10.9
0.042193026548308095	11.0
0.03751190287959309	11.100000000000001
0.033536862248467844	11.200000000000001
0.029529756655825388	11.3
0.026131755108353482	11.4
0.022827374301787644	11.5
0.01991147508297854	11.600000000000001
0.017297240702762163	11.700000000000001
0.01481607756039841	11.8
0.012534062447846573	11.9
0.010285886102202034	12.0
0.007969781059792127	12.100000000000001
0.005380795682374588	12.200000000000001
0.0	12.3
0.0	12.4
0.0	12.5
0.0	12.600000000000001
0.0	12.700000000000001
0.0	12.8
0.0	12.9
0.0	13.0
0.0	13.100000000000001
0.0	13.200000000000001
0.0	13.3
0.0	13.4
0.0	13.5
0.0	13.600000000000001
0.0	13.700000000000001
