a = 10655.924121001302 м
b = 10593.95595455958 м
x0 = 640.5061343838114 м
vr = 1722.2680791888902 м/с
A0 = 1.711729926742641 м
Xmax = 11683.601683775114 м
sigmaX = 4072.443627049916 м
sigmaY = 4693.533306874366 м
M0 = 3.149206539482982e+20 Н*м - интегральное значение сейсмического момента
Mr_max = 5.707994626209154e+19 Н*м/с - максимальное значение функции источника
1-ый столбец - отнормированная функция источника
2-ой столбец - время
0.0	0.0
1.9666805187134094e-05	0.1
0.002717061726606602	0.2
0.005459035372487258	0.30000000000000004
0.00831193930059252	0.4
0.010390786518664116	0.5
0.012382421915014936	0.6000000000000001
0.014910210286105268	0.7000000000000001
0.017778317137717898	0.8
0.021070645854297795	0.9
0.02470362133031317	1.0
0.0286979717393956	1.1
0.03355702169718411	1.2000000000000002
0.03867729354340538	1.3
0.04418498696487601	1.4000000000000001
0.049940225920604424	1.5
0.05662088796647229	1.6
0.06365565926175794	1.7000000000000002
0.07145172463224354	1.8
0.08030197066453965	1.9000000000000001
0.0905460846709207	2.0
0.09931054086923614	2.1
0.11039123782038301	2.2
0.12231425621492652	2.3000000000000003
0.13460633168359876	2.4000000000000004
0.14651150245304945	2.5
0.16138759018742166	2.6
0.17456096671316665	2.7
0.19152133925086778	2.8000000000000003
0.20946305767113105	2.9000000000000004
0.22406543582753283	3.0
0.24126239891774426	3.1
0.26226167807242107	3.2
0.2838411488387988	3.3000000000000003
0.30496451184256035	3.4000000000000004
0.3242047312468964	3.5
0.34582990911068273	3.6
0.36762482943346597	3.7
0.39307438627559566	3.8000000000000003
0.4168191165520286	3.9000000000000004
0.44416202831091833	4.0
0.4669301751818293	4.1000000000000005
0.48996607283421384	4.2
0.5208020363484126	4.3
0.5448224342991509	4.4
0.5737822583429618	4.5
0.591503148749367	4.6000000000000005
0.6273727468246887	4.7
0.6547484212527719	4.800000000000001
0.6830842095415081	4.9
0.7084638887717186	5.0
0.7337683844105867	5.1000000000000005
0.7609560801990447	5.2
0.7813867512168007	5.300000000000001
0.8013329664024224	5.4
0.8301061795561945	5.5
0.8452194476047638	5.6000000000000005
0.8677216898863496	5.7
0.8894624807242042	5.800000000000001
0.9079235115728456	5.9
0.9269194813256136	6.0
0.9452045756372704	6.1000000000000005
0.9568132359777217	6.2
0.9622501433203573	6.300000000000001
0.9770877792108623	6.4
0.9806027545957193	6.5
0.9866083304251582	6.6000000000000005
0.9896195246169758	6.7
0.9976517232530163	6.800000000000001
0.9976477819965174	6.9
1.0	7.0
0.9923552972198472	7.1000000000000005
0.9824115394817778	7.2
0.975976917413037	7.300000000000001
0.9767363221547218	7.4
0.9628703423176334	7.5
0.949747319636789	7.6000000000000005
0.9295405002891062	7.7
0.9084382290823989	7.800000000000001
0.9045074469726688	7.9
0.8879282553864263	8.0
0.8677790815401211	8.1
0.8386498116809582	8.200000000000001
0.821295769501265	8.3
0.7985064419593431	8.4
0.7703477658438237	8.5
0.7514729747868835	8.6
0.7313582546168413	8.700000000000001
0.6945238729835933	8.8
0.6672292025125918	8.9
0.64967879120224	9.0
0.6207133800666677	9.1
0.5908498184923372	9.200000000000001
0.5614581047613655	9.3
0.5423330885911832	9.4
0.5086764563638059	9.5
0.48558432054179873	9.600000000000001
0.45802097094543986	9.700000000000001
0.4279062657557167	9.8
0.40537431334599494	9.9
0.3854235104369219	10.0
0.35742177762060656	10.100000000000001
0.3345594263963631	10.200000000000001
0.3106964811545431	10.3
0.2885691181670412	10.4
0.26639483157537025	10.5
0.24755071230391426	10.600000000000001
0.22493557396447722	10.700000000000001
0.20626860594983265	10.8
0.18797222959683524	10.9
0.17053734347652433	11.0
0.15343451186694984	11.100000000000001
0.1379015560172827	11.200000000000001
0.12255036025757299	11.3
0.10806654150616228	11.4
0.09452727996655443	11.5
0.08079428444161196	11.600000000000001
0.06787292630085853	11.700000000000001
0.05514700414242869	11.8
0.042328170478292695	11.9
0.028204880123690886	12.0
0.005114640336941801	12.100000000000001
0.0	12.200000000000001
0.0	12.3
0.0	12.4
0.0	12.5
0.0	12.600000000000001
0.0	12.700000000000001
0.0	12.8
0.0	12.9
0.0	13.0
