a = 15455.282034079806 м
b = 16587.044435670025 м
x0 = 8613.679766346077 м
vr = 2436.894945384617 м/с
A0 = 0.7657080461709498 м
Xmax = 17704.589239244902 м
sigmaX = 4793.085710872683 м
sigmaY = 4419.559952166382 м
M0 = 1.7017777498865618e+20 Н*м - интегральное значение сейсмического момента
Mr_max = 3.7474340653862445e+19 Н*м/с - максимальное значение функции источника
1-ый столбец - отнормированная функция источника
2-ой столбец - время
0.0	0.0
0.0001236877462331958	0.1
0.0242829966997769	0.2
0.04824289766300345	0.30000000000000004
0.07265871721202011	0.4
0.09674345292735309	0.5
0.12212515979702761	0.6000000000000001
0.1484167575841343	0.7000000000000001
0.1719798543153465	0.8
0.19988005576883533	0.9
0.2283527820180843	1.0
0.25290600533141594	1.1
0.28294238929882315	1.2000000000000002
0.31268569371629773	1.3
0.3424008178704166	1.4000000000000001
0.3743102711819958	1.5
0.4052181709596468	1.6
0.4348483024313768	1.7000000000000002
0.4695625060489998	1.8
0.5020082795520195	1.9000000000000001
0.5329162865789169	2.0
0.5663468564669258	2.1
0.6018673571910459	2.2
0.6313275859662795	2.3000000000000003
0.6629976245677431	2.4000000000000004
0.6971961778979151	2.5
0.7327387679808663	2.6
0.7696224647031041	2.7
0.7914868282884775	2.8000000000000003
0.8235009675386881	2.9000000000000004
0.8548932920525192	3.0
0.8761787683905656	3.1
0.8942235062866086	3.2
0.9159826729473446	3.3000000000000003
0.9364732389292447	3.4000000000000004
0.9515679375859607	3.5
0.9692102573880322	3.6
0.974935171095857	3.7
0.9824348919393255	3.8000000000000003
0.9890461856010859	3.9000000000000004
0.9907952677827757	4.0
1.0	4.1000000000000005
0.9982390449701553	4.2
0.9907469594950759	4.3
0.9831205251271269	4.4
0.9672103176832646	4.5
0.9576533354272195	4.6000000000000005
0.9416937926309025	4.7
0.9225582342028811	4.800000000000001
0.9063374942529145	4.9
0.8738882223359477	5.0
0.8675123760119955	5.1000000000000005
0.8341119704393843	5.2
0.8067887734348383	5.300000000000001
0.7782084480099387	5.4
0.7503639000746427	5.5
0.7161191624851806	5.6000000000000005
0.6886496867378175	5.7
0.6531541885172908	5.800000000000001
0.6199186419936622	5.9
0.5905606053304016	6.0
0.5620639129923136	6.1000000000000005
0.530318916661111	6.2
0.4947525956929456	6.300000000000001
0.4681832320254031	6.4
0.4381702763431456	6.5
0.4093463335358796	6.6000000000000005
0.384794556984156	6.7
0.3548570009388558	6.800000000000001
0.3310181553456065	6.9
0.3077353880989673	7.0
0.2821754271404202	7.1000000000000005
0.25811193888124734	7.2
0.23894740308605317	7.300000000000001
0.21823286086958524	7.4
0.19768648925625124	7.5
0.18136441015621863	7.6000000000000005
0.1631553146804264	7.7
0.14865212649795598	7.800000000000001
0.133795976508367	7.9
0.12044839093375823	8.0
0.10805782268812562	8.1
0.09657741729822929	8.200000000000001
0.08595789646767203	8.3
0.07737953280494174	8.4
0.06759728131789591	8.5
0.05998234245461281	8.6
0.05248719825619516	8.700000000000001
0.04566946375009531	8.8
0.03914957136989695	8.9
0.03239350340505677	9.0
0.02531042792762952	9.1
0.015173246233190905	9.200000000000001
0.0	9.3
0.0	9.4
0.0	9.5
0.0	9.600000000000001
0.0	9.700000000000001
0.0	9.8
0.0	9.9
0.0	10.0
0.0	10.100000000000001
0.0	10.200000000000001
0.0	10.3
0.0	10.4
0.0	10.5
0.0	10.600000000000001
0.0	10.700000000000001
0.0	10.8
0.0	10.9
0.0	11.0
