a = 16679.580651488584 м
b = 13473.457850889912 м
x0 = 4014.739714332267 м
vr = 1891.353292040848 м/с
A0 = 0.6003542066552854 м
Xmax = 20605.2663068679 м
sigmaX = 4780.8075554612515 м
sigmaY = 4913.253685810182 м
M0 = 1.3905623111111225e+20 Н*м - интегральное значение сейсмического момента
Mr_max = 2.2852240635495424e+19 Н*м/с - максимальное значение функции источника
1-ый столбец - отнормированная функция источника
2-ой столбец - время
0.0	0.0
1.8089313694171154e-06	0.1
0.0002749579277521709	0.2
0.0005567476625696905	0.30000000000000004
0.0008514163397487539	0.4
0.0011623962557068806	0.5
0.0015018653090402164	0.6000000000000001
0.0018650281809092773	0.7000000000000001
0.0022856075509877743	0.8
0.002741400350855671	0.9
0.0032519592593299304	1.0
0.0038272605813885327	1.1
0.004458772767922361	1.2000000000000002
0.005233814110421345	1.3
0.006013152574689729	1.4000000000000001
0.006926227156665798	1.5
0.008019510107226506	1.6
0.009110398221482392	1.7000000000000002
0.01044504526480594	1.8
0.011987077571522061	1.9000000000000001
0.013516672714517144	2.0
0.01551993327041775	2.1
0.017420128127511973	2.2
0.01961808673496003	2.3000000000000003
0.022066469159433673	2.4000000000000004
0.02503404075496165	2.5
0.028131924653936154	2.6
0.031074980377388307	2.7
0.035351904809669404	2.8000000000000003
0.03909286062066442	2.9000000000000004
0.043519658969498984	3.0
0.048268344910687724	3.1
0.05317237953416757	3.2
0.05951053858245615	3.3000000000000003
0.06483927489081615	3.4000000000000004
0.07234131466234904	3.5
0.07939461001839783	3.6
0.08669051823679003	3.7
0.09533247296172935	3.8000000000000003
0.10378131884343328	3.9000000000000004
0.11240916142813079	4.0
0.12317119083907897	4.1000000000000005
0.13470782399490555	4.2
0.14561647608400544	4.3
0.15683979124802241	4.4
0.17125682113540058	4.5
0.18136248646993672	4.6000000000000005
0.19904938365612407	4.7
0.20957671156877136	4.800000000000001
0.22719806716316096	4.9
0.2424678314417746	5.0
0.2607941875915138	5.1000000000000005
0.28150742934110945	5.2
0.29949238315366267	5.300000000000001
0.3192611648568631	5.4
0.337122338416343	5.5
0.35790204557166966	5.6000000000000005
0.38017674832036336	5.7
0.3987925706078597	5.800000000000001
0.42131211788115874	5.9
0.4466855308183366	6.0
0.4712867604224464	6.1000000000000005
0.49560762836210875	6.2
0.5142577100482667	6.300000000000001
0.5409038732828678	6.4
0.5682619862673917	6.5
0.5893019794480714	6.6000000000000005
0.616840211529124	6.7
0.6398149673954822	6.800000000000001
0.6617381716263661	6.9
0.6856797271462967	7.0
0.7046276245342762	7.1000000000000005
0.7370059278126375	7.2
0.7549139642888556	7.300000000000001
0.777099300625025	7.4
0.7995126767642095	7.5
0.8224056590491471	7.6000000000000005
0.83820167113718	7.7
0.8618224052729365	7.800000000000001
0.8756927255405992	7.9
0.8871671135907265	8.0
0.9139577630905362	8.1
0.914997475359098	8.200000000000001
0.939342658168875	8.3
0.9525843290852671	8.4
0.9656577219011476	8.5
0.9730242763140665	8.6
0.9755871277299641	8.700000000000001
0.9907269443159723	8.8
0.9874984549107413	8.9
0.9895485600541587	9.0
0.9932880100767367	9.1
1.0	9.200000000000001
0.9976782364795311	9.3
0.9892728156292889	9.4
0.9858936600377542	9.5
0.9802628499035755	9.600000000000001
0.9692489065299291	9.700000000000001
0.9623659731279764	9.8
0.9443965990021845	9.9
0.9316098897502234	10.0
0.9252554441217277	10.100000000000001
0.9128846609995679	10.200000000000001
0.8892188444117675	10.3
0.8687826373096422	10.4
0.8571298115857052	10.5
0.8287379677754174	10.600000000000001
0.8167009438958461	10.700000000000001
0.789880018957006	10.8
0.7689617346293319	10.9
0.7453016139109199	11.0
0.7244128325568235	11.100000000000001
0.7019305554242266	11.200000000000001
0.6774664141783723	11.3
0.6501559497739137	11.4
0.6253087056138519	11.5
0.6002470234275772	11.600000000000001
0.5771390051565445	11.700000000000001
0.551008970176286	11.8
0.5285476692952857	11.9
0.5047675943032103	12.0
0.48211506745744886	12.100000000000001
0.4587030328944119	12.200000000000001
0.4369474923759401	12.3
0.409732420445917	12.4
0.387139259727991	12.5
0.36592749813760533	12.600000000000001
0.34467876193332025	12.700000000000001
0.32512728796090906	12.8
0.30455697055018077	12.9
0.28558407249476514	13.0
0.2677464188712735	13.100000000000001
0.2504888536537279	13.200000000000001
0.23309112012810695	13.3
0.21595522063929057	13.4
0.19958959145262875	13.5
0.18506160513927403	13.600000000000001
0.17063160348985235	13.700000000000001
0.1576627143353604	13.8
0.14413734051278612	13.9
0.132488896878026	14.0
0.12030135907111876	14.100000000000001
0.10929519218338637	14.200000000000001
0.09949495491332633	14.3
0.08974645896449295	14.4
0.08034464083836827	14.5
0.07162975725120589	14.600000000000001
0.06355775671603851	14.700000000000001
0.056035427286620296	14.8
0.049144436287862234	14.9
0.04237431446255779	15.0
0.03619268368510261	15.100000000000001
0.03036179289497805	15.200000000000001
0.024441952196780074	15.3
0.0188008746410019	15.4
0.012786147130890628	15.5
0.0044619255925374334	15.600000000000001
0.0	15.700000000000001
0.0	15.8
0.0	15.9
0.0	16.0
0.0	16.1
0.0	16.2
0.0	16.3
0.0	16.400000000000002
0.0	16.5
