a = 17497.95972395254 м
b = 13825.625545012843 м
x0 = 16493.43888858615 м
vr = 1565.1738150921765 м/с
A0 = 1.9304469220875449 м
Xmax = 15667.723494262162 м
sigmaX = 4258.715573347972 м
sigmaY = 4310.654899900426 м
M0 = 3.9333455983987766e+20 Н*м - интегральное значение сейсмического момента
Mr_max = 8.789451570202293e+19 Н*м/с - максимальное значение функции источника
1-ый столбец - отнормированная функция источника
2-ой столбец - время
0.0	0.0
0.0005060062414892195	0.1
0.06370984712736528	0.2
0.1251462336181806	0.30000000000000004
0.18862590274390195	0.4
0.249352972457466	0.5
0.306614521845932	0.6000000000000001
0.3662264959277186	0.7000000000000001
0.4243427676598248	0.8
0.47939330663546725	0.9
0.5369273883454123	1.0
0.5793851852264594	1.1
0.6289815534732972	1.2000000000000002
0.6785370278152598	1.3
0.718531215504964	1.4000000000000001
0.7595677648581546	1.5
0.7951404201897296	1.6
0.826766385640183	1.7000000000000002
0.8612566347779167	1.8
0.8874983001227993	1.9000000000000001
0.9128868817345027	2.0
0.9343916229387126	2.1
0.9520876224589735	2.2
0.9663434879769758	2.3000000000000003
0.9838071824271097	2.4000000000000004
0.9948358385497497	2.5
0.9954323651960025	2.6
0.9998524281028379	2.7
1.0	2.8000000000000003
0.9994977935318758	2.9000000000000004
0.9923659042815074	3.0
0.9906862702028921	3.1
0.9762108995102692	3.2
0.9721733680649326	3.3000000000000003
0.9607783384874105	3.4000000000000004
0.9429315692669563	3.5
0.9255239494095484	3.6
0.8994161534277249	3.7
0.8848095203947614	3.8000000000000003
0.8582441534865993	3.9000000000000004
0.8351803925053912	4.0
0.8123008253876908	4.1000000000000005
0.7903286965995866	4.2
0.7613098012880299	4.3
0.7375656635551212	4.4
0.7081240207151775	4.5
0.6860414006513305	4.6000000000000005
0.6617409785220443	4.7
0.627906244001008	4.800000000000001
0.6047347589274218	4.9
0.5804097397750955	5.0
0.5520588285175451	5.1000000000000005
0.5247481018588926	5.2
0.49912557243854594	5.300000000000001
0.472727912504109	5.4
0.4494880697666293	5.5
0.4255036882823339	5.6000000000000005
0.40118563073198177	5.7
0.37963838502207975	5.800000000000001
0.3545943854960586	5.9
0.3339778328933259	6.0
0.3131228282963105	6.1000000000000005
0.2929336101451149	6.2
0.2758175622280949	6.300000000000001
0.25668748076544756	6.4
0.23953849588879914	6.5
0.22234514979760756	6.6000000000000005
0.20672363084507403	6.7
0.19248852953861487	6.800000000000001
0.1785863303867954	6.9
0.1652529770733299	7.0
0.15196249879086407	7.1000000000000005
0.1409170956510665	7.2
0.12967564900547993	7.300000000000001
0.11934874735578534	7.4
0.10921152728851798	7.5
0.10063337299399977	7.6000000000000005
0.09228415546168947	7.7
0.0836664089192674	7.800000000000001
0.07666259765522224	7.9
0.06966889616817473	8.0
0.06314260145316214	8.1
0.05759844601897418	8.200000000000001
0.05237572162136721	8.3
0.04732283223932093	8.4
0.04301930165030979	8.5
0.038545772316548994	8.6
0.03497710230033242	8.700000000000001
0.031551540432560796	8.8
0.02745308554044048	8.9
0.021238814018327595	9.0
0.017431505294042134	9.1
0.014554006600223232	9.200000000000001
0.012149272255973084	9.3
0.010109085600031533	9.4
0.008486615526286762	9.5
0.007136543289058937	9.600000000000001
0.005917388117121193	9.700000000000001
0.00486438571196635	9.8
0.004007903881502345	9.9
0.003314187761112669	10.0
0.0026850678906074885	10.100000000000001
0.00214140788883474	10.200000000000001
0.0016878312459805724	10.3
0.0012946645293065641	10.4
0.0009320711072832511	10.5
0.0005652583739844777	10.600000000000001
0.00026584552407470314	10.700000000000001
0.00021806873012976532	10.8
0.0001755852025936046	10.9
0.00014147027307276634	11.0
0.00011367063318928505	11.100000000000001
9.043297391522912e-05	11.200000000000001
7.138989917731067e-05	11.3
5.5158895782316294e-05	11.4
4.198160061713477e-05	11.5
3.096652998230923e-05	11.600000000000001
2.174699053414124e-05	11.700000000000001
1.3659804017081383e-05	11.8
4.992903423550329e-06	11.9
0.0	12.0
0.0	12.100000000000001
0.0	12.200000000000001
0.0	12.3
0.0	12.4
0.0	12.5
0.0	12.600000000000001
0.0	12.700000000000001
0.0	12.8
