a = 14573.193882124258 м
b = 12965.900813686476 м
x0 = 7205.395876350864 м
vr = 2449.4376191370684 м/с
A0 = 0.6553867372681346 м
Xmax = 10265.591859308362 м
sigmaX = 4971.590379182564 м
sigmaY = 4364.022625374973 м
M0 = 1.5196350864406666e+20 Н*м - интегральное значение сейсмического момента
Mr_max = 4.640961398799483e+19 Н*м/с - максимальное значение функции источника
1-ый столбец - отнормированная функция источника
2-ой столбец - время
0.0	0.0
0.00042955700679764915	0.1
0.0836586985943355	0.2
0.1663671648712063	0.30000000000000004
0.24909298452805037	0.4
0.3231409656345681	0.5
0.40223121357434327	0.6000000000000001
0.47399759761993715	0.7000000000000001
0.5442261044193394	0.8
0.6121500449912066	0.9
0.6702967423946947	1.0
0.7277967079364613	1.1
0.774817622737073	1.2000000000000002
0.8276632581406567	1.3
0.8657889269381285	1.4000000000000001
0.8960048536458508	1.5
0.9309694469784562	1.6
0.9567513351486479	1.7000000000000002
0.9796628117150408	1.8
0.9897675677823917	1.9000000000000001
0.9971868380923102	2.0
1.0	2.1
0.9948950729360694	2.2
0.9814291506882024	2.3000000000000003
0.98248986725746	2.4000000000000004
0.9673168703390236	2.5
0.9470413515204846	2.6
0.9257584540289466	2.7
0.9070574066310997	2.8000000000000003
0.8759241174733993	2.9000000000000004
0.8492839934350179	3.0
0.79037397820691	3.1
0.742621004034413	3.2
0.6986369605577373	3.3000000000000003
0.6534453458904063	3.4000000000000004
0.6191821315010069	3.5
0.5809809919471505	3.6
0.5463460895046606	3.7
0.5153415246964271	3.8000000000000003
0.4831232867422866	3.9000000000000004
0.4457019982338162	4.0
0.4181061940276073	4.1000000000000005
0.39419023761121297	4.2
0.36451354925188706	4.3
0.3392989348747614	4.4
0.31168854619586167	4.5
0.2886247240585217	4.6000000000000005
0.2625473154896131	4.7
0.2443569796653047	4.800000000000001
0.2222666283788373	4.9
0.2038250872626574	5.0
0.18503070426661694	5.1000000000000005
0.16862579909781525	5.2
0.1532136160117764	5.300000000000001
0.1389870026358726	5.4
0.12398516096055985	5.5
0.11334827788246812	5.6000000000000005
0.10100211364108694	5.7
0.09013024574515355	5.800000000000001
0.08103079954282602	5.9
0.07140122150902357	6.0
0.06365163111711894	6.1000000000000005
0.05600342033989439	6.2
0.04987070401409524	6.300000000000001
0.04397141149762318	6.4
0.03880260219679167	6.5
0.03394560077240071	6.6000000000000005
0.029495998606299485	6.7
0.02567378010141621	6.800000000000001
0.02230275787105197	6.9
0.019384654947163425	7.0
0.016772716851830825	7.1000000000000005
0.01450653427510253	7.2
0.012388244836641929	7.300000000000001
0.010607409399495058	7.4
0.009036061112083396	7.5
0.0076944755798229415	7.6000000000000005
0.0065755257907669585	7.7
0.005480023548783937	7.800000000000001
0.0045907742791495305	7.9
0.003847329838573872	8.0
0.003180149207016289	8.1
0.0026172651468695804	8.200000000000001
0.0021456584103636835	8.3
0.0017346581174116677	8.4
0.0013889751751152129	8.5
0.0010901349309085909	8.6
0.0008381954333033274	8.700000000000001
0.0006145901489910336	8.8
0.0004170794027035275	8.9
0.00022014785138463604	9.0
0.0	9.1
0.0	9.200000000000001
0.0	9.3
0.0	9.4
0.0	9.5
0.0	9.600000000000001
0.0	9.700000000000001
0.0	9.8
0.0	9.9
