a = 11921.707747711342 м
b = 10931.079493647403 м
x0 = 2769.800296993919 м
vr = 2054.0175652957187 м/с
A0 = 1.2368714344866205 м
Xmax = 11616.160911644234 м
sigmaX = 4331.56257715153 м
sigmaY = 4287.149744275921 м
M0 = 2.343885565569069e+20 Н*м - интегральное значение сейсмического момента
Mr_max = 4.81205831739707e+19 Н*м/с - максимальное значение функции источника
1-ый столбец - отнормированная функция источника
2-ой столбец - время
0.0	0.0
9.840315968038241e-05	0.1
0.01619067302487478	0.2
0.03259211509098947	0.30000000000000004
0.04920526652612369	0.4
0.06543161378466045	0.5
0.08249015645815806	0.6000000000000001
0.09936002998326843	0.7000000000000001
0.11847966996996266	0.8
0.1357915410524164	0.9
0.1558557289756307	1.0
0.17468719389033785	1.1
0.1946871323399842	1.2000000000000002
0.21904957270601264	1.3
0.24215201759008495	1.4000000000000001
0.26124157549258753	1.5
0.28592235069350946	1.6
0.30824879903498703	1.7000000000000002
0.3337423843928941	1.8
0.35966707348382243	1.9000000000000001
0.3805197988368633	2.0
0.411042599429848	2.1
0.44003746381841174	2.2
0.4710814952862791	2.3000000000000003
0.4992937379237821	2.4000000000000004
0.5333844464156025	2.5
0.5666206040320141	2.6
0.5994944666855987	2.7
0.6212926154020679	2.8000000000000003
0.6580839918048811	2.9000000000000004
0.6870943680878503	3.0
0.717865369114882	3.1
0.7447819912027047	3.2
0.7700195289607699	3.3000000000000003
0.79753312990677	3.4000000000000004
0.8306302732935565	3.5
0.8571736679310682	3.6
0.8771794813559611	3.7
0.9022738604205899	3.8000000000000003
0.915945068605926	3.9000000000000004
0.94017704135717	4.0
0.9441993331984418	4.1000000000000005
0.9581510962888784	4.2
0.9672741740510021	4.3
0.9777220902674963	4.4
1.0	4.5
0.9944958678502922	4.6000000000000005
0.9934686937339683	4.7
0.9951003490113364	4.800000000000001
0.9850806980978307	4.9
0.9885425409800801	5.0
0.9775244903747401	5.1000000000000005
0.9648546087130194	5.2
0.9588206200967272	5.300000000000001
0.9301590716117293	5.4
0.9236885365963547	5.5
0.9029030504050758	5.6000000000000005
0.8757626077671605	5.7
0.8614599599699229	5.800000000000001
0.8454493526391016	5.9
0.8139101778715797	6.0
0.7868640927031083	6.1000000000000005
0.7583900214249392	6.2
0.7248559107665948	6.300000000000001
0.7010548131574517	6.4
0.6660852031774112	6.5
0.6397982695396388	6.6000000000000005
0.6127419561385151	6.7
0.5854739362129706	6.800000000000001
0.5521203290853496	6.9
0.5252375265530057	7.0
0.49472616411139814	7.1000000000000005
0.4656047985222816	7.2
0.43609141100857773	7.300000000000001
0.4130844029963718	7.4
0.3805815147250414	7.5
0.3549465381502084	7.6000000000000005
0.3323415191397686	7.7
0.309265676370357	7.800000000000001
0.28549091843033675	7.9
0.26460452294918313	8.0
0.2433613017435539	8.1
0.22165730155665822	8.200000000000001
0.20400465351769703	8.3
0.18376686585159555	8.4
0.1695221099210186	8.5
0.15303934327402738	8.6
0.13876960204640446	8.700000000000001
0.1247424107117271	8.8
0.11214579622989142	8.9
0.10005507166644058	9.0
0.08868179651931718	9.1
0.07870520295818459	9.200000000000001
0.06986576134333793	9.3
0.06054550491990942	9.4
0.05296646989765174	9.5
0.04550053966443579	9.600000000000001
0.03901510379400984	9.700000000000001
0.03271931964976445	9.8
0.027159196642825595	9.9
0.021925676320762377	10.0
0.017073993747157207	10.100000000000001
0.012185784742187197	10.200000000000001
0.006832085767021957	10.3
0.0	10.4
0.0	10.5
0.0	10.600000000000001
0.0	10.700000000000001
0.0	10.8
0.0	10.9
0.0	11.0
0.0	11.100000000000001
0.0	11.200000000000001
