a = 13599.034354224013 м
b = 13694.2921663319 м
x0 = 844.6148351838117 м
vr = 2025.3538408904656 м/с
A0 = 1.325159916238895 м
Xmax = 16306.898784669804 м
sigmaX = 4413.003544253524 м
sigmaY = 4092.7188816712987 м
M0 = 2.3611428121039752e+20 Н*м - интегральное значение сейсмического момента
Mr_max = 4.474471671686301e+19 Н*м/с - максимальное значение функции источника
1-ый столбец - отнормированная функция источника
2-ой столбец - время
0.0	0.0
1.9427540190838576e-06	0.1
0.0003192399973952113	0.2
0.0006453636562411475	0.30000000000000004
0.0009911178855045715	0.4
0.0013576472253145088	0.5
0.0016471674652734935	0.6000000000000001
0.0020235940210739534	0.7000000000000001
0.0025272076156482395	0.8
0.0030608867568527845	0.9
0.0037162705534972934	1.0
0.00453496178322049	1.1
0.005429520580168041	1.2000000000000002
0.006492878377300983	1.3
0.007678962638106207	1.4000000000000001
0.00905024904286203	1.5
0.010642696824936996	1.6
0.012504856050492928	1.7000000000000002
0.014415047833240333	1.8
0.016665573275435525	1.9000000000000001
0.019339123848702837	2.0
0.022313633626326882	2.1
0.025476562411314845	2.2
0.02915585965249349	2.3000000000000003
0.03302740582498418	2.4000000000000004
0.03760488464723272	2.5
0.04217963168621053	2.6
0.04828135675114973	2.7
0.054367537336153036	2.8000000000000003
0.06064114081363961	2.9000000000000004
0.06877492386728122	3.0
0.07626992801088987	3.1
0.08575732379264321	3.2
0.09425577190355978	3.3000000000000003
0.10535783368321912	3.4000000000000004
0.115662005267065	3.5
0.1275397345761489	3.6
0.14083990171176983	3.7
0.15360161336369285	3.8000000000000003
0.17127246752401412	3.9000000000000004
0.1843720891332357	4.0
0.20356110399894073	4.1000000000000005
0.21916285502187663	4.2
0.23718988235074714	4.3
0.25638850002014213	4.4
0.2789164080518138	4.5
0.2986033447877268	4.6000000000000005
0.32178145634481564	4.7
0.34777970742598013	4.800000000000001
0.36804619342233647	4.9
0.39471812643530213	5.0
0.4228149656150797	5.1000000000000005
0.4470271281136751	5.2
0.4746481017626587	5.300000000000001
0.5013071813626889	5.4
0.527078291131252	5.5
0.5561541438466633	5.6000000000000005
0.5847581294878745	5.7
0.6098879372051312	5.800000000000001
0.6392902526213267	5.9
0.6737759290108246	6.0
0.6943395735976148	6.1000000000000005
0.7273980766331232	6.2
0.7541882571560354	6.300000000000001
0.7791243595177992	6.4
0.8038760867817846	6.5
0.8269749756677565	6.6000000000000005
0.856192882103006	6.7
0.865414103254311	6.800000000000001
0.8925185433388889	6.9
0.9095579269240883	7.0
0.9302186090558083	7.1000000000000005
0.9415607781369695	7.2
0.9539168494072429	7.300000000000001
0.9760397607265758	7.4
0.9805385374294864	7.5
0.9792279343220184	7.6000000000000005
0.9868009573924492	7.7
0.9939343497921194	7.800000000000001
0.9935881078649271	7.9
1.0	8.0
0.9797849854999556	8.1
0.9872044752920853	8.200000000000001
0.9804649542302278	8.3
0.9670941096795246	8.4
0.9547406096402014	8.5
0.942700743894056	8.6
0.9261728753380281	8.700000000000001
0.9009586797962961	8.8
0.8912994260799775	8.9
0.8673167545589233	9.0
0.8447837799708873	9.1
0.8287340413435196	9.200000000000001
0.8081543285227633	9.3
0.7880441986092815	9.4
0.7600533954119351	9.5
0.7284796036500143	9.600000000000001
0.6984193266695055	9.700000000000001
0.6754331737918875	9.8
0.6488549607130752	9.9
0.6184345517288785	10.0
0.5943906818756495	10.100000000000001
0.5640550029013375	10.200000000000001
0.5343725281996785	10.3
0.507260878080759	10.4
0.4786528754791894	10.5
0.4534757222839718	10.600000000000001
0.428985492606988	10.700000000000001
0.4006345562556497	10.8
0.37556905507378413	10.9
0.3518075849840318	11.0
0.3293239295514336	11.100000000000001
0.3085159694137989	11.200000000000001
0.2860950352422135	11.3
0.26539031081698605	11.4
0.24607617559051706	11.5
0.22546229315529775	11.600000000000001
0.20778386725817558	11.700000000000001
0.19061333542132913	11.8
0.17373776746383923	11.9
0.15849470094225643	12.0
0.14399030280985498	12.100000000000001
0.12977552202720682	12.200000000000001
0.11677366175213998	12.3
0.10409633311487765	12.4
0.0926173422922613	12.5
0.08041383966968682	12.600000000000001
0.0691980395046234	12.700000000000001
0.05772477174859094	12.8
0.04583748656159028	12.9
0.032207963440881476	13.0
0.010639694647500348	13.100000000000001
0.0	13.200000000000001
0.0	13.3
0.0	13.4
0.0	13.5
0.0	13.600000000000001
0.0	13.700000000000001
0.0	13.8
0.0	13.9
0.0	14.0
0.0	14.100000000000001
