a = 9255.779360551893 м
b = 11296.17737771974 м
x0 = 5569.412898952468 м
vr = 1765.189752526222 м/с
A0 = 0.9777966419044161 м
Xmax = 9124.662465902536 м
sigmaX = 4619.628984212 м
sigmaY = 4175.417996416548 м
M0 = 1.8485046316269135e+20 Н*м - интегральное значение сейсмического момента
Mr_max = 4.313450940600285e+19 Н*м/с - максимальное значение функции источника
1-ый столбец - отнормированная функция источника
2-ой столбец - время
0.0	0.0
0.00044641333591300477	0.1
0.06339694466471257	0.2
0.1252479588518118	0.30000000000000004
0.18575744083186918	0.4
0.24835896970306381	0.5
0.3062116203647468	0.6000000000000001
0.3665197802763781	0.7000000000000001
0.4197418368418306	0.8
0.47315539087044284	0.9
0.5240566228117048	1.0
0.5719753779262235	1.1
0.6175151084337884	1.2000000000000002
0.6632626899799309	1.3
0.7030372062199038	1.4000000000000001
0.751692565656574	1.5
0.7874776301923333	1.6
0.8176045623383091	1.7000000000000002
0.8573266645631628	1.8
0.8837545201085963	1.9000000000000001
0.8999764633034187	2.0
0.931544011418294	2.1
0.9507720368738813	2.2
0.9637537173953941	2.3000000000000003
0.9773057985067936	2.4000000000000004
0.9784131862268554	2.5
0.9884535435522525	2.6
0.9939952465303267	2.7
0.9950327443024053	2.8000000000000003
1.0	2.9000000000000004
0.9940539670708987	3.0
0.9886249932627248	3.1
0.9862157178520953	3.2
0.9550378924835008	3.3000000000000003
0.9250422027736676	3.4000000000000004
0.9062987240095075	3.5
0.8783378955832534	3.6
0.8631372792010849	3.7
0.8372429289483199	3.8000000000000003
0.8154002849874562	3.9000000000000004
0.787270469449673	4.0
0.765838186702504	4.1000000000000005
0.7516533944676785	4.2
0.7256086489449308	4.3
0.6996662236499986	4.4
0.6762477950885804	4.5
0.6532335513309802	4.6000000000000005
0.6311636888277466	4.7
0.6052891687948594	4.800000000000001
0.5809021604199236	4.9
0.5516578512632485	5.0
0.5292551390052356	5.1000000000000005
0.507695125477095	5.2
0.4844654396933673	5.300000000000001
0.4643356116981024	5.4
0.4385587260016414	5.5
0.41840005192737023	5.6000000000000005
0.3979749148426033	5.7
0.37841712562131674	5.800000000000001
0.35439846075783354	5.9
0.3368132008813027	6.0
0.3139878664871861	6.1000000000000005
0.299372131276333	6.2
0.2778881406958012	6.300000000000001
0.26104479192832186	6.4
0.2426474745319797	6.5
0.22706818307667942	6.6000000000000005
0.21157603396791222	6.7
0.19623040699013758	6.800000000000001
0.18278275341451342	6.9
0.16925705002530902	7.0
0.1556623122494257	7.1000000000000005
0.14217531711497186	7.2
0.12836520494716813	7.300000000000001
0.11234523395048032	7.4
0.0	7.5
0.0	7.6000000000000005
0.0	7.7
0.0	7.800000000000001
0.0	7.9
0.0	8.0
0.0	8.1
0.0	8.200000000000001
0.0	8.3
0.0	8.4
0.0	8.5
0.0	8.6
0.0	8.700000000000001
0.0	8.8
0.0	8.9
0.0	9.0
0.0	9.1
0.0	9.200000000000001
0.0	9.3
0.0	9.4
0.0	9.5
0.0	9.600000000000001
0.0	9.700000000000001
0.0	9.8
0.0	9.9
0.0	10.0
0.0	10.100000000000001
0.0	10.200000000000001
0.0	10.3
0.0	10.4
0.0	10.5
0.0	10.600000000000001
