a = 10497.768439707434 м
b = 10693.999916223149 м
x0 = 8704.314659972004 м
vr = 2374.020359324827 м/с
A0 = 1.8707341882746378 м
Xmax = 9375.484446508028 м
sigmaX = 4794.940759235432 м
sigmaY = 4238.501579635103 м
M0 = 3.7840100247601165e+20 Н*м - интегральное значение сейсмического момента
Mr_max = 1.3153564714149917e+20 Н*м/с - максимальное значение функции источника
1-ый столбец - отнормированная функция источника
2-ой столбец - время
0.0	0.0
0.0005015317823647895	0.1
0.09365645623782455	0.2
0.18652832354288415	0.30000000000000004
0.2788671559829184	0.4
0.3654926955681333	0.5
0.45306330196794053	0.6000000000000001
0.5311076986189724	0.7000000000000001
0.6021003125828474	0.8
0.6690133688180202	0.9
0.7321506478524143	1.0
0.7946281544514444	1.1
0.8370126886919396	1.2000000000000002
0.8891948335634252	1.3
0.9185542019855816	1.4000000000000001
0.937731900322586	1.5
0.9689218348996502	1.6
0.9862708544977814	1.7000000000000002
0.9949341920890136	1.8
1.0	1.9000000000000001
0.995264362549369	2.0
0.9911787754656258	2.1
0.9824667902413415	2.2
0.9595647134963172	2.3000000000000003
0.9392783950881297	2.4000000000000004
0.9196026367162791	2.5
0.8839794385857445	2.6
0.8518973587829699	2.7
0.8156854898572974	2.8000000000000003
0.7800376847642823	2.9000000000000004
0.7437397046275335	3.0
0.7046519759980525	3.1
0.6676262586232281	3.2
0.6298773681745421	3.3000000000000003
0.5928398443493041	3.4000000000000004
0.5490343216898056	3.5
0.5129711665659362	3.6
0.47580716290919783	3.7
0.4027438289854963	3.8000000000000003
0.33416582646123244	3.9000000000000004
0.2908474106474283	4.0
0.2513333231089207	4.1000000000000005
0.21806014751748506	4.2
0.18887004096763788	4.3
0.1640136664498152	4.4
0.14361478615989343	4.5
0.12478978413130702	4.6000000000000005
0.1065487652288372	4.7
0.09073895246605805	4.800000000000001
0.07623674906157535	4.9
0.06130545133717	5.0
0.0478911155382969	5.1000000000000005
0.0315497425342026	5.2
0.0	5.300000000000001
0.0	5.4
0.0	5.5
0.0	5.6000000000000005
0.0	5.7
0.0	5.800000000000001
0.0	5.9
0.0	6.0
0.0	6.1000000000000005
0.0	6.2
0.0	6.300000000000001
