a = 11053.774777166615 м
b = 13746.827382759342 м
x0 = 7325.96435170548 м
vr = 1821.3518014070005 м/с
A0 = 1.5760022120476953 м
Xmax = 9749.511782153257 м
sigmaX = 4255.287814082791 м
sigmaY = 4419.218176476185 м
M0 = 3.135425302184503e+20 Н*м - интегральное значение сейсмического момента
Mr_max = 7.749175576393872e+19 Н*м/с - максимальное значение функции источника
1-ый столбец - отнормированная функция источника
2-ой столбец - время
0.0	0.0
0.0004726982853671591	0.1
0.06896443657514853	0.2
0.1357044722655231	0.30000000000000004
0.20516480731845063	0.4
0.2682257925389126	0.5
0.3345902617029739	0.6000000000000001
0.3974413628405499	0.7000000000000001
0.45518556442661035	0.8
0.5120202281484124	0.9
0.5734405472902818	1.0
0.6217658317292764	1.1
0.668955053554376	1.2000000000000002
0.7154596790592763	1.3
0.7611341530318383	1.4000000000000001
0.7972829769654812	1.5
0.8369394068281587	1.6
0.8665393197034948	1.7000000000000002
0.8976641498759332	1.8
0.9261121453768716	1.9000000000000001
0.9371294981724616	2.0
0.9624382609587576	2.1
0.9774222089363773	2.2
0.9878149789258057	2.3000000000000003
0.9918253834979786	2.4000000000000004
1.0	2.5
0.9986479654933511	2.6
0.9933831203071463	2.7
0.9966619255869179	2.8000000000000003
0.9833102760641422	2.9000000000000004
0.974016800250533	3.0
0.9657953700569042	3.1
0.9468618787036481	3.2
0.9338227534294882	3.3000000000000003
0.9143843103742183	3.4000000000000004
0.8910578915178691	3.5
0.8651856013377044	3.6
0.8454144176260902	3.7
0.8139664252573582	3.8000000000000003
0.7917867209449566	3.9000000000000004
0.766757835066989	4.0
0.7358000159918079	4.1000000000000005
0.6887569005931886	4.2
0.6526396983153905	4.3
0.6229175979739926	4.4
0.5905054344415097	4.5
0.557915886208667	4.6000000000000005
0.5257406694866659	4.7
0.4992232541818965	4.800000000000001
0.46589166541042815	4.9
0.44246252651633694	5.0
0.41355883630092793	5.1000000000000005
0.39229135676229043	5.2
0.3638191539888433	5.300000000000001
0.3420081413709025	5.4
0.31938424141014804	5.5
0.29835955073895887	5.6000000000000005
0.2758269691431157	5.7
0.2569457966671273	5.800000000000001
0.24069102047873644	5.9
0.222406385076426	6.0
0.20091552169582755	6.1000000000000005
0.18580049019683195	6.2
0.1699328480990553	6.300000000000001
0.15725643352447524	6.4
0.1426926658960404	6.5
0.1317738681130258	6.6000000000000005
0.11935224087030175	6.7
0.10916826159980429	6.800000000000001
0.09824722489735055	6.9
0.08965490871496887	7.0
0.08016198283829684	7.1000000000000005
0.07250259671765519	7.2
0.06521825039463779	7.300000000000001
0.05872208617383445	7.4
0.052110011549396325	7.5
0.046311220190576714	7.6000000000000005
0.041469382919051556	7.7
0.03655327962051145	7.800000000000001
0.03230891210270356	7.9
0.02827954960154418	8.0
0.024628248518103645	8.1
0.021113976795943592	8.200000000000001
0.00933927378931704	8.3
0.0	8.4
0.0	8.5
0.0	8.6
0.0	8.700000000000001
0.0	8.8
0.0	8.9
0.0	9.0
0.0	9.1
0.0	9.200000000000001
0.0	9.3
0.0	9.4
0.0	9.5
0.0	9.600000000000001
0.0	9.700000000000001
0.0	9.8
0.0	9.9
0.0	10.0
0.0	10.100000000000001
0.0	10.200000000000001
0.0	10.3
0.0	10.4
0.0	10.5
0.0	10.600000000000001
0.0	10.700000000000001
0.0	10.8
0.0	10.9
0.0	11.0
0.0	11.100000000000001
0.0	11.200000000000001
0.0	11.3
0.0	11.4
0.0	11.5
0.0	11.600000000000001
0.0	11.700000000000001
0.0	11.8
0.0	11.9
0.0	12.0
