a = 5768.698663371187 м
b = 7335.46413475966 м
x0 = 736.4618412398922 м
vr = 1710.8140898191173 м/с
A0 = 1.9231891346279344 м
Xmax = 7488.4658690850365 м
sigmaX = 4394.405151653606 м
sigmaY = 4603.194307389138 м
M0 = 2.439335896464076e+20 Н*м - интегральное значение сейсмического момента
Mr_max = 5.895542559590762e+19 Н*м/с - максимальное значение функции источника
1-ый столбец - отнормированная функция источника
2-ой столбец - время
0.0	0.0
0.0002574430305250907	0.1
0.035542541523437145	0.2
0.06980145625137099	0.30000000000000004
0.10547961961057069	0.4
0.14069237451380517	0.5
0.15225277438489138	0.6000000000000001
0.16931980347306644	0.7000000000000001
0.1893377097246502	0.8
0.21663281285434302	0.9
0.2392696561997513	1.0
0.2629014734420119	1.1
0.28966532436729087	1.2000000000000002
0.31472200175991205	1.3
0.34850260670065203	1.4000000000000001
0.3756858395425882	1.5
0.40103381723538856	1.6
0.43663853663394514	1.7000000000000002
0.46508503359540326	1.8
0.4981172610210635	1.9000000000000001
0.5215006305550725	2.0
0.553679008695051	2.1
0.5846086910951921	2.2
0.6213619006275499	2.3000000000000003
0.6390565510153712	2.4000000000000004
0.6823923529675232	2.5
0.6924306117260842	2.6
0.7334226273213593	2.7
0.7597133231033644	2.8000000000000003
0.7844587403215261	2.9000000000000004
0.8179493846160877	3.0
0.8356365703325603	3.1
0.8633883523514484	3.2
0.8829522880734614	3.3000000000000003
0.8894638124441541	3.4000000000000004
0.920305730604118	3.5
0.9328339209004094	3.6
0.942754577585021	3.7
0.9552629577110605	3.8000000000000003
0.9733585190360722	3.9000000000000004
0.9844131957757437	4.0
0.9851380846398261	4.1000000000000005
0.9861415117645168	4.2
0.9884401004597692	4.3
0.9922158307839983	4.4
1.0	4.5
0.9923582296581731	4.6000000000000005
0.9744267224072606	4.7
0.9918842989698887	4.800000000000001
0.9590255862890444	4.9
0.9553505338759731	5.0
0.9444944036946594	5.1000000000000005
0.9305637835167883	5.2
0.9186680324897284	5.300000000000001
0.8767964787714638	5.4
0.8571400513810316	5.5
0.8457968847940432	5.6000000000000005
0.8028550188137515	5.7
0.7832181371216963	5.800000000000001
0.7359436527627352	5.9
0.6949917877605939	6.0
0.6442058124424105	6.1000000000000005
0.5705414321075749	6.2
0.4662117873822981	6.300000000000001
0.19764566878031264	6.4
0.0	6.5
0.0	6.6000000000000005
0.0	6.7
0.0	6.800000000000001
0.0	6.9
0.0	7.0
0.0	7.1000000000000005
0.0	7.2
0.0	7.300000000000001
0.0	7.4
0.0	7.5
0.0	7.6000000000000005
0.0	7.7
0.0	7.800000000000001
0.0	7.9
0.0	8.0
0.0	8.1
0.0	8.200000000000001
0.0	8.3
0.0	8.4
0.0	8.5
0.0	8.6
0.0	8.700000000000001
0.0	8.8
0.0	8.9
0.0	9.0
0.0	9.1
