a = 16550.16750963212 м
b = 21275.392459638377 м
x0 = 5126.33749146993 м
vr = 1749.132684997051 м/с
A0 = 0.603359856653021 м
Xmax = 16286.51470005965 м
sigmaX = 4728.50938026174 м
sigmaY = 4939.346511850174 м
M0 = 1.4854944970258973e+20 Н*м - интегральное значение сейсмического момента
Mr_max = 2.3146425608618697e+19 Н*м/с - максимальное значение функции источника
1-ый столбец - отнормированная функция источника
2-ой столбец - время
0.0	0.0
4.228467568936926e-05	0.1
0.005929455978861765	0.2
0.01182532768288161	0.30000000000000004
0.017879108902939526	0.4
0.023897443375668324	0.5
0.030376871669026896	0.6000000000000001
0.03676328487537614	0.7000000000000001
0.04326037328923797	0.8
0.0504744475530598	0.9
0.057925823051169736	1.0
0.06493007600861907	1.1
0.07344568993013535	1.2000000000000002
0.08173929939635523	1.3
0.09099626943442123	1.4000000000000001
0.10066908631661915	1.5
0.11046222820404307	1.6
0.12162671429672203	1.7000000000000002
0.1312377677926745	1.8
0.14318126845967644	1.9000000000000001
0.15620804291622933	2.0
0.1674814117481604	2.1
0.1824382884843241	2.2
0.1953895274926224	2.3000000000000003
0.21228851237396124	2.4000000000000004
0.229056454993881	2.5
0.24223089806035483	2.6
0.26051111639477836	2.7
0.2764370910732075	2.8000000000000003
0.2947243166754674	2.9000000000000004
0.3102922695041619	3.0
0.33225690088705845	3.1
0.3508712862582298	3.2
0.3783433481884187	3.3000000000000003
0.3937703509848698	3.4000000000000004
0.4116841762522974	3.5
0.4384671216899627	3.6
0.45976740657082754	3.7
0.4854117212171999	3.8000000000000003
0.5005709999178535	3.9000000000000004
0.5245955397705062	4.0
0.5528920401623122	4.1000000000000005
0.5763045045265816	4.2
0.5873545266789947	4.3
0.6217367796650829	4.4
0.6458307937551092	4.5
0.6660361132703474	4.6000000000000005
0.6882742004132903	4.7
0.7135474545744974	4.800000000000001
0.7324283095820341	4.9
0.7589080452326321	5.0
0.7721715677748281	5.1000000000000005
0.7990239974022418	5.2
0.8153439000656489	5.300000000000001
0.8317879782846155	5.4
0.8603463348680093	5.5
0.8638509134389931	5.6000000000000005
0.8883580504774087	5.7
0.9011932127723377	5.800000000000001
0.9216094856381295	5.9
0.9292469369027887	6.0
0.943942583515931	6.1000000000000005
0.9481069572859236	6.2
0.9696654032405313	6.300000000000001
0.968292603100456	6.4
0.9747778371054192	6.5
0.9802367929700865	6.6000000000000005
0.98730437909165	6.7
1.0	6.800000000000001
0.9917965475071222	6.9
0.9823505374522906	7.0
0.9903020749601196	7.1000000000000005
0.982128381060319	7.2
0.980701751783416	7.300000000000001
0.9748929517645301	7.4
0.9620075447805971	7.5
0.958933366162618	7.6000000000000005
0.9409664255224266	7.7
0.9418993663017399	7.800000000000001
0.920791837456618	7.9
0.8997883271373754	8.0
0.8879351770647564	8.1
0.8785322173277842	8.200000000000001
0.8493211690702541	8.3
0.8395759808922456	8.4
0.8197338987290601	8.5
0.8037251385048955	8.6
0.7826882389811265	8.700000000000001
0.7626367140368204	8.8
0.7394764033535998	8.9
0.7183408548402693	9.0
0.700280864022422	9.1
0.6748277647199142	9.200000000000001
0.6468055747245358	9.3
0.6348515813022545	9.4
0.607668673180906	9.5
0.5858418781908052	9.600000000000001
0.5642811908040882	9.700000000000001
0.5406136379694292	9.8
0.5205732889102226	9.9
0.5005288512335796	10.0
0.4749902199485109	10.100000000000001
0.45533368168290295	10.200000000000001
0.43231563976581466	10.3
0.4101056641182156	10.4
0.3930087983802419	10.5
0.37054240819125234	10.600000000000001
0.35270032040881977	10.700000000000001
0.33465216655223395	10.8
0.31791092841584984	10.9
0.29878625386488	11.0
0.2812308667510555	11.100000000000001
0.2647708425611199	11.200000000000001
0.2489063886408119	11.3
0.2349245397846391	11.4
0.21943452446305003	11.5
0.206495076766565	11.600000000000001
0.1924753092865622	11.700000000000001
0.18003751714324195	11.8
0.1676090004442012	11.9
0.15486074904601585	12.0
0.14549676248427523	12.100000000000001
0.13484842626766674	12.200000000000001
0.12478168286164922	12.3
0.11534264393891606	12.4
0.1067197541202538	12.5
0.09777683560425919	12.600000000000001
0.09171010109816305	12.700000000000001
0.08303912410052462	12.8
0.0771139414926116	12.9
0.07019270846681896	13.0
0.06459266519377663	13.100000000000001
0.05935831180219558	13.200000000000001
0.05371931303414109	13.3
0.04924578470678215	13.4
0.044792056573958315	13.5
0.04099824831428872	13.600000000000001
0.03725939842436843	13.700000000000001
0.03379845785388461	13.8
0.030621162905957858	13.9
0.027740678812693494	14.0
0.02514458082462973	14.100000000000001
0.022691174166343052	14.200000000000001
0.020417266373344498	14.3
0.01841308247246268	14.4
0.016626660474285335	14.5
0.014877760637899012	14.600000000000001
0.013305515019573812	14.700000000000001
0.011928878481738094	14.8
0.010661364710253578	14.9
0.009499240302368192	15.0
0.008447477608611687	15.100000000000001
0.007533275463589191	15.200000000000001
0.006682376351661795	15.3
0.005908958607040104	15.4
0.005230015022098715	15.5
0.0046193612067163175	15.600000000000001
0.004045264478941354	15.700000000000001
0.00352698786295439	15.8
0.003032430149201675	15.9
0.002477866340797619	16.0
0.0	16.1
0.0	16.2
0.0	16.3
0.0	16.400000000000002
0.0	16.5
0.0	16.6
0.0	16.7
0.0	16.8
0.0	16.900000000000002
0.0	17.0
0.0	17.1
0.0	17.2
0.0	17.3
0.0	17.400000000000002
0.0	17.5
0.0	17.6
0.0	17.7
0.0	17.8
0.0	17.900000000000002
0.0	18.0
0.0	18.1
0.0	18.2
0.0	18.3
0.0	18.400000000000002
0.0	18.5
0.0	18.6
0.0	18.7
0.0	18.8
0.0	18.900000000000002
0.0	19.0
0.0	19.1
0.0	19.200000000000003
0.0	19.3
0.0	19.400000000000002
0.0	19.5
0.0	19.6
0.0	19.700000000000003
0.0	19.8
0.0	19.900000000000002
0.0	20.0
0.0	20.1
0.0	20.200000000000003
0.0	20.3
0.0	20.400000000000002
0.0	20.5
0.0	20.6
0.0	20.700000000000003
0.0	20.8
0.0	20.900000000000002
0.0	21.0
0.0	21.1
0.0	21.200000000000003
0.0	21.3
0.0	21.400000000000002
0.0	21.5
0.0	21.6
0.0	21.700000000000003
0.0	21.8
0.0	21.900000000000002
0.0	22.0
0.0	22.1
0.0	22.200000000000003
0.0	22.3
