a = 11503.284508181916 м
b = 14869.083776986325 м
x0 = 10703.633901326453 м
vr = 1768.5033235984556 м/с
A0 = 1.025729202876791 м
Xmax = 12284.65167317499 м
sigmaX = 4239.7301536265195 м
sigmaY = 4996.151894822545 м
M0 = 2.2515597732885807e+20 Н*м - интегральное значение сейсмического момента
Mr_max = 5.352724866129706e+19 Н*м/с - максимальное значение функции источника
1-ый столбец - отнормированная функция источника
2-ой столбец - время
0.0	0.0
0.00047425395555502036	0.1
0.06683610122090437	0.2
0.13433638664631267	0.30000000000000004
0.19840838519516726	0.4
0.26268291182658504	0.5
0.3246097700459307	0.6000000000000001
0.3840692795176416	0.7000000000000001
0.44279238072688926	0.8
0.4973280710210057	0.9
0.5575545738177501	1.0
0.6069634926837613	1.1
0.6538165949395922	1.2000000000000002
0.7001869435828705	1.3
0.7391374390252745	1.4000000000000001
0.7759796652264295	1.5
0.8142185113960513	1.6
0.8431952532008101	1.7000000000000002
0.8765610326064622	1.8
0.8996541277775908	1.9000000000000001
0.9159495764803958	2.0
0.938034952181954	2.1
0.9609638828724125	2.2
0.9714415338417763	2.3000000000000003
0.9899569925130892	2.4000000000000004
0.9875054189164356	2.5
1.0	2.6
0.9869011898827	2.7
0.9884586322227651	2.8000000000000003
0.983201495498776	2.9000000000000004
0.9732675698833912	3.0
0.9641975617843295	3.1
0.9547917540329922	3.2
0.9366115921898615	3.3000000000000003
0.9232849586370776	3.4000000000000004
0.8993436745254524	3.5
0.8837477650162311	3.6
0.8621595545843549	3.7
0.8385627384758665	3.8000000000000003
0.8151603353629135	3.9000000000000004
0.7891776381883786	4.0
0.7588592001868025	4.1000000000000005
0.7342169230002343	4.2
0.7095024035834765	4.3
0.6815127561715624	4.4
0.6545393681329064	4.5
0.6278178356874831	4.6000000000000005
0.6039124187909939	4.7
0.5719108246588135	4.800000000000001
0.5473068810164986	4.9
0.520040698262949	5.0
0.4906893615039116	5.1000000000000005
0.4635871927750773	5.2
0.44017549977278253	5.300000000000001
0.4151706294956207	5.4
0.3892350609587008	5.5
0.3682261332551882	5.6000000000000005
0.34648826617565487	5.7
0.324303587954826	5.800000000000001
0.3022101613736446	5.9
0.28259888414972195	6.0
0.26370316137651184	6.1000000000000005
0.24277298351329143	6.2
0.22297162953442595	6.300000000000001
0.20642067334254682	6.4
0.18963989652164506	6.5
0.17406168230975874	6.6000000000000005
0.16062199190811138	6.7
0.14811087392313105	6.800000000000001
0.13543222962766494	6.9
0.12365712164535966	7.0
0.10396687773231773	7.1000000000000005
0.08765965451498985	7.2
0.07499690220017911	7.300000000000001
0.06497011968238185	7.4
0.05588372452720093	7.5
0.04777047273563476	7.6000000000000005
0.04065449014681549	7.7
0.034652834461519115	7.800000000000001
0.029086229359194644	7.9
0.02406285630500094	8.0
0.019641524233319562	8.1
0.015561483948725086	8.200000000000001
0.011737341228785003	8.3
0.008069329368580035	8.4
0.0038712748507571037	8.5
0.0	8.6
0.0	8.700000000000001
0.0	8.8
0.0	8.9
0.0	9.0
0.0	9.1
0.0	9.200000000000001
0.0	9.3
0.0	9.4
0.0	9.5
0.0	9.600000000000001
0.0	9.700000000000001
0.0	9.8
0.0	9.9
0.0	10.0
0.0	10.100000000000001
0.0	10.200000000000001
0.0	10.3
0.0	10.4
0.0	10.5
0.0	10.600000000000001
0.0	10.700000000000001
0.0	10.8
0.0	10.9
0.0	11.0
0.0	11.100000000000001
0.0	11.200000000000001
0.0	11.3
0.0	11.4
0.0	11.5
0.0	11.600000000000001
0.0	11.700000000000001
