a = 16940.813749884917 м
b = 10366.536011303988 м
x0 = 11334.397080126375 м
vr = 2456.4713953010264 м/с
A0 = 0.6926283360476126 м
Xmax = 14797.066576798177 м
sigmaX = 4810.768708144814 м
sigmaY = 4612.767421006871 м
M0 = 1.6480480278692312e+20 Н*м - интегральное значение сейсмического момента
Mr_max = 4.878292380642918e+19 Н*м/с - максимальное значение функции источника
1-ый столбец - отнормированная функция источника
2-ой столбец - время
0.0	0.0
0.00040380890124152983	0.1
0.07992084646344179	0.2
0.15735169931124446	0.30000000000000004
0.23620965554495757	0.4
0.3078351619477226	0.5
0.3832169715796043	0.6000000000000001
0.4499945736438403	0.7000000000000001
0.5194602354161745	0.8
0.5822218866967327	0.9
0.6455989150936516	1.0
0.6976928296676621	1.1
0.7513114318190626	1.2000000000000002
0.7938238774299644	1.3
0.8395115154788503	1.4000000000000001
0.8770681865715574	1.5
0.8993947487358712	1.6
0.94156622926039	1.7000000000000002
0.950136577296277	1.8
0.9731629309892491	1.9000000000000001
0.9804379931508643	2.0
0.9928753988154307	2.1
0.9989367247531378	2.2
1.0	2.3000000000000003
0.988304714201642	2.4000000000000004
0.9883246544357909	2.5
0.96999759438573	2.6
0.9482114461708888	2.7
0.9333715364169907	2.8000000000000003
0.9131439191665899	2.9000000000000004
0.8932339262033494	3.0
0.8634272729119208	3.1
0.8299190116597128	3.2
0.7942139416574051	3.3000000000000003
0.76147036911542	3.4000000000000004
0.7336537453016587	3.5
0.7036811866543906	3.6
0.6683450145362391	3.7
0.6326185261902697	3.8000000000000003
0.5930367406300868	3.9000000000000004
0.5321640215517125	4.0
0.4772792126889763	4.1000000000000005
0.44103563221519315	4.2
0.4038214844857989	4.3
0.37127145892909846	4.4
0.3383409796863486	4.5
0.30861223660889875	4.6000000000000005
0.27870370976409015	4.7
0.25438780674297307	4.800000000000001
0.2309282096233354	4.9
0.21133681384490763	5.0
0.19131351997189583	5.1000000000000005
0.17189674928332827	5.2
0.1548421107308307	5.300000000000001
0.13838834406114667	5.4
0.12412552606506078	5.5
0.11102072584990659	5.6000000000000005
0.09953790727170217	5.7
0.0879178528685623	5.800000000000001
0.078706972177855	5.9
0.06861281665812956	6.0
0.06065305197519232	6.1000000000000005
0.052737821134832226	6.2
0.04614864119742384	6.300000000000001
0.04070452045406346	6.4
0.03518870940140223	6.5
0.030395181990177163	6.6000000000000005
0.02649702525666925	6.7
0.022765721393667067	6.800000000000001
0.019552077511292128	6.9
0.016823333713778144	7.0
0.014262773875919184	7.1000000000000005
0.012189074241106459	7.2
0.01020069612568072	7.300000000000001
0.008597515567272764	7.4
0.0072494836785437005	7.5
0.006051773341747941	7.6000000000000005
0.005004469774438161	7.7
0.004170067748301514	7.800000000000001
0.0034613040347016757	7.9
0.0028344826805453732	8.0
0.002316047294096062	8.1
0.001882818934991446	8.200000000000001
0.0015094410648629603	8.3
0.0012141178016293916	8.4
0.0009689430118832503	8.5
0.0007552236182707873	8.6
0.0005836201428403337	8.700000000000001
0.00044292592927124464	8.8
0.0003282539792094595	8.9
0.00023524547518888472	9.0
0.00015694242459290657	9.1
8.630587609586843e-05	9.200000000000001
0.0	9.3
0.0	9.4
0.0	9.5
0.0	9.600000000000001
0.0	9.700000000000001
0.0	9.8
0.0	9.9
0.0	10.0
0.0	10.100000000000001
