a = 12099.349107760356 м
b = 11404.423080371193 м
x0 = 3459.4825261142864 м
vr = 2332.5722458596147 м/с
A0 = 1.466650182674959 м
Xmax = 15561.091773459859 м
sigmaX = 4907.019534452011 м
sigmaY = 4284.602988723155 м
M0 = 2.892590216218082e+20 Н*м - интегральное значение сейсмического момента
Mr_max = 6.120466353528748e+19 Н*м/с - максимальное значение функции источника
1-ый столбец - отнормированная функция источника
2-ой столбец - время
0.0	0.0
4.007549125285214e-05	0.1
0.0075230737359561805	0.2
0.015149207586721763	0.30000000000000004
0.02274253174108757	0.4
0.030631861346793157	0.5
0.038999960000710474	0.6000000000000001
0.04764264558504497	0.7000000000000001
0.056351614317067485	0.8
0.06655945498207048	0.9
0.0771480825157057	1.0
0.08752747573559697	1.1
0.09953188617499603	1.2000000000000002
0.1125708250297039	1.3
0.1273299711420676	1.4000000000000001
0.1411224768199184	1.5
0.1570928096134671	1.6
0.17089470142081775	1.7000000000000002
0.18788937029302202	1.8
0.2066494556355438	1.9000000000000001
0.2268971540403634	2.0
0.24576157822857114	2.1
0.2687163064699427	2.2
0.2932626684813431	2.3000000000000003
0.3162691450824402	2.4000000000000004
0.34255469935374616	2.5
0.3683513502993655	2.6
0.39313718745657383	2.7
0.41851337583871173	2.8000000000000003
0.4527812277545928	2.9000000000000004
0.4747587641288773	3.0
0.5069058104722438	3.1
0.5359453381685856	3.2
0.5672004045367578	3.3000000000000003
0.5913793018754165	3.4000000000000004
0.6330738630732049	3.5
0.6519733340647573	3.6
0.6862577623289741	3.7
0.7159576913414883	3.8000000000000003
0.7532840998017508	3.9000000000000004
0.7732513617882443	4.0
0.7996594960557422	4.1000000000000005
0.8251990384033197	4.2
0.8450510217030116	4.3
0.8673042542332889	4.4
0.8964472567096228	4.5
0.9058208560171175	4.6000000000000005
0.930569929248397	4.7
0.951231881331239	4.800000000000001
0.9521255885739247	4.9
0.9632403513427974	5.0
0.9715424971161574	5.1000000000000005
0.9851508352361755	5.2
0.9856281867474369	5.300000000000001
1.0	5.4
0.9919341183422583	5.5
0.9964122087616076	5.6000000000000005
0.9861058719744518	5.7
0.9789858453539428	5.800000000000001
0.966863899406768	5.9
0.9557549745794418	6.0
0.9366019388795569	6.1000000000000005
0.9292657944231875	6.2
0.9055842927934703	6.300000000000001
0.8932120506928833	6.4
0.8674739906629457	6.5
0.8420685377538848	6.6000000000000005
0.8287116881705129	6.7
0.7895624818940418	6.800000000000001
0.7629756769668341	6.9
0.7330436897087231	7.0
0.7144483536635403	7.1000000000000005
0.6804490262101611	7.2
0.6539179316910647	7.300000000000001
0.6188986615061202	7.4
0.5904973273172149	7.5
0.5560716242459778	7.6000000000000005
0.5286225324814076	7.7
0.4932671661151895	7.800000000000001
0.46506900102153415	7.9
0.4347266468358971	8.0
0.4010095225378766	8.1
0.37044422674291233	8.200000000000001
0.33816365734427106	8.3
0.30836616457958055	8.4
0.2754688209456731	8.5
0.23972423975785234	8.6
0.20397452178016073	8.700000000000001
0.16310102311401148	8.8
0.11156605434102135	8.9
0.0	9.0
0.0	9.1
0.0	9.200000000000001
0.0	9.3
0.0	9.4
0.0	9.5
0.0	9.600000000000001
0.0	9.700000000000001
0.0	9.8
