a = 9286.272928349536 м
b = 6442.530950913638 м
x0 = 4393.119176151493 м
vr = 2385.3964995773113 м/с
A0 = 0.9308718303404855 м
Xmax = 11130.878533136 м
sigmaX = 4891.900919701605 м
sigmaY = 4651.64438925103 м
M0 = 1.5608530950717204e+20 Н*м - интегральное значение сейсмического момента
Mr_max = 4.101755288866575e+19 Н*м/с - максимальное значение функции источника
1-ый столбец - отнормированная функция источника
2-ой столбец - время
0.0	0.0
0.000314677495641678	0.1
0.060139701338569204	0.2
0.11931997881532286	0.30000000000000004
0.17914114191904837	0.4
0.23613221741998344	0.5
0.29392287132569933	0.6000000000000001
0.3550334461965389	0.7000000000000001
0.4068692547109342	0.8
0.4590464405973213	0.9
0.520306661489387	1.0
0.5657174837226194	1.1
0.6187400467730166	1.2000000000000002
0.6646660664794557	1.3
0.7143586882877153	1.4000000000000001
0.7668832253989883	1.5
0.8153956314943402	1.6
0.8528467729826906	1.7000000000000002
0.8900889015044949	1.8
0.9272353551497056	1.9000000000000001
0.9131499253623736	2.0
0.9190344367005708	2.1
0.934985761493852	2.2
0.9450645955574499	2.3000000000000003
0.9662148137589431	2.4000000000000004
0.9793814353977729	2.5
0.9847126729392238	2.6
0.9952812848733459	2.7
0.9931785736072001	2.8000000000000003
1.0	2.9000000000000004
0.9942480391155396	3.0
0.9950217602162316	3.1
0.9711777411715276	3.2
0.9758664925854289	3.3000000000000003
0.9559868070894457	3.4000000000000004
0.9389534015233544	3.5
0.909470779710165	3.6
0.903846648696091	3.7
0.8668320123261694	3.8000000000000003
0.8410858040629773	3.9000000000000004
0.8149245523870183	4.0
0.7830839089271296	4.1000000000000005
0.7550187276516518	4.2
0.7105245919744007	4.3
0.6940561051675332	4.4
0.6501583651913511	4.5
0.6085365996245187	4.6000000000000005
0.576545513445998	4.7
0.5404676742445309	4.800000000000001
0.49880151418828306	4.9
0.46259961746736544	5.0
0.4230248663226383	5.1000000000000005
0.3893378629778041	5.2
0.35139382039228656	5.300000000000001
0.3115587907570602	5.4
0.27432001780790655	5.5
0.23968269065418799	5.6000000000000005
0.19969627409262108	5.7
0.15963613775661817	5.800000000000001
0.11791080675608596	5.9
0.062366349454608734	6.0
0.0	6.1000000000000005
0.0	6.2
0.0	6.300000000000001
0.0	6.4
0.0	6.5
0.0	6.6000000000000005
0.0	6.7
0.0	6.800000000000001
0.0	6.9
