a = 14613.109271033249 м
b = 12625.357049118606 м
x0 = 6979.962643987487 м
vr = 2431.4361412456656 м/с
A0 = 0.7594701929259198 м
Xmax = 13938.786999964954 м
sigmaX = 4698.778149842856 м
sigmaY = 4379.831656846534 м
M0 = 1.668110674652762e+20 Н*м - интегральное значение сейсмического момента
Mr_max = 3.9572771611083825e+19 Н*м/с - максимальное значение функции источника
1-ый столбец - отнормированная функция источника
2-ой столбец - время
0.0	0.0
0.00023377618207101673	0.1
0.04564080858864416	0.2
0.09105445856553313	0.30000000000000004
0.135033138920719	0.4
0.18034525936926	0.5
0.22740332112632988	0.6000000000000001
0.26830943928275275	0.7000000000000001
0.312354156136613	0.8
0.35739759343318916	0.9
0.3932878934962893	1.0
0.4447556819600006	1.1
0.48633693685099266	1.2000000000000002
0.5262314262161274	1.3
0.5619139645229181	1.4000000000000001
0.6080639880207952	1.5
0.6395902927756774	1.6
0.685484283114287	1.7000000000000002
0.7217738228569656	1.8
0.7520977415871218	1.9000000000000001
0.7901007411815596	2.0
0.8188497405436402	2.1
0.8471437606236711	2.2
0.8617761880579559	2.3000000000000003
0.9024018694077613	2.4000000000000004
0.9264364234213652	2.5
0.9406669823676148	2.6
0.9522893813203275	2.7
0.9710590957887546	2.8000000000000003
0.9878188614283173	2.9000000000000004
0.994867249209223	3.0
0.9809106186287079	3.1
1.0	3.2
0.9998041400911398	3.3000000000000003
0.9870403146864825	3.4000000000000004
0.9730551232670943	3.5
0.967701971655309	3.6
0.965027161103863	3.7
0.948802208320281	3.8000000000000003
0.9245554127775268	3.9000000000000004
0.9068079674140537	4.0
0.8815594561298441	4.1000000000000005
0.8625791484144807	4.2
0.8360858228599418	4.3
0.8100628880769682	4.4
0.7737741719512359	4.5
0.7464362669561176	4.6000000000000005
0.7295771270236165	4.7
0.6940027349972698	4.800000000000001
0.657308727217596	4.9
0.6232546947445367	5.0
0.592105404444083	5.1000000000000005
0.5676512793250909	5.2
0.5315073625700698	5.300000000000001
0.5000696599456033	5.4
0.4664163528629666	5.5
0.43894604749596355	5.6000000000000005
0.40636004825945443	5.7
0.378106327379522	5.800000000000001
0.35143733451134396	5.9
0.32489481086521627	6.0
0.2982581324960468	6.1000000000000005
0.27451420732050524	6.2
0.2520690225983296	6.300000000000001
0.23180494597893506	6.4
0.20975885081374757	6.5
0.19049921153234803	6.6000000000000005
0.17175788239488016	6.7
0.15758029431897538	6.800000000000001
0.13906248415218014	6.9
0.12583550467421975	7.0
0.1120811946236452	7.1000000000000005
0.09978737649189882	7.2
0.0891617710920986	7.300000000000001
0.07934336297603779	7.4
0.06932404363998224	7.5
0.06069468401767958	7.6000000000000005
0.053378059391519676	7.7
0.046720010647834806	7.800000000000001
0.04040860014532886	7.9
0.03495008355756396	8.0
0.030023888779214466	8.1
0.025656163670372996	8.200000000000001
0.021801622896330225	8.3
0.018461987637902855	8.4
0.015405534438779048	8.5
0.01273901227409552	8.6
0.010445816892820583	8.700000000000001
0.008401067584099538	8.8
0.006542701333549049	8.9
0.004894890923148735	9.0
0.00335288697050254	9.1
0.0017165676000517657	9.200000000000001
0.0	9.3
0.0	9.4
0.0	9.5
0.0	9.600000000000001
0.0	9.700000000000001
0.0	9.8
0.0	9.9
0.0	10.0
0.0	10.100000000000001
