a = 14407.511104998355 м
b = 16755.873546802894 м
x0 = 4679.752201437526 м
vr = 1655.6156451228517 м/с
A0 = 1.4403154388096107 м
Xmax = 18449.47654940707 м
sigmaX = 4835.8197833922595 м
sigmaY = 4139.15213735697 м
M0 = 2.8464683729821526e+20 Н*м - интегральное значение сейсмического момента
Mr_max = 4.06211568399171e+19 Н*м/с - максимальное значение функции источника
1-ый столбец - отнормированная функция источника
2-ой столбец - время
0.0	0.0
1.5282826550467522e-05	0.1
0.0020709894700154242	0.2
0.004116568060907781	0.30000000000000004
0.006153505889022532	0.4
0.00827133311996501	0.5
0.010441334402729789	0.6000000000000001
0.0127403400233774	0.7000000000000001
0.01525335860140265	0.8
0.017729649483990785	0.9
0.020505311250595713	1.0
0.023283775294203272	1.1
0.026473123206975577	1.2000000000000002
0.02982895040643913	1.3
0.0332687866704208	1.4000000000000001
0.036985900088505434	1.5
0.04126594590553035	1.6
0.045291415775809765	1.7000000000000002
0.049699778898375895	1.8
0.05491185297851211	1.9000000000000001
0.06071995757019766	2.0
0.06578221222534811	2.1
0.07246597390960466	2.2
0.07890183488417989	2.3000000000000003
0.08499945735020133	2.4000000000000004
0.09278113030192964	2.5
0.10126786283859325	2.6
0.10856726226488922	2.7
0.11613768108131413	2.8000000000000003
0.12632906039025127	2.9000000000000004
0.1356239190955128	3.0
0.1477607935895562	3.1
0.15772098370779947	3.2
0.1693679825170234	3.3000000000000003
0.18047373314643975	3.4000000000000004
0.19279187310170393	3.5
0.2067500820124323	3.6
0.22076462907440958	3.7
0.23437798066088883	3.8000000000000003
0.24927768902511668	3.9000000000000004
0.26566137418118646	4.0
0.28002164002141894	4.1000000000000005
0.29650484649832043	4.2
0.313776349581581	4.3
0.3311574746866287	4.4
0.34947377335934726	4.5
0.3673502747539627	4.6000000000000005
0.3894230010112285	4.7
0.4083625808238669	4.800000000000001
0.42382305471870085	4.9
0.44649191208590294	5.0
0.46293238845993695	5.1000000000000005
0.48751351641523843	5.2
0.5070294496601406	5.300000000000001
0.5304170500966161	5.4
0.5433135444392438	5.5
0.5671242155393453	5.6000000000000005
0.5912713251108684	5.7
0.617727229981681	5.800000000000001
0.6294221683434126	5.9
0.6539149812995829	6.0
0.6764195797299002	6.1000000000000005
0.6954486734719678	6.2
0.7215139069423367	6.300000000000001
0.7424852861837803	6.4
0.7618631203148003	6.5
0.78642094263044	6.6000000000000005
0.8053181227378853	6.7
0.8120853172948651	6.800000000000001
0.8292778578270461	6.9
0.8564813538372	7.0
0.8769663334520765	7.1000000000000005
0.8833055079997477	7.2
0.9103996246950171	7.300000000000001
0.9198217483832164	7.4
0.9299913084665452	7.5
0.9357088791534661	7.6000000000000005
0.9494999779791159	7.7
0.9563845883581662	7.800000000000001
0.9711788298042706	7.9
0.9764243550536686	8.0
0.993889938890907	8.1
0.9947593584045019	8.200000000000001
0.997310925679127	8.3
0.9944780559518709	8.4
1.0	8.5
0.9957864162570675	8.6
0.9936410431817084	8.700000000000001
0.9994664245067293	8.8
0.9931419633707697	8.9
0.9899201418766961	9.0
0.978271044773505	9.1
0.9790507001379443	9.200000000000001
0.9704974268875294	9.3
0.9639573992259465	9.4
0.9563560736141767	9.5
0.949067321147555	9.600000000000001
0.9355647101919573	9.700000000000001
0.9237031014985101	9.8
0.9010952978564016	9.9
0.8884276756828351	10.0
0.8794374304845294	10.100000000000001
0.860453111024862	10.200000000000001
0.8468031280263674	10.3
0.8238678582842426	10.4
0.810987177681725	10.5
0.7846626173166596	10.600000000000001
0.7671383877533111	10.700000000000001
0.7490060588486038	10.8
0.7294236539529453	10.9
0.7069472950110774	11.0
0.6949368871406293	11.100000000000001
0.6702148312563123	11.200000000000001
0.64574692231322	11.3
0.6271333434787987	11.4
0.608913562230774	11.5
0.5844817286059646	11.600000000000001
0.5627677344627638	11.700000000000001
0.5445666904127726	11.8
0.5224544503661249	11.9
0.5027398494956185	12.0
0.4794095171315822	12.100000000000001
0.46074664123147335	12.200000000000001
0.44079450959893796	12.3
0.42247346355442184	12.4
0.40113583062678	12.5
0.3871677677711739	12.600000000000001
0.36619365151286964	12.700000000000001
0.34762225335467095	12.8
0.3302710370218054	12.9
0.3143784571637923	13.0
0.2991970355022137	13.100000000000001
0.2834971833434633	13.200000000000001
0.26690822727457225	13.3
0.2528940454653648	13.4
0.2388204892715638	13.5
0.22482754068022062	13.600000000000001
0.21129468023016354	13.700000000000001
0.1984314071284987	13.8
0.18634811716934555	13.9
0.17462218389371886	14.0
0.16165492345369248	14.100000000000001
0.15103781190300314	14.200000000000001
0.13790763812446746	14.3
0.1253316981929789	14.4
0.10805793587928478	14.5
0.08057426390049051	14.600000000000001
0.0	14.700000000000001
0.0	14.8
0.0	14.9
0.0	15.0
0.0	15.100000000000001
0.0	15.200000000000001
0.0	15.3
0.0	15.4
0.0	15.5
0.0	15.600000000000001
0.0	15.700000000000001
0.0	15.8
0.0	15.9
0.0	16.0
0.0	16.1
0.0	16.2
0.0	16.3
0.0	16.400000000000002
0.0	16.5
0.0	16.6
0.0	16.7
0.0	16.8
0.0	16.900000000000002
0.0	17.0
0.0	17.1
0.0	17.2
0.0	17.3
0.0	17.400000000000002
0.0	17.5
0.0	17.6
0.0	17.7
0.0	17.8
0.0	17.900000000000002
0.0	18.0
0.0	18.1
0.0	18.2
0.0	18.3
0.0	18.400000000000002
