a = 9998.85469875771 м
b = 9788.427011747737 м
x0 = 2686.785978612118 м
vr = 1792.3063520865442 м/с
A0 = 1.072304148408196 м
Xmax = 12263.546302880983 м
sigmaX = 4256.154920234644 м
sigmaY = 4449.244125888461 м
M0 = 1.8674956181360466e+20 Н*м - интегральное значение сейсмического момента
Mr_max = 3.579035225638527e+19 Н*м/с - максимальное значение функции источника
1-ый столбец - отнормированная функция источника
2-ой столбец - время
0.0	0.0
6.417869503859869e-05	0.1
0.009196572589628884	0.2
0.01833299441155719	0.30000000000000004
0.027888604985791578	0.4
0.037392022240676955	0.5
0.04711236263643825	0.6000000000000001
0.057231875754788004	0.7000000000000001
0.06763030318171177	0.8
0.07826449189807033	0.9
0.09030943630362184	1.0
0.1018358832164152	1.1
0.11446968149107785	1.2000000000000002
0.12646600076431078	1.3
0.14268856351963327	1.4000000000000001
0.15466659463061616	1.5
0.1721232618145961	1.6
0.18506274293143857	1.7000000000000002
0.1991547339370049	1.8
0.2185129791085187	1.9000000000000001
0.23849364498410797	2.0
0.25499777239568955	2.1
0.2749170082519441	2.2
0.296556933668996	2.3000000000000003
0.32232189116564436	2.4000000000000004
0.3412073892646329	2.5
0.36376174175640896	2.6
0.3900452030703695	2.7
0.4103150223854895	2.8000000000000003
0.4375933811020151	2.9000000000000004
0.46369981383448095	3.0
0.4892674796967806	3.1
0.5168799710853278	3.2
0.5519405964700512	3.3000000000000003
0.5740487590547596	3.4000000000000004
0.5987793500128484	3.5
0.6186008092457878	3.6
0.6588730152001824	3.7
0.6729451619070365	3.8000000000000003
0.7150940602637468	3.9000000000000004
0.7407520106073051	4.0
0.7566858615691827	4.1000000000000005
0.784357932557279	4.2
0.8076446386026379	4.3
0.8279509497252832	4.4
0.852124083779878	4.5
0.8751398599477583	4.6000000000000005
0.8941520084052859	4.7
0.9079466250606631	4.800000000000001
0.918985124746129	4.9
0.943963566322855	5.0
0.9542708960948743	5.1000000000000005
0.9713608306090721	5.2
0.9811606442797124	5.300000000000001
0.9751993845093203	5.4
0.9820746450060066	5.5
0.9994483952510267	5.6000000000000005
1.0	5.7
0.991236753024716	5.800000000000001
0.9954445403136798	5.9
0.9896848426629079	6.0
0.9790528760723314	6.1000000000000005
0.9836157652407324	6.2
0.9645002029293696	6.300000000000001
0.9567852557950429	6.4
0.9437376918002957	6.5
0.9264837741798139	6.6000000000000005
0.9047755646778011	6.7
0.8885552762668775	6.800000000000001
0.8753925011564756	6.9
0.8552185772127011	7.0
0.8353239561071267	7.1000000000000005
0.803583516640517	7.2
0.7795469395428061	7.300000000000001
0.7524266411224745	7.4
0.7258409309246094	7.5
0.703008017187919	7.6000000000000005
0.6753427199898173	7.7
0.6513720568471515	7.800000000000001
0.625092467501654	7.9
0.5963159475722798	8.0
0.5635079347110646	8.1
0.5353807541923478	8.200000000000001
0.5039954004582725	8.3
0.4774229399085484	8.4
0.44782781790287485	8.5
0.4191557375379186	8.6
0.3878953228613295	8.700000000000001
0.35562916450507315	8.8
0.3301928702828774	8.9
0.2997389548646513	9.0
0.2724457017164028	9.1
0.2428587683118208	9.200000000000001
0.21321334205882062	9.3
0.1829621316143299	9.4
0.15037652446092634	9.5
0.11412466760683435	9.600000000000001
0.06771912907392896	9.700000000000001
0.0	9.8
0.0	9.9
0.0	10.0
0.0	10.100000000000001
0.0	10.200000000000001
0.0	10.3
0.0	10.4
0.0	10.5
0.0	10.600000000000001
