a = 16971.871401202356 м
b = 10301.227948881193 м
x0 = 12782.573478409968 м
vr = 1766.1893646582985 м/с
A0 = 1.4132098372433828 м
Xmax = 12026.354570692954 м
sigmaX = 4571.872977607651 м
sigmaY = 4900.117694616815 м
M0 = 3.312005954031635e+20 Н*м - интегральное значение сейсмического момента
Mr_max = 8.044577725000861e+19 Н*м/с - максимальное значение функции источника
1-ый столбец - отнормированная функция источника
2-ой столбец - время
0.0	0.0
0.00045904230921482963	0.1
0.06513533192731702	0.2
0.1295482306697697	0.30000000000000004
0.19341703777648858	0.4
0.2555971048535158	0.5
0.3144512083336572	0.6000000000000001
0.3756417513359855	0.7000000000000001
0.4303632084215788	0.8
0.48903233419580217	0.9
0.5425462156829767	1.0
0.5921471175101012	1.1
0.6338417252500623	1.2000000000000002
0.6868028367808124	1.3
0.7318373841817785	1.4000000000000001
0.7736458195024236	1.5
0.8083470783543686	1.6
0.8425576539203083	1.7000000000000002
0.8771974875570899	1.8
0.8988011844181564	1.9000000000000001
0.9283300066982912	2.0
0.947743256627673	2.1
0.9609154826589784	2.2
0.9791172854477623	2.3000000000000003
0.9893374377000802	2.4000000000000004
0.994820998060236	2.5
0.9995956877681215	2.6
1.0	2.7
0.9991888534665605	2.8000000000000003
0.9928936015459039	2.9000000000000004
0.9883732887099799	3.0
0.9765209885905096	3.1
0.9644218283291007	3.2
0.9500902147930869	3.3000000000000003
0.9328301218242723	3.4000000000000004
0.9205083598775702	3.5
0.9022560823432476	3.6
0.8855021913609409	3.7
0.8662104999564694	3.8000000000000003
0.837444168136505	3.9000000000000004
0.8213709494605442	4.0
0.7983534201026465	4.1000000000000005
0.7653051751411154	4.2
0.7429166480785238	4.3
0.7154210056326407	4.4
0.6884880871942137	4.5
0.6619709347189016	4.6000000000000005
0.631437893797878	4.7
0.6038561242892951	4.800000000000001
0.5768730312714773	4.9
0.5439540060423752	5.0
0.5228867026728661	5.1000000000000005
0.49484558776587856	5.2
0.46747828577188605	5.300000000000001
0.4431423421947802	5.4
0.4201914075521812	5.5
0.39384349222058246	5.6000000000000005
0.32111890639460217	5.7
0.27026012164608904	5.800000000000001
0.23094679865181894	5.9
0.20054467976821158	6.0
0.1744743055997874	6.1000000000000005
0.1527752578567253	6.2
0.13197227014454083	6.300000000000001
0.11464059045343397	6.4
0.09830314706234075	6.5
0.08492492745931765	6.6000000000000005
0.07264227121691934	6.7
0.06276593141123926	6.800000000000001
0.052787940273037605	6.9
0.04418441432481246	7.0
0.03713236497338432	7.1000000000000005
0.0294940522303315	7.2
0.02241944796761386	7.300000000000001
0.016077389763375787	7.4
0.014152412951566147	7.5
0.01224649833772973	7.6000000000000005
0.01060367546516853	7.7
0.009274635308949349	7.800000000000001
0.008060971898715099	7.9
0.007024842872242941	8.0
0.0060651619205697675	8.1
0.005283949453317082	8.200000000000001
0.004526576038916121	8.3
0.0038850708768068723	8.4
0.0033470914771921885	8.5
0.0028847939436218812	8.6
0.002462309773291647	8.700000000000001
0.002118979697037644	8.8
0.0018046625770706782	8.9
0.0015248372062326182	9.0
0.001308152397255735	9.1
0.0011070816084447887	9.200000000000001
0.0009418066879931821	9.3
0.0007966490152095672	9.4
0.0006718411910882574	9.5
0.0005613944254349939	9.600000000000001
0.00047369725805256464	9.700000000000001
0.00039737707088916766	9.8
0.00033251330486599957	9.9
0.00027719592006960356	10.0
0.0002324051178282935	10.100000000000001
0.0001922850807190254	10.200000000000001
0.00015996327306435295	10.3
0.0001319416543086831	10.4
0.00010801815052695575	10.5
8.822107009546002e-05	10.600000000000001
7.248518450905366e-05	10.700000000000001
5.919095713574915e-05	10.8
4.79501961576464e-05	10.9
3.8355698544612875e-05	11.0
3.1087139794906136e-05	11.100000000000001
2.4683625338031107e-05	11.200000000000001
1.9451879423360784e-05	11.3
1.5210258312568569e-05	11.4
1.1829532077004155e-05	11.5
8.940383398031841e-06	11.600000000000001
6.654767028296401e-06	11.700000000000001
4.771214711381632e-06	11.8
3.1819081055124728e-06	11.9
1.7921203391141857e-06	12.0
0.0	12.100000000000001
0.0	12.200000000000001
0.0	12.3
0.0	12.4
0.0	12.5
0.0	12.600000000000001
0.0	12.700000000000001
0.0	12.8
0.0	12.9
