a = 16910.49172407772 м
b = 13196.241027960887 м
x0 = 15927.068516117142 м
vr = 2309.1425066461534 м/с
A0 = 1.8762766259440877 м
Xmax = 12499.806067895706 м
sigmaX = 4613.452338532815 м
sigmaY = 4788.025106132729 м
M0 = 4.4307908992345034e+20 Н*м - интегральное значение сейсмического момента
Mr_max = 1.2226103496471028e+20 Н*м/с - максимальное значение функции источника
1-ый столбец - отнормированная функция источника
2-ой столбец - время
0.0	0.0
0.0004031874783531006	0.1
0.07491343360994525	0.2
0.14703598485474728	0.30000000000000004
0.22073660745978121	0.4
0.2902315279910733	0.5
0.35824805966245216	0.6000000000000001
0.42523878743585997	0.7000000000000001
0.48875898500248033	0.8
0.5503446184827165	0.9
0.6071104718470556	1.0
0.662882688609504	1.1
0.7069752138552463	1.2000000000000002
0.7610123844287137	1.3
0.8026440923211194	1.4000000000000001
0.8376666650071752	1.5
0.8729842625503869	1.6
0.9073794551588656	1.7000000000000002
0.9269010517445481	1.8
0.9465987999832702	1.9000000000000001
0.972648798019836	2.0
0.9941567096203414	2.1
0.9935002955938855	2.2
1.0	2.3000000000000003
0.9991278149908306	2.4000000000000004
0.9873524522721304	2.5
0.9857417676079818	2.6
0.9744321105566334	2.7
0.960576625748613	2.8000000000000003
0.943959515962956	2.9000000000000004
0.9272909036466972	3.0
0.9036751437408042	3.1
0.8785080537744542	3.2
0.8548291639743021	3.3000000000000003
0.8250769312810785	3.4000000000000004
0.7964635366850416	3.5
0.7672296396129209	3.6
0.7347530350347335	3.7
0.7026507414203127	3.8000000000000003
0.6742049744652392	3.9000000000000004
0.6450036040167381	4.0
0.6032837634985782	4.1000000000000005
0.5769491252250551	4.2
0.5447137749851023	4.3
0.503383158139956	4.4
0.4786563684184202	4.5
0.4479085573695652	4.6000000000000005
0.41643324364103956	4.7
0.38541954070338125	4.800000000000001
0.3591384319073643	4.9
0.33090651808884375	5.0
0.30704448527248684	5.1000000000000005
0.2834867275469138	5.2
0.25832708742852556	5.300000000000001
0.23693719700757848	5.4
0.21758339717711234	5.5
0.19803357849696837	5.6000000000000005
0.17942066271239362	5.7
0.15808601885900975	5.800000000000001
0.1275380667911477	5.9
0.10606320369123513	6.0
0.09058282238168301	6.1000000000000005
0.07558724330953406	6.2
0.0628224471863895	6.300000000000001
0.05159706558801316	6.4
0.04193303731964456	6.5
0.03330589794824719	6.6000000000000005
0.025578947637464326	6.7
0.018384028068598363	6.800000000000001
0.011397425784896111	6.9
0.00020189339849397528	7.0
0.00014703313888727874	7.1000000000000005
0.00010648511458721714	7.2
7.604391509516531e-05	7.300000000000001
5.349125985255324e-05	7.4
3.690386134957986e-05	7.5
2.4194269128769945e-05	7.6000000000000005
1.454434811257913e-05	7.7
6.56875499084412e-06	7.800000000000001
0.0	7.9
0.0	8.0
0.0	8.1
0.0	8.200000000000001
0.0	8.3
0.0	8.4
0.0	8.5
0.0	8.6
0.0	8.700000000000001
