a = 11838.734147740395 м
b = 12349.129694460506 м
x0 = 548.3611222981096 м
vr = 2148.4855346491495 м/с
A0 = 1.8972701527688156 м
Xmax = 11193.096857831086 м
sigmaX = 4179.446900036703 м
sigmaY = 4924.6529016958775 м
M0 = 3.9372258593936795e+20 Н*м - интегральное значение сейсмического момента
Mr_max = 8.553277886465127e+19 Н*м/с - максимальное значение функции источника
1-ый столбец - отнормированная функция источника
2-ой столбец - время
0.0	0.0
2.7929165545209183e-05	0.1
0.0048238016595768055	0.2
0.009712614678232957	0.30000000000000004
0.013080180475287487	0.4
0.016468051641491566	0.5
0.02088328287920439	0.6000000000000001
0.02593193952508867	0.7000000000000001
0.03160953644892255	0.8
0.03810444050953851	0.9
0.04560841228635088	1.0
0.05354730981126713	1.1
0.06277661232039873	1.2000000000000002
0.07285270773294825	1.3
0.08411500610457451	1.4000000000000001
0.0957462712370247	1.5
0.1100373763281607	1.6
0.12331636609495877	1.7000000000000002
0.13985676942574168	1.8
0.15772618659718407	1.9000000000000001
0.1752145453103433	2.0
0.1927406623994189	2.1
0.21567843656400668	2.2
0.23856536985955026	2.3000000000000003
0.2600344403974035	2.4000000000000004
0.28447921520727026	2.5
0.30947619472562055	2.6
0.33799109413457984	2.7
0.36749963962537924	2.8000000000000003
0.3976394696394171	2.9000000000000004
0.42563728084541763	3.0
0.45808833306719116	3.1
0.48823423935699833	3.2
0.5133193173516017	3.3000000000000003
0.5442927466030132	3.4000000000000004
0.5853355176195925	3.5
0.6136355418377291	3.6
0.6498359760316286	3.7
0.6794825259630584	3.8000000000000003
0.7095052626713375	3.9000000000000004
0.7530346209788394	4.0
0.7739517643687873	4.1000000000000005
0.8028827118900717	4.2
0.8244228183977359	4.3
0.8551996407329814	4.4
0.8724466528563466	4.5
0.8950953247061126	4.6000000000000005
0.911967452344242	4.7
0.9388512527061466	4.800000000000001
0.951306792324118	4.9
0.9631241542936458	5.0
0.980017639998596	5.1000000000000005
0.9916247629057948	5.2
1.0	5.300000000000001
0.9896573899650647	5.4
0.9866238794990497	5.5
0.9826451048339719	5.6000000000000005
0.978697740915681	5.7
0.9581841517228047	5.800000000000001
0.9692102888536528	5.9
0.9353205452702188	6.0
0.9389302821950578	6.1000000000000005
0.9161188656478461	6.2
0.8940103072838875	6.300000000000001
0.8732256303805785	6.4
0.847549719505076	6.5
0.8229641209292935	6.6000000000000005
0.7927546921971116	6.7
0.7569606564631083	6.800000000000001
0.7290160102353124	6.9
0.7042458239235658	7.0
0.6728551894416345	7.1000000000000005
0.6381379975827091	7.2
0.6028943117587756	7.300000000000001
0.5729752621503901	7.4
0.5450271233877754	7.5
0.5107170911603666	7.6000000000000005
0.48088510476156043	7.7
0.4527583641311239	7.800000000000001
0.41848978787298846	7.9
0.39378399103370254	8.0
0.36260126340078813	8.1
0.33374708684318405	8.200000000000001
0.31203673990398184	8.3
0.2842532707753981	8.4
0.25954783700757245	8.5
0.24018419576413186	8.6
0.21788372108393358	8.700000000000001
0.1975950478524672	8.8
0.1789527639962563	8.9
0.16127492794135317	9.0
0.14446016207052265	9.1
0.13017543235653836	9.200000000000001
0.11580714808801873	9.3
0.10270709093068242	9.4
0.09067859719635972	9.5
0.07967474568960924	9.600000000000001
0.06958510461252884	9.700000000000001
0.06024381285858845	9.8
0.05207968136843382	9.9
0.044575045430245534	10.0
0.03800956999857062	10.100000000000001
0.03192500821314203	10.200000000000001
0.026412817935166207	10.3
0.021525906862438837	10.4
0.017066966728787575	10.5
0.01298948839817605	10.600000000000001
0.009158126900317521	10.700000000000001
0.00515047468759612	10.8
0.0	10.9
0.0	11.0
0.0	11.100000000000001
0.0	11.200000000000001
0.0	11.3
0.0	11.4
0.0	11.5
0.0	11.600000000000001
0.0	11.700000000000001
0.0	11.8
0.0	11.9
0.0	12.0
0.0	12.100000000000001
0.0	12.200000000000001
