a = 15506.56952121905 м
b = 11121.311870917541 м
x0 = 11792.688328659346 м
vr = 1743.4422208836677 м/с
A0 = 1.4260972870952409 м
Xmax = 12620.788681889893 м
sigmaX = 4612.731765960205 м
sigmaY = 4361.753580820233 м
M0 = 3.113861639990323e+20 Н*м - интегральное значение сейсмического момента
Mr_max = 7.580485500743115e+19 Н*м/с - максимальное значение функции источника
1-ый столбец - отнормированная функция источника
2-ой столбец - время
0.0	0.0
0.00048416287681468797	0.1
0.06773490987138915	0.2
0.13468162939194409	0.30000000000000004
0.2019907868892023	0.4
0.26602326454013253	0.5
0.3269993696616296	0.6000000000000001
0.3893443493497053	0.7000000000000001
0.4491208100003309	0.8
0.5057938562701759	0.9
0.5587006085228163	1.0
0.614249695828513	1.1
0.6633511823945875	1.2000000000000002
0.7077410949570652	1.3
0.7498478716520988	1.4000000000000001
0.7925496833342178	1.5
0.8258058218830957	1.6
0.8636245166291645	1.7000000000000002
0.8870297235055267	1.8
0.9095939711583341	1.9000000000000001
0.9402067996864036	2.0
0.967253364214008	2.1
0.9704442967390361	2.2
0.9852523663769172	2.3000000000000003
0.9965366536933636	2.4000000000000004
0.9956787904537129	2.5
0.9968072102016037	2.6
1.0	2.7
0.9929020775087726	2.8000000000000003
0.9886023747186962	2.9000000000000004
0.9777766550428583	3.0
0.967353421074587	3.1
0.9513992793206718	3.2
0.9390947979160956	3.3000000000000003
0.9195155898606656	3.4000000000000004
0.8944656614253571	3.5
0.8781517515344851	3.6
0.8504675214893197	3.7
0.8200819527935375	3.8000000000000003
0.8017898589970152	3.9000000000000004
0.7747630773520762	4.0
0.7425246097959398	4.1000000000000005
0.718464358380574	4.2
0.6938227782097419	4.3
0.6594410301676015	4.4
0.629891846733978	4.5
0.608765126852748	4.6000000000000005
0.578305833844238	4.7
0.545184270546642	4.800000000000001
0.5191195982336168	4.9
0.4933987786463421	5.0
0.46754401149872254	5.1000000000000005
0.43958385968426084	5.2
0.414389109661838	5.300000000000001
0.38988815217886563	5.4
0.3664013834988693	5.5
0.34261143154396567	5.6000000000000005
0.3194841737342936	5.7
0.29850997502829635	5.800000000000001
0.2792723707115439	5.9
0.2580801266647907	6.0
0.23167236385407866	6.1000000000000005
0.19333869938868808	6.2
0.16671634427393092	6.300000000000001
0.1457041478538691	6.4
0.12879480338650906	6.5
0.11276314338785427	6.6000000000000005
0.09686162626774328	6.7
0.08417496294472147	6.800000000000001
0.06986776443813793	6.9
0.0624380767252731	7.0
0.056594611541337866	7.1000000000000005
0.05077889952474073	7.2
0.04522288193230896	7.300000000000001
0.040450873928508345	7.4
0.03626959945506632	7.5
0.03209128025450214	7.6000000000000005
0.028962738210927465	7.7
0.025710734841232805	7.800000000000001
0.022480142851291546	7.9
0.020276666702255586	8.0
0.017825418514316974	8.1
0.015943711631209365	8.200000000000001
0.013777727495893545	8.3
0.01218150755133756	8.4
0.01075410607435909	8.5
0.009452292814408273	8.6
0.008250951730356535	8.700000000000001
0.007263815253450787	8.8
0.0062779878137464214	8.9
0.005463633552891678	9.0
0.0047734943658265215	9.1
0.004113606137579992	9.200000000000001
0.0035463183956667903	9.3
0.003049764180349735	9.4
0.0026295046684740035	9.5
0.002245044666747338	9.600000000000001
0.0019184031501409936	9.700000000000001
0.0016418401984759766	9.8
0.0013801812623638729	9.9
0.0011668229622726204	10.0
0.000980288905676797	10.100000000000001
0.0008113830598603205	10.200000000000001
0.0006721561435756222	10.3
0.0005540433239162555	10.4
0.00044797747301237743	10.5
0.0003573453240226574	10.600000000000001
0.0002823625856067708	10.700000000000001
0.0002145109978395571	10.8
0.00015595753563468157	10.9
0.00010150286387829441	11.0
4.01952433490904e-05	11.100000000000001
0.0	11.200000000000001
0.0	11.3
0.0	11.4
0.0	11.5
0.0	11.600000000000001
0.0	11.700000000000001
0.0	11.8
0.0	11.9
0.0	12.0
