a = 8645.053604947278 м
b = 9922.321937317156 м
x0 = 2195.6767291508627 м
vr = 1606.5525867543915 м/с
A0 = 1.24337088389189 м
Xmax = 7460.3179153233405 м
sigmaX = 4541.898660622245 м
sigmaY = 4509.410243647959 м
M0 = 2.3299791895204587e+20 Н*м - интегральное значение сейсмического момента
Mr_max = 4.130600024643234e+19 Н*м/с - максимальное значение функции источника
1-ый столбец - отнормированная функция источника
2-ой столбец - время
0.0	0.0
0.0003709356840028209	0.1
0.047831405677488954	0.2
0.09562462581846577	0.30000000000000004
0.14323922249188514	0.4
0.18822147099774222	0.5
0.23558230377155	0.6000000000000001
0.27998202769570474	0.7000000000000001
0.3262476908593159	0.8
0.36635411923092054	0.9
0.4121853498958138	1.0
0.4511952548221157	1.1
0.4951060535985071	1.2000000000000002
0.5385824507161231	1.3
0.5743170055972177	1.4000000000000001
0.592433523590548	1.5
0.6096139584762547	1.6
0.6268713715485021	1.7000000000000002
0.6549620992418851	1.8
0.665859705845988	1.9000000000000001
0.6948829858092643	2.0
0.7185304396290376	2.1
0.7352638070240207	2.2
0.7644262647891421	2.3000000000000003
0.7815983820970124	2.4000000000000004
0.8125211000096467	2.5
0.8178750473818784	2.6
0.8532168464146056	2.7
0.8558776629575178	2.8000000000000003
0.8827090041995733	2.9000000000000004
0.909439010985882	3.0
0.927443713872402	3.1
0.93729231140266	3.2
0.9445615214898603	3.3000000000000003
0.9649943152077144	3.4000000000000004
0.9600292642810712	3.5
0.9831546074824827	3.6
0.9803108632417877	3.7
0.9953553362343761	3.8000000000000003
0.9986548251281684	3.9000000000000004
0.9870430787097312	4.0
1.0	4.1000000000000005
0.9812595262503077	4.2
0.9976461671603418	4.3
0.9877447293300599	4.4
0.9859643298431534	4.5
0.9697805005230754	4.6000000000000005
0.9571177533583145	4.7
0.9574149283275142	4.800000000000001
0.937438264389029	4.9
0.9367229155951887	5.0
0.921094900318969	5.1000000000000005
0.909566591617673	5.2
0.8762708561875294	5.300000000000001
0.8749006572183567	5.4
0.8465098602386485	5.5
0.8324541479964734	5.6000000000000005
0.8155676473223897	5.7
0.7948924980352532	5.800000000000001
0.7745771612883329	5.9
0.7446565537204018	6.0
0.7245348072742464	6.1000000000000005
0.7030181789009151	6.2
0.6848655604733453	6.300000000000001
0.6588424124412751	6.4
0.6299435894734853	6.5
0.6066232557231637	6.6000000000000005
0.584785074271284	6.7
0.5620903350297322	6.800000000000001
0.5406287233919362	6.9
0.5188439714518702	7.0
0.48710711533257806	7.1000000000000005
0.4664708474514202	7.2
0.4433633619049518	7.300000000000001
0.4211785691605761	7.4
0.4044500163301896	7.5
0.3792430684955415	7.6000000000000005
0.36103779078282433	7.7
0.33815242624219377	7.800000000000001
0.3207319446799461	7.9
0.2989255487082034	8.0
0.28041562037716294	8.1
0.26316738924982863	8.200000000000001
0.24318921980242666	8.3
0.2255942106693537	8.4
0.20753209984938392	8.5
0.1929739185206753	8.6
0.17538086489595478	8.700000000000001
0.16016174187684643	8.8
0.14515723645315254	8.9
0.12894620472500692	9.0
0.11315844382899067	9.1
0.09579026572466846	9.200000000000001
0.07660796870180189	9.3
0.053513101126430256	9.4
0.0	9.5
0.0	9.600000000000001
0.0	9.700000000000001
0.0	9.8
0.0	9.9
0.0	10.0
0.0	10.100000000000001
0.0	10.200000000000001
0.0	10.3
0.0	10.4
0.0	10.5
0.0	10.600000000000001
0.0	10.700000000000001
0.0	10.8
0.0	10.9
0.0	11.0
0.0	11.100000000000001
0.0	11.200000000000001
0.0	11.3
0.0	11.4
0.0	11.5
0.0	11.600000000000001
0.0	11.700000000000001
0.0	11.8
0.0	11.9
