a = 12781.19659509943 м
b = 12280.093736747718 м
x0 = 3307.847904123317 м
vr = 2230.5737116569917 м/с
A0 = 0.5101112563409982 м
Xmax = 15563.369227699717 м
sigmaX = 4295.40882541561 м
sigmaY = 4809.4363051074115 м
M0 = 1.0303438808025312e+20 Н*м - интегральное значение сейсмического момента
Mr_max = 2.2702935518595846e+19 Н*м/с - максимальное значение функции источника
1-ый столбец - отнормированная функция источника
2-ой столбец - время
0.0	0.0
1.2853167981908931e-05	0.1
0.0023257127579048333	0.2
0.004674286737136136	0.30000000000000004
0.007124190808342749	0.4
0.009745634990191763	0.5
0.012524130776096983	0.6000000000000001
0.015747902028546115	0.7000000000000001
0.019129119162252777	0.8
0.023006098799780467	0.9
0.02731388861094922	1.0
0.03223978199068658	1.1
0.0375685151492911	1.2000000000000002
0.04412294206199032	1.3
0.05052848565016941	1.4000000000000001
0.058359725178852184	1.5
0.06680223172948957	1.6
0.07532949577203892	1.7000000000000002
0.08494707306273977	1.8
0.09576485396239674	1.9000000000000001
0.1092319231831246	2.0
0.12260606012833608	2.1
0.13755370327890715	2.2
0.1534082291851381	2.3000000000000003
0.17075056116114826	2.4000000000000004
0.18934740887639026	2.5
0.2105250113017055	2.6
0.23055279129381945	2.7
0.25229821595452495	2.8000000000000003
0.27495911531609846	2.9000000000000004
0.30013043171774734	3.0
0.32538348289384933	3.1
0.35463861819899717	3.2
0.3813227705580496	3.3000000000000003
0.41151223581076035	3.4000000000000004
0.4431487870065811	3.5
0.4748449068643753	3.6
0.502418202757204	3.7
0.5344355277665087	3.8000000000000003
0.5676616184493257	3.9000000000000004
0.6024760311477843	4.0
0.6324143815813992	4.1000000000000005
0.6624000189379611	4.2
0.7045059997831338	4.3
0.7337803722280152	4.4
0.7633896229843212	4.5
0.7865937366059517	4.6000000000000005
0.8192548451158789	4.7
0.8420889748976031	4.800000000000001
0.8640637351914222	4.9
0.8839870433018643	5.0
0.9205116580658455	5.1000000000000005
0.9368305900442294	5.2
0.9459036424789106	5.300000000000001
0.9611331173536954	5.4
0.97463505789177	5.5
0.993501337241366	5.6000000000000005
0.9934024986861922	5.7
0.9897326239234555	5.800000000000001
0.9920424574081765	5.9
1.0	6.0
0.9847037552487211	6.1000000000000005
0.9826076130734656	6.2
0.977125016275869	6.300000000000001
0.9539317350288243	6.4
0.9448910247475896	6.5
0.9239937297442106	6.6000000000000005
0.906604096999491	6.7
0.8865674572000297	6.800000000000001
0.8570782611335934	6.9
0.8283976523254604	7.0
0.8047958866512198	7.1000000000000005
0.7763938467798959	7.2
0.7389108648865746	7.300000000000001
0.7138432853098019	7.4
0.6807271274120672	7.5
0.656439876273515	7.6000000000000005
0.6169822047864508	7.7
0.5821584269757535	7.800000000000001
0.555852971601701	7.9
0.5203821502580384	8.0
0.48335613261736965	8.1
0.4560952075105466	8.200000000000001
0.42433546760798063	8.3
0.39361480600097254	8.4
0.36297349134320994	8.5
0.33248569565723035	8.6
0.3061251777286687	8.700000000000001
0.2800455340572787	8.8
0.25404756116768107	8.9
0.22861039470187072	9.0
0.2051164684286057	9.1
0.1830542211799985	9.200000000000001
0.1614537270797716	9.3
0.14138209343517416	9.4
0.12197529787555557	9.5
0.10291657682293655	9.600000000000001
0.08612255343499665	9.700000000000001
0.06843351778145004	9.8
0.051140533111375674	9.9
0.03141363091339937	10.0
0.0	10.100000000000001
0.0	10.200000000000001
0.0	10.3
0.0	10.4
0.0	10.5
0.0	10.600000000000001
0.0	10.700000000000001
0.0	10.8
0.0	10.9
