a = 9752.562486673603 м
b = 8874.918344419155 м
x0 = 1030.5877487858882 м
vr = 1612.3053711042373 м/с
A0 = 1.5129876819032613 м
Xmax = 10105.315428604632 м
sigmaX = 4325.386995641341 м
sigmaY = 4841.192649258908 м
M0 = 2.8482865192027193e+20 Н*м - интегральное значение сейсмического момента
Mr_max = 4.8704614126318305e+19 Н*м/с - максимальное значение функции источника
1-ый столбец - отнормированная функция источника
2-ой столбец - время
0.0	0.0
8.335334949370652e-05	0.1
0.010924704078133852	0.2
0.021656933816619935	0.30000000000000004
0.032209594328234434	0.4
0.043121588213063694	0.5
0.054374664943924456	0.6000000000000001
0.0664113885666993	0.7000000000000001
0.07165161499910125	0.8
0.07948947471399613	0.9
0.08858333919071867	1.0
0.09908661738495918	1.1
0.10896967785397149	1.2000000000000002
0.12102056770389025	1.3
0.13393554148041648	1.4000000000000001
0.14636257625472257	1.5
0.16193580728099854	1.6
0.17707002785559087	1.7000000000000002
0.19156136993920397	1.8
0.20818132231782646	1.9000000000000001
0.22673440351264357	2.0
0.24434737485179397	2.1
0.26131474782458525	2.2
0.2824697248728924	2.3000000000000003
0.30102470889901306	2.4000000000000004
0.32465171054794373	2.5
0.34391647160158745	2.6
0.36713878250012255	2.7
0.38494349685469165	2.8000000000000003
0.40451266607067277	2.9000000000000004
0.4354973443072453	3.0
0.4563971555556325	3.1
0.48080260889120074	3.2
0.5062984317761924	3.3000000000000003
0.5306565591881658	3.4000000000000004
0.5587107844776329	3.5
0.581596030994799	3.6
0.6009199141238765	3.7
0.6257123977679463	3.8000000000000003
0.6443656712254502	3.9000000000000004
0.6781268353597985	4.0
0.6962646765217988	4.1000000000000005
0.7275672691018515	4.2
0.7530871105645137	4.3
0.7684973765531734	4.4
0.7867219486695729	4.5
0.8091232256249693	4.6000000000000005
0.8276546244868901	4.7
0.8456796115209754	4.800000000000001
0.863304447163125	4.9
0.892146384928142	5.0
0.9038020285937407	5.1000000000000005
0.9185628287025641	5.2
0.9388005356121273	5.300000000000001
0.9364163386398153	5.4
0.9574029217690316	5.5
0.9607818614877285	5.6000000000000005
0.9627686399321814	5.7
0.9798258808551739	5.800000000000001
0.9739168145710235	5.9
1.0	6.0
0.9975432139251509	6.1000000000000005
0.9836630383022413	6.2
0.9971410119935854	6.300000000000001
0.9759270838064366	6.4
0.9787366003586138	6.5
0.970005109530147	6.6000000000000005
0.9699894348166731	6.7
0.9476531103822401	6.800000000000001
0.9346888340209744	6.9
0.9292285163318287	7.0
0.9195297713876698	7.1000000000000005
0.8956359636563194	7.2
0.8830572180250703	7.300000000000001
0.8713142768612403	7.4
0.8461582627844538	7.5
0.8265728119196408	7.6000000000000005
0.8127392380586832	7.7
0.7887442069922875	7.800000000000001
0.7662336069874868	7.9
0.7424677665960651	8.0
0.7256361501065425	8.1
0.7033863049569147	8.200000000000001
0.6690132821826186	8.3
0.653710962844072	8.4
0.6327430490431183	8.5
0.6030061161044519	8.6
0.5694897268124041	8.700000000000001
0.5485311144763098	8.8
0.5279556776664537	8.9
0.5061386763232609	9.0
0.4786172646224862	9.1
0.45303732485791504	9.200000000000001
0.4338161145306236	9.3
0.4084386021892222	9.4
0.3815846461994307	9.5
0.359266304358588	9.600000000000001
0.33739102994383896	9.700000000000001
0.31551170886317326	9.8
0.29342731080824924	9.9
0.2730895064448897	10.0
0.2543341924443015	10.100000000000001
0.23412180269946528	10.200000000000001
0.214971117099776	10.3
0.19619667277980415	10.4
0.17783683434928807	10.5
0.16108844745554335	10.600000000000001
0.14551784316676963	10.700000000000001
0.12959882545170093	10.8
0.11459776041337227	10.9
0.10081896766341124	11.0
0.0857648337729619	11.100000000000001
0.07168558415244966	11.200000000000001
0.05733135392796386	11.3
0.04246748746524617	11.4
0.024591160075437383	11.5
0.0	11.600000000000001
0.0	11.700000000000001
0.0	11.8
0.0	11.9
0.0	12.0
0.0	12.100000000000001
0.0	12.200000000000001
0.0	12.3
0.0	12.4
