a = 17926.44868796566 м
b = 15782.476175675665 м
x0 = 15118.090776231948 м
vr = 2231.63346950484 м/с
A0 = 0.5962570148003699 м
Xmax = 13964.884913282067 м
sigmaX = 4527.00295601523 м
sigmaY = 4100.073257891145 м
M0 = 1.236522592230749e+20 Н*м - интегральное значение сейсмического момента
Mr_max = 3.883262575985314e+19 Н*м/с - максимальное значение функции источника
1-ый столбец - отнормированная функция источника
2-ой столбец - время
0.0	0.0
0.0004975228395778377	0.1
0.08844306683723886	0.2
0.1761678688171828	0.30000000000000004
0.26051938201475244	0.4
0.34391419958486386	0.5
0.42520836882916263	0.6000000000000001
0.4996430445447362	0.7000000000000001
0.5726968633149272	0.8
0.6404159862786978	0.9
0.705533139221121	1.0
0.7615018834365922	1.1
0.8117640335688066	1.2000000000000002
0.8507618565084536	1.3
0.8967937122082299	1.4000000000000001
0.9231347069385365	1.5
0.9539910100366612	1.6
0.977978184935213	1.7000000000000002
0.9815896064546238	1.8
1.0	1.9000000000000001
0.9992713187822425	2.0
0.9949869196325094	2.1
0.9878829282249223	2.2
0.9747688866984445	2.3000000000000003
0.9586212189632325	2.4000000000000004
0.9334161759762734	2.5
0.9189144473339872	2.6
0.8885464953538936	2.7
0.8598100124644255	2.8000000000000003
0.8247598739878749	2.9000000000000004
0.7941484019466093	3.0
0.7596882450811201	3.1
0.7227815423838886	3.2
0.6829555718809887	3.3000000000000003
0.6468196899257322	3.4000000000000004
0.6093187238893427	3.5
0.5739210786937392	3.6
0.536944727552743	3.7
0.49850203451040587	3.8000000000000003
0.46259266406844585	3.9000000000000004
0.4285682532784003	4.0
0.39677199423052434	4.1000000000000005
0.3661517424074582	4.2
0.3348731862246812	4.3
0.3082666827650851	4.4
0.28128924798323235	4.5
0.25722817856323255	4.6000000000000005
0.23086365791839955	4.7
0.20774804250759094	4.800000000000001
0.18706886541295625	4.9
0.16905663417169187	5.0
0.1512720107647771	5.1000000000000005
0.13600735648060558	5.2
0.1212787515430446	5.300000000000001
0.10748522446662402	5.4
0.09561655678070444	5.5
0.08371882397869956	5.6000000000000005
0.07395965179792552	5.7
0.06505579631342022	5.800000000000001
0.05713933987275436	5.9
0.04996404603586654	6.0
0.043592268417258405	6.1000000000000005
0.03795806670898981	6.2
0.032827988125952244	6.300000000000001
0.02830373166644645	6.4
0.024420416512909944	6.5
0.021023743858182894	6.6000000000000005
0.017896822392624776	6.7
0.012511864391797418	6.800000000000001
0.0032906820427512696	6.9
0.0025149301242642494	7.0
0.001982137216536594	7.1000000000000005
0.0015586598439788356	7.2
0.0012407600674057251	7.300000000000001
0.0009835523953835323	7.4
0.0007895383901874269	7.5
0.000621280955141348	7.6000000000000005
0.0004933839149275731	7.7
0.0003928987351030419	7.800000000000001
0.0003093207760264672	7.9
0.0002466147030618526	8.0
0.0001927072152876491	8.1
0.0001516299337302896	8.200000000000001
0.00011797207045641062	8.3
9.190462821924969e-05	8.4
7.056656654751851e-05	8.5
5.44665151664124e-05	8.6
4.1499211461505475e-05	8.700000000000001
3.124460322015041e-05	8.8
2.3151049653234604e-05	8.9
1.667146258249001e-05	9.0
1.1720327791866363e-05	9.1
7.708234944448517e-06	9.200000000000001
4.343230690188481e-06	9.3
0.0	9.4
0.0	9.5
0.0	9.600000000000001
0.0	9.700000000000001
0.0	9.8
0.0	9.9
0.0	10.0
0.0	10.100000000000001
0.0	10.200000000000001
