a = 7791.012035828341 м
b = 5040.754334337514 м
x0 = 4190.109899489429 м
vr = 1829.9226473387707 м/с
A0 = 0.7902879441167319 м
Xmax = 9784.298015903481 м
sigmaX = 4045.2687370603535 м
sigmaY = 4476.768611984826 м
M0 = 9.102535382281696e+19 Н*м - интегральное значение сейсмического момента
Mr_max = 2.297278168284372e+19 Н*м/с - максимальное значение функции источника
1-ый столбец - отнормированная функция источника
2-ой столбец - время
0.0	0.0
0.0003635368680498233	0.1
0.05341902638020833	0.2
0.10721570176690368	0.30000000000000004
0.15658966688972947	0.4
0.20822017253123187	0.5
0.2608865953393252	0.6000000000000001
0.3119485031621485	0.7000000000000001
0.36364795640716807	0.8
0.4137791023020496	0.9
0.46631394600102233	1.0
0.5102866097187041	1.1
0.5549899045564957	1.2000000000000002
0.599640843142665	1.3
0.657427508098531	1.4000000000000001
0.7064241694995902	1.5
0.7487788925904604	1.6
0.7960820800562943	1.7000000000000002
0.8358884881825566	1.8
0.8712990049453042	1.9000000000000001
0.9204442429787897	2.0
0.9637752606583734	2.1
0.9974992014461932	2.2
0.9989084273613575	2.3000000000000003
0.9537643357306771	2.4000000000000004
0.9648152394212017	2.5
0.9901042589657383	2.6
0.9836741530379692	2.7
0.9905739271671576	2.8000000000000003
0.9816417219136261	2.9000000000000004
0.9748155844091608	3.0
0.9985634382473695	3.1
0.9901450927339092	3.2
1.0	3.3000000000000003
0.9714615913222325	3.4000000000000004
0.9704523623611676	3.5
0.9554507037609405	3.6
0.9273685142823183	3.7
0.8998852188489815	3.8000000000000003
0.8951426679463905	3.9000000000000004
0.8703201148998821	4.0
0.847867650387523	4.1000000000000005
0.8122650272374415	4.2
0.7751925793851555	4.3
0.7570291490103928	4.4
0.7275300961893333	4.5
0.6804958057716296	4.6000000000000005
0.6523329640638762	4.7
0.6292949799795726	4.800000000000001
0.5736684016397069	4.9
0.5484034683828429	5.0
0.5205439896318351	5.1000000000000005
0.47597615283707756	5.2
0.4408342075181261	5.300000000000001
0.3994161773743465	5.4
0.36757491695025807	5.5
0.3315994948711413	5.6000000000000005
0.2941345109086277	5.7
0.25903439983116944	5.800000000000001
0.22149023423683478	5.9
0.18606428519053728	6.0
0.14867888203198454	6.1000000000000005
0.10609121615125006	6.2
0.04560465208133208	6.300000000000001
0.0	6.4
0.0	6.5
0.0	6.6000000000000005
0.0	6.7
0.0	6.800000000000001
0.0	6.9
0.0	7.0
0.0	7.1000000000000005
0.0	7.2
