a = 11876.117375150976 м
b = 14574.573669149158 м
x0 = 804.4031414226323 м
vr = 2167.1748399156613 м/с
A0 = 1.9179730355028042 м
Xmax = 14982.887301347122 м
sigmaX = 4897.349742967279 м
sigmaY = 4061.3005031707235 м
M0 = 3.625824249294307e+20 Н*м - интегральное значение сейсмического момента
Mr_max = 6.881786767086521e+19 Н*м/с - максимальное значение функции источника
1-ый столбец - отнормированная функция источника
2-ой столбец - время
0.0	0.0
1.371496451345782e-05	0.1
0.0023992555972712115	0.2
0.004796999715596608	0.30000000000000004
0.007264162109700009	0.4
0.009261077823159611	0.5
0.01099330731840992	0.6000000000000001
0.013419233284560277	0.7000000000000001
0.0162780750222697	0.8
0.019142782719789815	0.9
0.02247335424797567	1.0
0.02683232801377657	1.1
0.031359939968447985	1.2000000000000002
0.03600737613038253	1.3
0.041521612320024506	1.4000000000000001
0.04763810348859368	1.5
0.05425628004599749	1.6
0.06106629208782142	1.7000000000000002
0.06946093545736598	1.8
0.0775709132108567	1.9000000000000001
0.0870272703864093	2.0
0.09591220954774515	2.1
0.10653980009015078	2.2
0.11825737697472301	2.3000000000000003
0.13164957684680179	2.4000000000000004
0.14388006968020656	2.5
0.16060560518639241	2.6
0.1736937131627822	2.7
0.19138141238710438	2.8000000000000003
0.20835607196898992	2.9000000000000004
0.2249220314570909	3.0
0.24788444502220008	3.1
0.26156286373918314	3.2
0.28465863960633286	3.3000000000000003
0.3069763725682732	3.4000000000000004
0.3257761921843737	3.5
0.3511242023238128	3.6
0.37473509132256283	3.7
0.40317106220976484	3.8000000000000003
0.42578851076794827	3.9000000000000004
0.44943142527091545	4.0
0.47808104528622264	4.1000000000000005
0.5025420626469992	4.2
0.5349800564241255	4.3
0.5580797193571889	4.4
0.5852729185320905	4.5
0.6120249533516088	4.6000000000000005
0.6398074432158096	4.7
0.671918585076063	4.800000000000001
0.7067362340667643	4.9
0.7183851501101457	5.0
0.7511473525323024	5.1000000000000005
0.7717175624289335	5.2
0.7979418235683226	5.300000000000001
0.820406016173743	5.4
0.8346158467101507	5.5
0.8609198582864536	5.6000000000000005
0.8813101667899998	5.7
0.9033668351958318	5.800000000000001
0.9167361084218487	5.9
0.9378507124927626	6.0
0.9564102335406871	6.1000000000000005
0.9541957845448907	6.2
0.9828964476554022	6.300000000000001
0.9837698563381848	6.4
0.9874081462199792	6.5
0.9994458923609344	6.6000000000000005
0.9962698010989711	6.7
0.9961252510409249	6.800000000000001
1.0	6.9
0.9878409886933655	7.0
0.9796101278870954	7.1000000000000005
0.9791877060397712	7.2
0.9641860794280845	7.300000000000001
0.9590879261650828	7.4
0.9439887991837838	7.5
0.9358032345851893	7.6000000000000005
0.9091084129081912	7.7
0.8939419895734992	7.800000000000001
0.8802770989849945	7.9
0.8661495682906908	8.0
0.8336867872668886	8.1
0.8097622466334568	8.200000000000001
0.7905506666373128	8.3
0.7708370134669843	8.4
0.7375904457364688	8.5
0.7144341699933204	8.6
0.686378297510312	8.700000000000001
0.6647766463428614	8.8
0.6328791660559142	8.9
0.6044442641191722	9.0
0.5817928055020479	9.1
0.5547359618510926	9.200000000000001
0.5247376642478349	9.3
0.4979725365608862	9.4
0.47240382771601724	9.5
0.4474255705843597	9.600000000000001
0.4220120128307897	9.700000000000001
0.39586463378472836	9.8
0.37348680440377585	9.9
0.34894830213024547	10.0
0.3259608835074638	10.100000000000001
0.3036500381021129	10.200000000000001
0.27909958626188863	10.3
0.2535301840200548	10.4
0.22226631285031007	10.5
0.17339042938980154	10.600000000000001
0.0	10.700000000000001
0.0	10.8
0.0	10.9
0.0	11.0
0.0	11.100000000000001
0.0	11.200000000000001
0.0	11.3
0.0	11.4
0.0	11.5
0.0	11.600000000000001
0.0	11.700000000000001
0.0	11.8
0.0	11.9
0.0	12.0
0.0	12.100000000000001
0.0	12.200000000000001
0.0	12.3
0.0	12.4
0.0	12.5
0.0	12.600000000000001
0.0	12.700000000000001
0.0	12.8
0.0	12.9
0.0	13.0
0.0	13.100000000000001
0.0	13.200000000000001
0.0	13.3
0.0	13.4
0.0	13.5
0.0	13.600000000000001
0.0	13.700000000000001
0.0	13.8
0.0	13.9
0.0	14.0
