a = 7814.549961708967 м
b = 9478.859391006672 м
x0 = 5037.006280217197 м
vr = 1652.8154258763232 м/с
A0 = 1.2336484262254617 м
Xmax = 7602.546824626791 м
sigmaX = 4399.880940689793 м
sigmaY = 4102.737335208752 м
M0 = 2.0279205385661717e+20 Н*м - интегральное значение сейсмического момента
Mr_max = 5.218533463857773e+19 Н*м/с - максимальное значение функции источника
1-ый столбец - отнормированная функция источника
2-ой столбец - время
0.0	0.0
0.0004946536335429941	0.1
0.06624865717729851	0.2
0.13026729768409911	0.30000000000000004
0.19183237773928208	0.4
0.2570689960997293	0.5
0.316347361916265	0.6000000000000001
0.3745203474222087	0.7000000000000001
0.4294220633456252	0.8
0.4893241964582583	0.9
0.5406209376192926	1.0
0.5918723998419861	1.1
0.6405387317585952	1.2000000000000002
0.679794513596571	1.3
0.7227006630412153	1.4000000000000001
0.7663224346877272	1.5
0.8016377609919298	1.6
0.8307604838405347	1.7000000000000002
0.8613957518395698	1.8
0.8951107479296678	1.9000000000000001
0.9134474263120914	2.0
0.9367198385814366	2.1
0.9451185555774513	2.2
0.9609432403493805	2.3000000000000003
0.9834184632640324	2.4000000000000004
0.9854151400647106	2.5
0.9926562563174381	2.6
0.9883700558744566	2.7
1.0	2.8000000000000003
0.9938577759770614	2.9000000000000004
0.9828191675238076	3.0
0.9851357733148813	3.1
0.9350817395931816	3.2
0.8984049920841174	3.3000000000000003
0.8539058875435108	3.4000000000000004
0.8442258066462629	3.5
0.8198078933997986	3.6
0.7822171445522849	3.7
0.7574266019475562	3.8000000000000003
0.7471558914383013	3.9000000000000004
0.7105256948153155	4.0
0.6850981710659966	4.1000000000000005
0.6561702630000903	4.2
0.637687999974622	4.3
0.6135369845352425	4.4
0.5910150005548174	4.5
0.5607914431822176	4.6000000000000005
0.539632525163953	4.7
0.519060697923753	4.800000000000001
0.4974789252048931	4.9
0.4675858253382606	5.0
0.44721424291032724	5.1000000000000005
0.42292709983950955	5.2
0.40211101340937916	5.300000000000001
0.38007423874904084	5.4
0.3575663331430766	5.5
0.335059921388447	5.6000000000000005
0.3149896808509821	5.7
0.2944902234712391	5.800000000000001
0.2758732979533941	5.9
0.25797995915773697	6.0
0.23929910630145124	6.1000000000000005
0.2198546410050996	6.2
0.20180674748200544	6.300000000000001
0.1819613954333239	6.4
0.15777054252273165	6.5
0.0	6.6000000000000005
0.0	6.7
0.0	6.800000000000001
0.0	6.9
0.0	7.0
0.0	7.1000000000000005
0.0	7.2
0.0	7.300000000000001
0.0	7.4
0.0	7.5
0.0	7.6000000000000005
0.0	7.7
0.0	7.800000000000001
0.0	7.9
0.0	8.0
0.0	8.1
0.0	8.200000000000001
0.0	8.3
0.0	8.4
0.0	8.5
0.0	8.6
0.0	8.700000000000001
0.0	8.8
0.0	8.9
0.0	9.0
0.0	9.1
0.0	9.200000000000001
0.0	9.3
0.0	9.4
