a = 10748.683949966691 м
b = 8788.092166595168 м
x0 = 1721.0033907107616 м
vr = 2392.4774065852744 м/с
A0 = 1.0867075429531496 м
Xmax = 9674.79428952393 м
sigmaX = 4975.32880275545 м
sigmaY = 4579.186165350054 м
M0 = 2.2692769171487346e+20 Н*м - интегральное значение сейсмического момента
Mr_max = 5.154349531766854e+19 Н*м/с - максимальное значение функции источника
1-ый столбец - отнормированная функция источника
2-ой столбец - время
0.0	0.0
0.0002110954202173968	0.1
0.039878801722318134	0.2
0.08053272069534027	0.30000000000000004
0.12073639225487516	0.4
0.1599997524253274	0.5
0.20095794478375437	0.6000000000000001
0.24099791738001253	0.7000000000000001
0.27910572325025135	0.8
0.2952662127007615	0.9
0.317834762719436	1.0
0.34785475438805	1.1
0.37420776790730376	1.2000000000000002
0.4088441212184922	1.3
0.4441124886585594	1.4000000000000001
0.47461988617995526	1.5
0.5089032219902325	1.6
0.5401687259711575	1.7000000000000002
0.5805097276701796	1.8
0.6132447431138897	1.9000000000000001
0.6493364320460622	2.0
0.6888126118244838	2.1
0.7145351433390041	2.2
0.7425208181022351	2.3000000000000003
0.7730994828183654	2.4000000000000004
0.8040797393316218	2.5
0.8324896660174177	2.6
0.8624353636325839	2.7
0.8850682784193964	2.8000000000000003
0.9034399370857304	2.9000000000000004
0.9323927118543756	3.0
0.9393788160665111	3.1
0.956249666580385	3.2
0.9743382677043787	3.3000000000000003
0.9665412807456307	3.4000000000000004
0.9781959113525389	3.5
0.9873227533504633	3.6
0.9835556480624714	3.7
1.0	3.8000000000000003
0.9877103830035028	3.9000000000000004
0.9706203427024689	4.0
0.9637091181777091	4.1000000000000005
0.9584789191633277	4.2
0.9342983855605003	4.3
0.9206346883899755	4.4
0.9068925733120057	4.5
0.8822386652918982	4.6000000000000005
0.8578634591177019	4.7
0.8326347278954123	4.800000000000001
0.7999596558352208	4.9
0.7792339353198167	5.0
0.7474970751973866	5.1000000000000005
0.717314777803331	5.2
0.6928954189463528	5.300000000000001
0.6618634407178846	5.4
0.6240891762995316	5.5
0.607045045738559	5.6000000000000005
0.5642443801614068	5.7
0.5354820488623377	5.800000000000001
0.5067354482474477	5.9
0.4737727427538812	6.0
0.44116970454324733	6.1000000000000005
0.41751404126517416	6.2
0.38552064849229045	6.300000000000001
0.3634906733487898	6.4
0.3328440656449368	6.5
0.3064661478908847	6.6000000000000005
0.2820324299958454	6.7
0.2568502271459052	6.800000000000001
0.23314693513166265	6.9
0.21257211514607682	7.0
0.1914589541504194	7.1000000000000005
0.17219134069978473	7.2
0.15504571645983142	7.300000000000001
0.13822169022335667	7.4
0.12185464428473944	7.5
0.10606171977348203	7.6000000000000005
0.09229108544201936	7.7
0.07852687331665043	7.800000000000001
0.06593264792984072	7.9
0.05432625850664715	8.0
0.04275592992027552	8.1
0.030997926445312275	8.200000000000001
0.0181806025121224	8.3
0.0	8.4
0.0	8.5
0.0	8.6
0.0	8.700000000000001
0.0	8.8
0.0	8.9
0.0	9.0
0.0	9.1
0.0	9.200000000000001
