a = 12492.29922208054 м
b = 8926.108435758837 м
x0 = 9770.314809848584 м
vr = 2162.5213409403623 м/с
A0 = 1.0152946011220845 м
Xmax = 14099.784273894937 м
sigmaX = 4570.891560936258 м
sigmaY = 4251.698508340715 м
M0 = 1.971560849293777e+20 Н*м - интегральное значение сейсмического момента
Mr_max = 5.303659062253494e+19 Н*м/с - максимальное значение функции источника
1-ый столбец - отнормированная функция источника
2-ой столбец - время
0.0	0.0
0.00039689424487216943	0.1
0.06939035892908245	0.2
0.13572509327930687	0.30000000000000004
0.2019396393290685	0.4
0.26988823900711956	0.5
0.3319364007287788	0.6000000000000001
0.392790026505918	0.7000000000000001
0.4512181853530113	0.8
0.5143888045513835	0.9
0.5682001677947567	1.0
0.6182285386029355	1.1
0.6715754819706202	1.2000000000000002
0.714853922202027	1.3
0.7528598773347964	1.4000000000000001
0.7902905592710777	1.5
0.8358838532829596	1.6
0.8639675630639692	1.7000000000000002
0.8902703810759668	1.8
0.9104876288987205	1.9000000000000001
0.9397278508396487	2.0
0.9546441082223632	2.1
0.9699728365170172	2.2
0.984480582306501	2.3000000000000003
0.987720318068177	2.4000000000000004
0.9881914117610706	2.5
1.0	2.6
0.9945412344122688	2.7
0.9860932539911714	2.8000000000000003
0.9707678948636209	2.9000000000000004
0.9719885887838609	3.0
0.9420606834156415	3.1
0.9239236081132047	3.2
0.9158801578456843	3.3000000000000003
0.9018831594785761	3.4000000000000004
0.8660783246399778	3.5
0.8396400619524218	3.6
0.8193760206329712	3.7
0.7840874689066613	3.8000000000000003
0.7546576684799551	3.9000000000000004
0.739168903198994	4.0
0.6746645134547776	4.1000000000000005
0.6213863905209789	4.2
0.5791456762398202	4.3
0.5462855805367309	4.4
0.5128027647815875	4.5
0.47415947457764035	4.6000000000000005
0.44536433772603934	4.7
0.4134204944524507	4.800000000000001
0.3811789431310776	4.9
0.35479322607208685	5.0
0.33126823009969086	5.1000000000000005
0.30638349995216213	5.2
0.2791238884357926	5.300000000000001
0.2547590188042344	5.4
0.2332098187953589	5.5
0.2106551147520705	5.6000000000000005
0.19243917854409534	5.7
0.1721320204308218	5.800000000000001
0.15358425495717204	5.9
0.13665347116912438	6.0
0.12160702173570916	6.1000000000000005
0.1069533056494575	6.2
0.09362606895262862	6.300000000000001
0.08140498883524791	6.4
0.06947547591015853	6.5
0.058921531360851265	6.6000000000000005
0.04865737289105452	6.7
0.03934226410602632	6.800000000000001
0.030076647049420903	6.9
0.020970849589306076	7.0
0.009975885676474566	7.1000000000000005
0.0	7.2
0.0	7.300000000000001
0.0	7.4
0.0	7.5
0.0	7.6000000000000005
0.0	7.7
0.0	7.800000000000001
0.0	7.9
0.0	8.0
