a = 13181.371539160154 м
b = 10528.007755320992 м
x0 = 6568.377176000764 м
vr = 1769.2502503238663 м/с
A0 = 1.058793164683899 м
Xmax = 16995.442187773013 м
sigmaX = 4294.762047531919 м
sigmaY = 4938.186561970016 м
M0 = 2.1186009228777557e+20 Н*м - интегральное значение сейсмического момента
Mr_max = 3.860995519722781e+19 Н*м/с - максимальное значение функции источника
1-ый столбец - отнормированная функция источника
2-ой столбец - время
0.0	0.0
3.8231324643922e-05	0.1
0.005485469341437885	0.2
0.010912344816520259	0.30000000000000004
0.01628479757917187	0.4
0.02223140739368799	0.5
0.027921318101547903	0.6000000000000001
0.03420303855725286	0.7000000000000001
0.04055735413084412	0.8
0.04723298586238558	0.9
0.05423400482192338	1.0
0.06231623291646067	1.1
0.0705387111573864	1.2000000000000002
0.07905095324231144	1.3
0.08848021640277767	1.4000000000000001
0.09786893255066416	1.5
0.1092474480046485	1.6
0.12002043459867065	1.7000000000000002
0.13189770239819165	1.8
0.14650948212353718	1.9000000000000001
0.15767840427162955	2.0
0.17243394516723043	2.1
0.18549527688321635	2.2
0.20333674475350474	2.3000000000000003
0.22140285462293482	2.4000000000000004
0.23893393761410542	2.5
0.25825534576981735	2.6
0.27674257794251267	2.7
0.2972041141248147	2.8000000000000003
0.3191152668698305	2.9000000000000004
0.3395437165818253	3.0
0.35996918180756865	3.1
0.3838090844070236	3.2
0.4053534066478878	3.3000000000000003
0.43328230857826167	3.4000000000000004
0.4547541702280243	3.5
0.4804347108646194	3.6
0.5071623012748725	3.7
0.5349625493764315	3.8000000000000003
0.5580293543554031	3.9000000000000004
0.5835534777582128	4.0
0.6186381214110475	4.1000000000000005
0.642622249890244	4.2
0.6688822863894589	4.3
0.6980198656510509	4.4
0.7193630189777133	4.5
0.7450952503236815	4.6000000000000005
0.7616063067933764	4.7
0.7883993802935002	4.800000000000001
0.8186798730706006	4.9
0.8400844562023124	5.0
0.8599132627657238	5.1000000000000005
0.8794875665074897	5.2
0.9047741285092509	5.300000000000001
0.9074935634291291	5.4
0.9279653468954668	5.5
0.9357092104387823	5.6000000000000005
0.9541712116965604	5.7
0.9741117469659197	5.800000000000001
0.9792807675905316	5.9
0.983181611090072	6.0
1.0	6.1000000000000005
0.9966889792723828	6.2
0.984754102964759	6.300000000000001
0.9953968481926083	6.4
0.9945612410637229	6.5
0.9938592664367212	6.6000000000000005
0.9843608171886541	6.7
0.983480724930162	6.800000000000001
0.9691731913951271	6.9
0.9612237733630465	7.0
0.9471255475149546	7.1000000000000005
0.9330176935161781	7.2
0.925513896842931	7.300000000000001
0.9024434501911109	7.4
0.8788879605992146	7.5
0.864198497233102	7.6000000000000005
0.8422690211917274	7.7
0.8235421979515358	7.800000000000001
0.7900621272494248	7.9
0.7684386739675826	8.0
0.7395244981619505	8.1
0.7140647881845619	8.200000000000001
0.686444025596253	8.3
0.6635598796075568	8.4
0.6297809572330365	8.5
0.6091518438515781	8.6
0.5819100938388974	8.700000000000001
0.5514551365352873	8.8
0.5242030541908824	8.9
0.49615112109758197	9.0
0.46491332437718647	9.1
0.4439278651347677	9.200000000000001
0.41789384709138266	9.3
0.3886906535798628	9.4
0.36131659003254923	9.5
0.3369892098526605	9.600000000000001
0.31103734494659163	9.700000000000001
0.28925538189118205	9.8
0.2671609590856578	9.9
0.24408821725345084	10.0
0.22260020884638929	10.100000000000001
0.20121190184977691	10.200000000000001
0.18129789306145586	10.3
0.16228990174484823	10.4
0.14459071762770104	10.5
0.12745480009816498	10.600000000000001
0.11091089681640863	10.700000000000001
0.09482364808740998	10.8
0.07905315180763085	10.9
0.06391922287448012	11.0
0.04822516914559654	11.100000000000001
0.031025112615352467	11.200000000000001
0.0	11.3
0.0	11.4
0.0	11.5
0.0	11.600000000000001
0.0	11.700000000000001
0.0	11.8
0.0	11.9
0.0	12.0
0.0	12.100000000000001
