a = 8005.254930137543 м
b = 6032.625593330613 м
x0 = 7133.135915099235 м
vr = 1825.5915197472477 м/с
A0 = 1.2194013663755272 м
Xmax = 7578.249964611368 м
sigmaX = 4171.923351708841 м
sigmaY = 4181.957762248326 м
M0 = 1.6725329637846735e+20 Н*м - интегральное значение сейсмического момента
Mr_max = 6.015554503013481e+19 Н*м/с - максимальное значение функции источника
1-ый столбец - отнормированная функция источника
2-ой столбец - время
0.0	0.0
0.0005519689883056272	0.1
0.07996727093525322	0.2
0.15892497912102577	0.30000000000000004
0.23643551892576709	0.4
0.3126002554653029	0.5
0.38538847649141017	0.6000000000000001
0.4533624210307876	0.7000000000000001
0.51790340599241	0.8
0.5842947385120009	0.9
0.6343459165482689	1.0
0.6920818547928458	1.1
0.7487730213466656	1.2000000000000002
0.7844009357945557	1.3
0.8377868260156836	1.4000000000000001
0.8713146740039999	1.5
0.9027406255148882	1.6
0.9260494902215267	1.7000000000000002
0.9559267430761035	1.8
0.9691066089783601	1.9000000000000001
0.9903363280110385	2.0
0.9868225425594102	2.1
1.0	2.2
0.9941873495103409	2.3000000000000003
0.9849598692698577	2.4000000000000004
0.9844337500417333	2.5
0.9750845290773466	2.6
0.9454481764934951	2.7
0.9367975065788096	2.8000000000000003
0.9195373252870965	2.9000000000000004
0.8899203751416143	3.0
0.8769442155732692	3.1
0.8403650545743886	3.2
0.815072892411606	3.3000000000000003
0.6712346705222922	3.4000000000000004
0.5389413152437041	3.5
0.46001807957483476	3.6
0.38118068147572387	3.7
0.32223101715875047	3.8000000000000003
0.26171452243204524	3.9000000000000004
0.19235326415996687	4.0
0.158579777440283	4.1000000000000005
0.13724056393784542	4.2
0.11805657746212105	4.3
0.10125137471977512	4.4
0.08430874195246081	4.5
0.0689718283669658	4.6000000000000005
0.0538393403940782	4.7
0.03899119585277611	4.800000000000001
0.022692603337334142	4.9
0.0	5.0
0.0	5.1000000000000005
0.0	5.2
0.0	5.300000000000001
0.0	5.4
0.0	5.5
0.0	5.6000000000000005
0.0	5.7
0.0	5.800000000000001
