a = 10008.585072752856 м
b = 9517.287208761116 м
x0 = 6005.1382121596525 м
vr = 2360.1680681273433 м/с
A0 = 1.549288350434418 м
Xmax = 8240.478747414601 м
sigmaX = 4992.31417416374 м
sigmaY = 4550.734831494508 м
M0 = 3.266989019805161e+20 Н*м - интегральное значение сейсмического момента
Mr_max = 1.111365796242635e+20 Н*м/с - максимальное значение функции источника
1-ый столбец - отнормированная функция источника
2-ой столбец - время
0.0	0.0
0.00044664620921831247	0.1
0.08520315983544666	0.2
0.16758305057061293	0.30000000000000004
0.24938948855578416	0.4
0.3241152874005197	0.5
0.4013399805994725	0.6000000000000001
0.47380054048639064	0.7000000000000001
0.5459119369327207	0.8
0.6019233703008973	0.9
0.6626186913012505	1.0
0.7272002670039227	1.1
0.7623934003030478	1.2000000000000002
0.8125292263883483	1.3
0.8540640351678433	1.4000000000000001
0.9066758571732803	1.5
0.9173649506333287	1.6
0.9331185612934895	1.7000000000000002
0.966158072794817	1.8
0.9861418221238288	1.9000000000000001
0.9882560544642496	2.0
0.9797858954712025	2.1
1.0	2.2
0.9741530689509137	2.3000000000000003
0.9715241439422492	2.4000000000000004
0.9475924541414964	2.5
0.946223610728149	2.6
0.8603219691672543	2.7
0.7958213246379509	2.8000000000000003
0.7438912996454947	2.9000000000000004
0.7031164926352864	3.0
0.6663820853238295	3.1
0.621464354096809	3.2
0.5862248186349049	3.3000000000000003
0.5523415779075005	3.4000000000000004
0.5225064260914141	3.5
0.4921123139675669	3.6
0.4581787242250452	3.7
0.42201385185187845	3.8000000000000003
0.3998946086831739	3.9000000000000004
0.36852585466807813	4.0
0.3359762569064965	4.1000000000000005
0.3124439970444074	4.2
0.29370543030935464	4.3
0.26520001612961114	4.4
0.2387611070749586	4.5
0.21686613369791455	4.6000000000000005
0.19784696338722282	4.7
0.17749347895189554	4.800000000000001
0.15930908596843	4.9
0.14140425304292553	5.0
0.1254758802292457	5.1000000000000005
0.11101270431661432	5.2
0.09698146325063833	5.300000000000001
0.08439676549323719	5.4
0.07207438766532967	5.5
0.06026952159491669	5.6000000000000005
0.04925871956457826	5.7
0.03859528854814108	5.800000000000001
0.02732814809958692	5.9
0.013454213565903308	6.0
0.0	6.1000000000000005
0.0	6.2
0.0	6.300000000000001
0.0	6.4
0.0	6.5
0.0	6.6000000000000005
0.0	6.7
0.0	6.800000000000001
0.0	6.9
