a = 10467.833711693955 м
b = 9645.20799261726 м
x0 = 7246.875384074583 м
vr = 1928.7109984741637 м/с
A0 = 1.7151008877554128 м
Xmax = 9782.46360552154 м
sigmaX = 4037.866278792841 м
sigmaY = 4945.210954101042 м
M0 = 3.355513012490364e+20 Н*м - интегральное значение сейсмического момента
Mr_max = 9.150631949572294e+19 Н*м/с - максимальное значение функции источника
1-ый столбец - отнормированная функция источника
2-ой столбец - время
0.0	0.0
0.0004454320504506433	0.1
0.0676470857506454	0.2
0.13727899311313574	0.30000000000000004
0.20359532738743552	0.4
0.2693350683691721	0.5
0.3329754716355544	0.6000000000000001
0.3939481999913246	0.7000000000000001
0.45267833191496776	0.8
0.5111910304428742	0.9
0.5636259594167501	1.0
0.6134241265468187	1.1
0.6630915557991339	1.2000000000000002
0.7106222739166267	1.3
0.7550657713398436	1.4000000000000001
0.7847713702947806	1.5
0.8287067005721213	1.6
0.863041158383784	1.7000000000000002
0.8851389875166411	1.8
0.913995710577855	1.9000000000000001
0.9366819457128192	2.0
0.956018081871394	2.1
0.9647597168393282	2.2
0.975108640823192	2.3000000000000003
0.9818116030010331	2.4000000000000004
1.0	2.5
0.9862126094512609	2.6
0.9836852569746002	2.7
0.9819592474945066	2.8000000000000003
0.9741370212481143	2.9000000000000004
0.9574230304908857	3.0
0.9333294243356893	3.1
0.9326750672922866	3.2
0.902818973634184	3.3000000000000003
0.8912866503565642	3.4000000000000004
0.8582098410040349	3.5
0.8460743862273312	3.6
0.8087170373730175	3.7
0.7867028950014769	3.8000000000000003
0.7466534764182043	3.9000000000000004
0.7017642602143402	4.0
0.6677791558318502	4.1000000000000005
0.6263183728956142	4.2
0.5932984315476503	4.3
0.5524231442227993	4.4
0.5223136949820006	4.5
0.47981766493927575	4.6000000000000005
0.45177863037665333	4.7
0.41389450038095993	4.800000000000001
0.38485733258503646	4.9
0.3525608383835606	5.0
0.3196802895331561	5.1000000000000005
0.29337763273429	5.2
0.2650445491233057	5.300000000000001
0.2391010524036224	5.4
0.2128011604444688	5.5
0.19075966081367912	5.6000000000000005
0.16634696619595557	5.7
0.14708376978470397	5.800000000000001
0.12898228679844512	5.9
0.11119267440847663	6.0
0.09634587724415122	6.1000000000000005
0.08119315241409267	6.2
0.06963001988250386	6.300000000000001
0.05905026769104499	6.4
0.0482963922809744	6.5
0.040197689119264926	6.6000000000000005
0.03217891210257994	6.7
0.02533391994029755	6.800000000000001
0.019206961590633356	6.9
0.013822649660677727	7.0
0.008465374484005656	7.1000000000000005
0.0	7.2
0.0	7.300000000000001
0.0	7.4
0.0	7.5
0.0	7.6000000000000005
0.0	7.7
0.0	7.800000000000001
0.0	7.9
0.0	8.0
