a = 5877.571671572709 м
b = 6272.307709026952 м
x0 = 5503.899218008973 м
vr = 1538.3367860776225 м/с
A0 = 1.8873888187892276 м
Xmax = 4707.190899771456 м
sigmaX = 4738.372019361548 м
sigmaY = 4353.976889448334 м
M0 = 2.300650108356083e+20 Н*м - интегральное значение сейсмического момента
Mr_max = 7.889977207891475e+19 Н*м/с - максимальное значение функции источника
1-ый столбец - отнормированная функция источника
2-ой столбец - время
0.0	0.0
0.0005442173451528737	0.1
0.06689184739597442	0.2
0.13138433626989365	0.30000000000000004
0.19868039450194308	0.4
0.2604546040468355	0.5
0.3202109592144228	0.6000000000000001
0.37851600728591994	0.7000000000000001
0.4308579615528716	0.8
0.4900254030785476	0.9
0.5440110690149222	1.0
0.5980862521058732	1.1
0.6461362633460626	1.2000000000000002
0.6877934376750812	1.3
0.7253384004734398	1.4000000000000001
0.7680517409739832	1.5
0.8072542393417148	1.6
0.8336906476753355	1.7000000000000002
0.8678654397967854	1.8
0.8939957339928135	1.9000000000000001
0.9270841629714989	2.0
0.928978283030486	2.1
0.9491145450540618	2.2
0.9690808210732029	2.3000000000000003
0.9758694054417147	2.4000000000000004
0.9878091732044967	2.5
0.9938364276317055	2.6
0.9913570447003505	2.7
0.9959599579193912	2.8000000000000003
1.0	2.9000000000000004
0.9851616507756809	3.0
0.9871551638963371	3.1
0.9680397799126552	3.2
0.9609242278982857	3.3000000000000003
0.9521381457664658	3.4000000000000004
0.9350388357616439	3.5
0.9153520221075029	3.6
0.7996848131425829	3.7
0.6512656768998099	3.8000000000000003
0.558266860665284	3.9000000000000004
0.48265942325322025	4.0
0.40231268338671283	4.1000000000000005
0.19226965069404398	4.2
0.0	4.3
0.0	4.4
0.0	4.5
0.0	4.6000000000000005
0.0	4.7
0.0	4.800000000000001
0.0	4.9
0.0	5.0
0.0	5.1000000000000005
0.0	5.2
0.0	5.300000000000001
0.0	5.4
0.0	5.5
