a = 8703.728616449234 м
b = 8357.470257971587 м
x0 = 3967.1170309644135 м
vr = 2426.907567668586 м/с
A0 = 1.5655409707484864 м
Xmax = 9330.717729706448 м
sigmaX = 4842.432518464986 м
sigmaY = 4514.036479455715 м
M0 = 2.9109867571818467e+20 Н*м - интегральное значение сейсмического момента
Mr_max = 8.075002424033393e+19 Н*м/с - максимальное значение функции источника
1-ый столбец - отнормированная функция источника
2-ой столбец - время
0.0	0.0
0.00038242741051391183	0.1
0.07452324370657047	0.2
0.14767653717356408	0.30000000000000004
0.218300029019237	0.4
0.28884384906547067	0.5
0.35749204139878954	0.6000000000000001
0.42265077130326	0.7000000000000001
0.491659500917252	0.8
0.5536583827027951	0.9
0.6134367050967012	1.0
0.6743812919981055	1.1
0.7194690833891929	1.2000000000000002
0.7719120228700803	1.3
0.8287426352543197	1.4000000000000001
0.8610728574237414	1.5
0.9070403868420547	1.6
0.9416871893602244	1.7000000000000002
0.9410958128130451	1.8
0.9398871418006742	1.9000000000000001
0.9536596851211102	2.0
0.9524098221106375	2.1
0.9735623851103498	2.2
0.9785824581777375	2.3000000000000003
0.9842363416867951	2.4000000000000004
0.9858546856109536	2.5
1.0	2.6
0.962603643636561	2.7
0.9827640735002297	2.8000000000000003
0.9728827267408588	2.9000000000000004
0.9560366154208257	3.0
0.9389657717150236	3.1
0.9294753325985148	3.2
0.9049223112048321	3.3000000000000003
0.8895009138946781	3.4000000000000004
0.8530323196407399	3.5
0.8321472747762646	3.6
0.8014331489607147	3.7
0.7711158589796452	3.8000000000000003
0.7355736873056776	3.9000000000000004
0.7070489758976753	4.0
0.6652468820181335	4.1000000000000005
0.6395320135287024	4.2
0.5944020741285783	4.3
0.5627181320298433	4.4
0.5274345273822738	4.5
0.48628752583286594	4.6000000000000005
0.4511191968096852	4.7
0.41465728630131915	4.800000000000001
0.3763531223715578	4.9
0.33846792118734087	5.0
0.3014125650949756	5.1000000000000005
0.2623701120792806	5.2
0.22386410690054445	5.300000000000001
0.18224073774228527	5.4
0.1342889369296099	5.5
0.0692457023409437	5.6000000000000005
0.0	5.7
0.0	5.800000000000001
0.0	5.9
0.0	6.0
0.0	6.1000000000000005
0.0	6.2
0.0	6.300000000000001
0.0	6.4
0.0	6.5
