a = 6113.2591532849765 м
b = 6728.172913981397 м
x0 = 345.90863815225026 м
vr = 1890.2314546518828 м/с
A0 = 0.955004281360423 м
Xmax = 4415.628829529937 м
sigmaX = 4166.599186104644 м
sigmaY = 4179.412331878014 м
M0 = 1.160276808259818e+20 Н*м - интегральное значение сейсмического момента
Mr_max = 2.9917274236795535e+19 Н*м/с - максимальное значение функции источника
1-ый столбец - отнормированная функция источника
2-ой столбец - время
0.0	0.0
0.000562262551304459	0.1
0.08483592511356303	0.2
0.1482183851661817	0.30000000000000004
0.1842246048462833	0.4
0.22193810101675052	0.5
0.2698489707784002	0.6000000000000001
0.31984617568422646	0.7000000000000001
0.35955276821626236	0.8
0.4124746964591686	0.9
0.4573360450983329	1.0
0.5094736014282303	1.1
0.5525679798995934	1.2000000000000002
0.5962767449315616	1.3
0.6394179836855868	1.4000000000000001
0.692682895389842	1.5
0.7192573114976458	1.6
0.7636309433156849	1.7000000000000002
0.7966290050200899	1.8
0.8246993372369862	1.9000000000000001
0.8517791844162926	2.0
0.8827108810534643	2.1
0.9126748361814395	2.2
0.9412983021859868	2.3000000000000003
0.9704582983675782	2.4000000000000004
0.9601813803258175	2.5
0.9947072523687419	2.6
0.9792282913304751	2.7
0.9996635272351411	2.8000000000000003
0.9960071303872955	2.9000000000000004
0.9979826033794352	3.0
1.0	3.1
0.9928922044206959	3.2
0.9757064506547003	3.3000000000000003
0.9680159008455881	3.4000000000000004
0.9508290482596837	3.5
0.9380184221899204	3.6
0.917921874133019	3.7
0.8866657461376007	3.8000000000000003
0.8640309447201455	3.9000000000000004
0.8339255770991617	4.0
0.8175713446042487	4.1000000000000005
0.7728688052249296	4.2
0.7594679022778976	4.3
0.7136680292873324	4.4
0.6936619445346139	4.5
0.645888971083139	4.6000000000000005
0.625827065694044	4.7
0.5856327921144248	4.800000000000001
0.5515091951639535	4.9
0.5179471418105575	5.0
0.48130228753403514	5.1000000000000005
0.4498457064317141	5.2
0.4169466057949846	5.300000000000001
0.3861681684312598	5.4
0.3510695009693853	5.5
0.31923433460435424	5.6000000000000005
0.28791797472501335	5.7
0.25554013116926055	5.800000000000001
0.22447476089423318	5.9
0.19288986947301445	6.0
0.16017697978494277	6.1000000000000005
0.1235903160687111	6.2
0.08146685113243735	6.300000000000001
0.0	6.4
0.0	6.5
0.0	6.6000000000000005
0.0	6.7
0.0	6.800000000000001
0.0	6.9
0.0	7.0
0.0	7.1000000000000005
0.0	7.2
0.0	7.300000000000001
0.0	7.4
0.0	7.5
0.0	7.6000000000000005
0.0	7.7
0.0	7.800000000000001
0.0	7.9
