a = 9234.852428514578 м
b = 7687.837015429581 м
x0 = 6417.896217129914 м
vr = 1839.7830966859633 м/с
A0 = 0.7824259610779811 м
Xmax = 6673.480208638364 м
sigmaX = 4338.5261244336925 м
sigmaY = 4789.355377184683 м
M0 = 1.3549405946384302e+20 Н*м - интегральное значение сейсмического момента
Mr_max = 4.336429788955839e+19 Н*м/с - максимальное значение функции источника
1-ый столбец - отнормированная функция источника
2-ой столбец - время
0.0	0.0
0.0004970814743415294	0.1
0.0730105018376587	0.2
0.14566076700363348	0.30000000000000004
0.21760046382327244	0.4
0.2845390120486657	0.5
0.35308624365342606	0.6000000000000001
0.41700810712039516	0.7000000000000001
0.4799657592184589	0.8
0.5387467083511815	0.9
0.5963918426303573	1.0
0.6513072708848971	1.1
0.7000671359040443	1.2000000000000002
0.7448865709010905	1.3
0.7834906006484337	1.4000000000000001
0.8257653057470349	1.5
0.8540137470093436	1.6
0.8900433354241785	1.7000000000000002
0.9165661459213444	1.8
0.9378809108452345	1.9000000000000001
0.9607412555394336	2.0
0.9750515003285146	2.1
0.9876051786143617	2.2
0.9894585864329027	2.3000000000000003
0.9947704188416513	2.4000000000000004
1.0	2.5
0.9945666528943202	2.6
0.9897210299477163	2.7
0.9764906109126049	2.8000000000000003
0.9660195178470982	2.9000000000000004
0.9501597966666464	3.0
0.9363557049677682	3.1
0.9191544603464095	3.2
0.9002506255649205	3.3000000000000003
0.872635494267024	3.4000000000000004
0.8463300590390104	3.5
0.6918770219801778	3.6
0.5599214125278558	3.7
0.48826439531642374	3.8000000000000003
0.4364893035956911	3.9000000000000004
0.3926981008603047	4.0
0.3524357791067762	4.1000000000000005
0.3184877440628792	4.2
0.2863348635258694	4.3
0.2558491832206606	4.4
0.23076100869076843	4.5
0.20550404311809758	4.6000000000000005
0.1830045305471023	4.7
0.16158889722742895	4.800000000000001
0.14614827787044432	4.9
0.12810701252853315	5.0
0.11337876681542496	5.1000000000000005
0.10003933404931258	5.2
0.08770983951629373	5.300000000000001
0.0763412729627962	5.4
0.06595313430160825	5.5
0.05679469373699777	5.6000000000000005
0.04884664676439907	5.7
0.04130555486502835	5.800000000000001
0.035071376234835965	5.9
0.029428698714881008	6.0
0.024267321686290016	6.1000000000000005
0.019594742717605605	6.2
0.015437056756886527	6.300000000000001
0.011676993733786063	6.4
0.008139242642519777	6.5
0.004238207190010937	6.6000000000000005
0.0	6.7
0.0	6.800000000000001
0.0	6.9
0.0	7.0
0.0	7.1000000000000005
0.0	7.2
0.0	7.300000000000001
0.0	7.4
0.0	7.5
