a = 16582.03170473603 м
b = 10697.83041453837 м
x0 = 15794.694177772952 м
vr = 2477.588133246918 м/с
A0 = 1.7834252260510062 м
Xmax = 14474.9561223652 м
sigmaX = 4228.250161025532 м
sigmaY = 4648.889298680346 м
M0 = 3.75882335583564e+20 Н*м - интегральное значение сейсмического момента
Mr_max = 1.3070773219530713e+20 Н*м/с - максимальное значение функции источника
1-ый столбец - отнормированная функция источника
2-ой столбец - время
0.0	0.0
0.0004829580559527295	0.1
0.09593867319423002	0.2
0.19005176935706677	0.30000000000000004
0.2795860381716534	0.4
0.37019460403916554	0.5
0.45465209984652977	0.6000000000000001
0.5381058325978606	0.7000000000000001
0.6118636610497785	0.8
0.6813494142559453	0.9
0.7380096340920386	1.0
0.7953613086069928	1.1
0.8484302214483159	1.2000000000000002
0.888975551569626	1.3
0.9210150492810755	1.4000000000000001
0.9495907581968988	1.5
0.9660681514045787	1.6
0.9879666169068999	1.7000000000000002
0.9953328483922504	1.8
1.0	1.9000000000000001
0.9900132568571145	2.0
0.9732843199262982	2.1
0.9711094081092352	2.2
0.949885799579732	2.3000000000000003
0.9243917424233146	2.4000000000000004
0.89455488139723	2.5
0.8536567152984871	2.6
0.8161012420955914	2.7
0.7930725868170455	2.8000000000000003
0.7529146411532958	2.9000000000000004
0.707754071709023	3.0
0.6685517090176698	3.1
0.6363641865892786	3.2
0.5933866670600367	3.3000000000000003
0.5518636721200648	3.4000000000000004
0.5151644340491106	3.5
0.47339875077652455	3.6
0.43821000278259703	3.7
0.40262154640303766	3.8000000000000003
0.36711079623103515	3.9000000000000004
0.3331059731948429	4.0
0.3001625302072803	4.1000000000000005
0.27398134375242744	4.2
0.2475545732644841	4.3
0.2228680272479139	4.4
0.1601177109964051	4.5
0.12645484177818508	4.6000000000000005
0.1022561131449701	4.7
0.08319537291725661	4.800000000000001
0.06726142340167032	4.9
0.054338459932640616	5.0
0.0434597147494528	5.1000000000000005
0.03483673900435277	5.2
0.027802950527522477	5.300000000000001
0.022100869891563204	5.4
0.01785456751793575	5.5
0.014102182700305322	5.6000000000000005
0.010817751085817192	5.7
0.008412983294501315	5.800000000000001
0.006398957349117075	5.9
0.0048297398374478094	6.0
0.003535853323703546	6.1000000000000005
0.0025079904217908035	6.2
0.0016766927067729716	6.300000000000001
0.000961582043230408	6.4
0.00016863545998904386	6.5
0.00011992559156135918	6.6000000000000005
8.285092906273142e-05	6.7
5.5658311439683214e-05	6.800000000000001
3.531800623784495e-05	6.9
1.9594310038101596e-05	7.0
4.9157468615294784e-06	7.1000000000000005
0.0	7.2
0.0	7.300000000000001
0.0	7.4
0.0	7.5
0.0	7.6000000000000005
0.0	7.7
0.0	7.800000000000001
0.0	7.9
0.0	8.0
