a = 11185.04035652788 м
b = 8636.756547293855 м
x0 = 3399.096088321892 м
vr = 2080.714145421456 м/с
A0 = 0.7693350928677667 м
Xmax = 8666.688313085107 м
sigmaX = 4421.418682892223 м
sigmaY = 4959.666038509332 м
M0 = 1.5531365265710468e+20 Н*м - интегральное значение сейсмического момента
Mr_max = 3.543610217371617e+19 Н*м/с - максимальное значение функции источника
1-ый столбец - отнормированная функция источника
2-ой столбец - время
0.0	0.0
0.00033332120383137705	0.1
0.055349546234138014	0.2
0.11132031829631622	0.30000000000000004
0.16547346192830134	0.4
0.21832196993714933	0.5
0.27308840455599337	0.6000000000000001
0.32538166199778734	0.7000000000000001
0.3773239058839433	0.8
0.4274948859252886	0.9
0.47941339209969147	1.0
0.5277906484287223	1.1
0.5775644122771986	1.2000000000000002
0.6169757862893047	1.3
0.6656486733478546	1.4000000000000001
0.7096243029893532	1.5
0.7574991045139596	1.6
0.7942969720980365	1.7000000000000002
0.8029935389139007	1.8
0.8228555074316228	1.9000000000000001
0.8391087744789718	2.0
0.870481455286378	2.1
0.8805135554978778	2.2
0.9073897603987	2.3000000000000003
0.9234182400065267	2.4000000000000004
0.9370602345938965	2.5
0.9523111075790227	2.6
0.9622163241573561	2.7
0.9766340313199288	2.8000000000000003
0.986941991695062	2.9000000000000004
0.9956296659567996	3.0
1.0	3.1
0.989112770743931	3.2
0.994865147303015	3.3000000000000003
0.9893800802086843	3.4000000000000004
0.9881522820879532	3.5
0.9783428206465161	3.6
0.9598643825932645	3.7
0.9499100474619553	3.8000000000000003
0.9239103981714052	3.9000000000000004
0.9059389815881592	4.0
0.8892512582869216	4.1000000000000005
0.8673106734356019	4.2
0.8375629876372127	4.3
0.808701094394238	4.4
0.7785792544998311	4.5
0.7487862133699713	4.6000000000000005
0.7160006462894567	4.7
0.6949810302088029	4.800000000000001
0.6591580480915613	4.9
0.6294807177545487	5.0
0.5961213605234735	5.1000000000000005
0.5667313305324411	5.2
0.5348606771963131	5.300000000000001
0.49867604396054216	5.4
0.47638046095667946	5.5
0.44314722050566857	5.6000000000000005
0.41492596134526455	5.7
0.3869231503120233	5.800000000000001
0.35598036021139356	5.9
0.32996970132684805	6.0
0.3066297963192294	6.1000000000000005
0.2816225639093704	6.2
0.25676788833027975	6.300000000000001
0.23702291682746576	6.4
0.21510589375807962	6.5
0.1938504844869488	6.6000000000000005
0.1762451652015777	6.7
0.16172452753675695	6.800000000000001
0.14407653363174885	6.9
0.13054816415014078	7.0
0.11632214396930114	7.1000000000000005
0.10538079441017469	7.2
0.09170253148474017	7.300000000000001
0.08128469685573547	7.4
0.07211572520595207	7.5
0.06327863160417961	7.6000000000000005
0.05555605724631822	7.7
0.04829194718405516	7.800000000000001
0.04157064653867301	7.9
0.03617980350080312	8.0
0.031113039850767556	8.1
0.026383984129448836	8.200000000000001
0.022496826458291607	8.3
0.018818780324143122	8.4
0.01558841973609061	8.5
0.012775819591162347	8.6
0.010320696657644126	8.700000000000001
0.00819330118931278	8.8
0.006273361268464864	8.9
0.004551545191383854	9.0
0.002937340811349182	9.1
0.0010245103604193974	9.200000000000001
0.0	9.3
0.0	9.4
0.0	9.5
0.0	9.600000000000001
0.0	9.700000000000001
0.0	9.8
0.0	9.9
0.0	10.0
0.0	10.100000000000001
