a = 5034.6325947571695 м
b = 5611.967934392371 м
x0 = 3096.937976314544 м
vr = 1720.1919417626766 м/с
A0 = 1.6497637198402477 м
Xmax = 6130.25328136191 м
sigmaX = 4465.086137813713 м
sigmaY = 4468.188134253027 м
M0 = 1.6920660558076353e+20 Н*м - интегральное значение сейсмического момента
Mr_max = 6.070356119359345e+19 Н*м/с - максимальное значение функции источника
1-ый столбец - отнормированная функция источника
2-ой столбец - время
0.0	0.0
0.000557010855468025	0.1
0.07737505420308284	0.2
0.1528735920303136	0.30000000000000004
0.22283185967357752	0.4
0.29732420912067176	0.5
0.3656309903385135	0.6000000000000001
0.4358418052227543	0.7000000000000001
0.49932951163834904	0.8
0.563391464199458	0.9
0.6214701803517587	1.0
0.6745803003803418	1.1
0.7408556653811176	1.2000000000000002
0.7871195453056457	1.3
0.8365232297640092	1.4000000000000001
0.8847249791184333	1.5
0.924879838891917	1.6
0.9512631746426873	1.7000000000000002
0.9904009067109629	1.8
1.0	1.9000000000000001
0.9552499294038042	2.0
0.9360847076652318	2.1
0.9197557510018939	2.2
0.9230898193580357	2.3000000000000003
0.9174212834012214	2.4000000000000004
0.9052429900083292	2.5
0.9045606088225776	2.6
0.8839756847244182	2.7
0.8720967080906684	2.8000000000000003
0.8601221139374481	2.9000000000000004
0.8544257484441736	3.0
0.8010888891279124	3.1
0.79913282247819	3.2
0.7684179505957295	3.3000000000000003
0.7385830390072179	3.4000000000000004
0.7070689618304727	3.5
0.6699154008627393	3.6
0.6223110569188526	3.7
0.5827761695036996	3.8000000000000003
0.5081375950929233	3.9000000000000004
0.42707377792440415	4.0
0.29074262978572546	4.1000000000000005
0.0	4.2
0.0	4.3
0.0	4.4
0.0	4.5
0.0	4.6000000000000005
0.0	4.7
0.0	4.800000000000001
0.0	4.9
0.0	5.0
0.0	5.1000000000000005
0.0	5.2
0.0	5.300000000000001
0.0	5.4
0.0	5.5
0.0	5.6000000000000005
0.0	5.7
