a = 10760.19146174932 м
b = 8588.425247093995 м
x0 = 8103.971389846457 м
vr = 2445.535330075286 м/с
A0 = 0.7222397263517302 м
Xmax = 8465.569861965565 м
sigmaX = 4707.048576611734 м
sigmaY = 4471.691509019671 м
M0 = 1.4265016523973206e+20 Н*м - интегральное значение сейсмического момента
Mr_max = 5.4100754232684765e+19 Н*м/с - максимальное значение функции источника
1-ый столбец - отнормированная функция источника
2-ой столбец - время
0.0	0.0
0.0004882801381452205	0.1
0.09508215424418312	0.2
0.1888654954991129	0.30000000000000004
0.2795923611529714	0.4
0.3675224816964313	0.5
0.4491106007682314	0.6000000000000001
0.5326450045171006	0.7000000000000001
0.6034134160216642	0.8
0.6750735699495186	0.9
0.7388751366304475	1.0
0.790570368829691	1.1
0.8396766807894837	1.2000000000000002
0.8871986800590951	1.3
0.9142854609451114	1.4000000000000001
0.9463845544404064	1.5
0.9743492421775058	1.6
0.9805598609648871	1.7000000000000002
0.9965041842621907	1.8
1.0	1.9000000000000001
0.9939136746158824	2.0
0.981184672026516	2.1
0.9762466190855397	2.2
0.953161256115345	2.3000000000000003
0.9242811316990289	2.4000000000000004
0.9024271628754308	2.5
0.8751035997317985	2.6
0.8401929341307676	2.7
0.8062567014363704	2.8000000000000003
0.7712634354211253	2.9000000000000004
0.7280670829731962	3.0
0.6939879294185606	3.1
0.6494940989026325	3.2
0.6084041579912364	3.3000000000000003
0.37618299770960384	3.4000000000000004
0.2908930931831455	3.5
0.25200167306544324	3.6
0.22016017497606882	3.7
0.1911607004119096	3.8000000000000003
0.16699458453702118	3.9000000000000004
0.14780916510258282	4.0
0.12748670649084953	4.1000000000000005
0.10895378252646733	4.2
0.09353983194675776	4.3
0.07992838085020403	4.4
0.06878583467249746	4.5
0.05806425023957727	4.6000000000000005
0.04906902960431517	4.7
0.04117638729622889	4.800000000000001
0.03415073351026646	4.9
0.028006550582550648	5.0
0.02248739912215148	5.1000000000000005
0.017700146752509742	5.2
0.013481507307156	5.300000000000001
0.009542705890202771	5.4
0.005742655060265087	5.5
0.0	5.6000000000000005
0.0	5.7
0.0	5.800000000000001
0.0	5.9
0.0	6.0
0.0	6.1000000000000005
0.0	6.2
0.0	6.300000000000001
0.0	6.4
