a = 16387.4465059878 м
b = 19216.721967997895 м
x0 = 15105.517749951658 м
vr = 1566.9679500067064 м/с
A0 = 1.4586695610612974 м
Xmax = 13389.839493471824 м
sigmaX = 4665.890981681802 м
sigmaY = 4311.520441776317 м
M0 = 3.222862328861498e+20 Н*м - интегральное значение сейсмического момента
Mr_max = 6.712316774718827e+19 Н*м/с - максимальное значение функции источника
1-ый столбец - отнормированная функция источника
2-ой столбец - время
0.0	0.0
0.000477223902725606	0.1
0.0601023818539651	0.2
0.11904848548203104	0.30000000000000004
0.17847673826975516	0.4
0.23644895205580058	0.5
0.2920921907843296	0.6000000000000001
0.34817409510832625	0.7000000000000001
0.401892147617935	0.8
0.4574217180938918	0.9
0.5075577585523511	1.0
0.5547315551693004	1.1
0.5995678319885727	1.2000000000000002
0.647465964196615	1.3
0.6824355323942681	1.4000000000000001
0.727027247637631	1.5
0.7610547113999259	1.6
0.7900939207492849	1.7000000000000002
0.830658325983615	1.8
0.86273574100247	1.9000000000000001
0.8814867230972399	2.0
0.9079895827159703	2.1
0.93276003113669	2.2
0.9490475993859394	2.3000000000000003
0.9617191412390852	2.4000000000000004
0.9850210157145222	2.5
0.9906632287268003	2.6
0.996633579208398	2.7
1.0	2.8000000000000003
0.9981199531000308	2.9000000000000004
0.998431009239619	3.0
0.9994718004501559	3.1
0.9943779542193455	3.2
0.9869380909530715	3.3000000000000003
0.9833105990761315	3.4000000000000004
0.9748381430377336	3.5
0.9556435544300308	3.6
0.9453383774353162	3.7
0.9322395679003925	3.8000000000000003
0.9116687367817093	3.9000000000000004
0.8966031339521109	4.0
0.8754623853033088	4.1000000000000005
0.8481984326619524	4.2
0.8287827375100973	4.3
0.8053703728576551	4.4
0.7840634980629904	4.5
0.7600885417915062	4.6000000000000005
0.7406444714678145	4.7
0.7119551280292282	4.800000000000001
0.6883541846053572	4.9
0.6666019026731483	5.0
0.638465827769184	5.1000000000000005
0.6082137987808903	5.2
0.5849497537410165	5.300000000000001
0.5627295797019419	5.4
0.5371619856917037	5.5
0.5149850481809672	5.6000000000000005
0.4891761453978007	5.7
0.4657485896217633	5.800000000000001
0.44284077990595677	5.9
0.42219965047092256	6.0
0.40013374898888554	6.1000000000000005
0.3790861711071424	6.2
0.35746172697048406	6.300000000000001
0.33655496860004813	6.4
0.32044702518050266	6.5
0.3000954093234627	6.6000000000000005
0.281327989239882	6.7
0.2655246594391782	6.800000000000001
0.24907409381756007	6.9
0.23236766806954898	7.0
0.2183671269965853	7.1000000000000005
0.20272056473803438	7.2
0.19010585626926138	7.300000000000001
0.17659932779861875	7.4
0.16535782758699222	7.5
0.15315402431740524	7.6000000000000005
0.14207174991842217	7.7
0.13229066360411196	7.800000000000001
0.1218259177064509	7.9
0.11222627055312882	8.0
0.10608173325626975	8.1
0.09670137204357736	8.200000000000001
0.08860620270698627	8.3
0.08116046969733286	8.4
0.07450799609171314	8.5
0.06858222773453708	8.6
0.06304057892322437	8.700000000000001
0.05750549334418525	8.8
0.052648978819027734	8.9
0.04837397423656548	9.0
0.044240510485621415	9.1
0.04002129819293987	9.200000000000001
0.03647402748812798	9.3
0.033233565199068296	9.4
0.03005051829259617	9.5
0.02728275432227856	9.600000000000001
0.024649336544099943	9.700000000000001
0.017587612539524285	9.8
0.013570058048593512	9.9
0.010733348208815425	10.0
0.008634709800953046	10.100000000000001
0.007002087927734191	10.200000000000001
0.005749421282239689	10.3
0.004638990996443075	10.4
0.0038270970779212036	10.5
0.003177352282982313	10.600000000000001
0.002593058741100986	10.700000000000001
0.0021407194261827234	10.8
0.0017696914624785115	10.9
0.001469546788705164	11.0
0.001216751912907553	11.100000000000001
0.001007133525184099	11.200000000000001
0.0008314997371885795	11.3
0.0006471840841545057	11.4
0.0004848258089674088	11.5
0.00037033633343082464	11.600000000000001
0.00028470074401504346	11.700000000000001
0.00021653137510654167	11.8
0.00016282726159261534	11.9
0.00012096881916925994	12.0
8.794837273453038e-05	12.100000000000001
6.145980080281198e-05	12.200000000000001
3.973670263643915e-05	12.3
2.0628266398320114e-05	12.4
0.0	12.5
0.0	12.600000000000001
0.0	12.700000000000001
0.0	12.8
0.0	12.9
0.0	13.0
0.0	13.100000000000001
0.0	13.200000000000001
0.0	13.3
0.0	13.4
0.0	13.5
0.0	13.600000000000001
0.0	13.700000000000001
0.0	13.8
0.0	13.9
0.0	14.0
0.0	14.100000000000001
0.0	14.200000000000001
0.0	14.3
0.0	14.4
0.0	14.5
0.0	14.600000000000001
0.0	14.700000000000001
0.0	14.8
0.0	14.9
0.0	15.0
0.0	15.100000000000001
0.0	15.200000000000001
0.0	15.3
0.0	15.4
0.0	15.5
0.0	15.600000000000001
0.0	15.700000000000001
0.0	15.8
