a = 14089.477103698842 м
b = 13203.918903995249 м
x0 = 1724.042951100755 м
vr = 2277.9838698163276 м/с
A0 = 1.3360108866477962 м
Xmax = 11092.39315381896 м
sigmaX = 4949.9622984557645 м
sigmaY = 4967.791338960904 м
M0 = 3.3817983543742556e+20 Н*м - интегральное значение сейсмического момента
Mr_max = 6.781206732738025e+19 Н*м/с - максимальное значение функции источника
1-ый столбец - отнормированная функция источника
2-ой столбец - время
0.0	0.0
0.00011232799739593472	0.1
0.020490992300787412	0.2
0.041279403564160745	0.30000000000000004
0.061595998514599466	0.4
0.0827913070306076	0.5
0.1038783849253606	0.6000000000000001
0.12513720004259735	0.7000000000000001
0.1471728388141037	0.8
0.16178898626187085	0.9
0.17687431842698315	1.0
0.19417095905954568	1.1
0.21603283833723858	1.2000000000000002
0.23851462786736574	1.3
0.26130422799975817	1.4000000000000001
0.28530576953995573	1.5
0.31576994919561896	1.6
0.3405753785161939	1.7000000000000002
0.3655957048316785	1.8
0.39546113409508005	1.9000000000000001
0.4251603489969262	2.0
0.4569284952819528	2.1
0.48393779931531444	2.2
0.5167622462876578	2.3000000000000003
0.5473392569565116	2.4000000000000004
0.578599584767583	2.5
0.6105351464555795	2.6
0.6392427879167979	2.7
0.6712776219878672	2.8000000000000003
0.7036304166434715	2.9000000000000004
0.7340432689202216	3.0
0.7653430210201253	3.1
0.7939715461165617	3.2
0.8186713471639977	3.3000000000000003
0.8372712114736925	3.4000000000000004
0.8670335529828808	3.5
0.891787150723206	3.6
0.8965172771370749	3.7
0.9367335833529187	3.8000000000000003
0.9422953620475895	3.9000000000000004
0.9668791683102188	4.0
0.9660017955879807	4.1000000000000005
0.978164033337974	4.2
0.992397663879479	4.3
0.9973405193752424	4.4
1.0	4.5
0.9982417370329602	4.6000000000000005
0.9940215236440626	4.7
0.9865414501222545	4.800000000000001
0.9857948604028935	4.9
0.9813538344439949	5.0
0.9641426845476975	5.1000000000000005
0.95692957816784	5.2
0.9341469899812009	5.300000000000001
0.9205864176548779	5.4
0.9019979540424768	5.5
0.8852326791399264	5.6000000000000005
0.864439384180696	5.7
0.8464205580965584	5.800000000000001
0.8154479021659871	5.9
0.7806868374115878	6.0
0.7683932274424577	6.1000000000000005
0.7329915327060538	6.2
0.7125897665945004	6.300000000000001
0.6809573519958778	6.4
0.6499375205523666	6.5
0.6218921679124628	6.6000000000000005
0.5960878465915499	6.7
0.5642914473688053	6.800000000000001
0.5303071448329111	6.9
0.5107916001979306	7.0
0.4815430991834525	7.1000000000000005
0.45362783947418067	7.2
0.42654164293196495	7.300000000000001
0.39966603574152243	7.4
0.3759594989573176	7.5
0.3475928046923299	7.6000000000000005
0.3263733192165803	7.7
0.30290496659129007	7.800000000000001
0.28275851263031326	7.9
0.26034405609544464	8.0
0.24116859729664986	8.1
0.22244254177159087	8.200000000000001
0.20565525643466032	8.3
0.18905102236945223	8.4
0.1712819073646468	8.5
0.15560257745252776	8.6
0.142635379858872	8.700000000000001
0.12949823697993296	8.8
0.11792394455877539	8.9
0.10724119769747809	9.0
0.09611455100270318	9.1
0.08545531247162212	9.200000000000001
0.07752565122454477	9.3
0.06872887356066887	9.4
0.061647859236296766	9.5
0.05464142851818883	9.600000000000001
0.04877032255539666	9.700000000000001
0.04322316372213217	9.8
0.038063506712864625	9.9
0.03335236073322031	10.0
0.029203772368326213	10.100000000000001
0.025623428787623196	10.200000000000001
0.022158301593988176	10.3
0.019243530822162933	10.4
0.016487565272274622	10.5
0.014253753835632961	10.600000000000001
0.012212273396712412	10.700000000000001
0.01030032829470237	10.8
0.008639240528669972	10.9
0.007206089142140337	11.0
0.005937234823014862	11.100000000000001
0.004824249830328574	11.200000000000001
0.003839480984070677	11.3
0.0029506542916786054	11.4
0.0021636728740830925	11.5
0.0013957073769487308	11.600000000000001
0.0004403748357466529	11.700000000000001
0.0	11.8
0.0	11.9
0.0	12.0
0.0	12.100000000000001
0.0	12.200000000000001
0.0	12.3
0.0	12.4
0.0	12.5
0.0	12.600000000000001
