a = 7418.136573078261 м
b = 4624.239847030343 м
x0 = 6417.641579931587 м
vr = 1940.799080223007 м/с
A0 = 1.9072502375785672 м
Xmax = 8227.10375068148 м
sigmaX = 4795.941558775269 м
sigmaY = 4677.69661394225 м
M0 = 2.3555878928847766e+20 Н*м - интегральное значение сейсмического момента
Mr_max = 1.0517886306351053e+20 Н*м/с - максимальное значение функции источника
1-ый столбец - отнормированная функция источника
2-ой столбец - время
0.0	0.0
0.0004917236528440545	0.1
0.0761675538767863	0.2
0.14952013887595414	0.30000000000000004
0.2256311498175027	0.4
0.29191339102265357	0.5
0.3645529248199835	0.6000000000000001
0.42931033804037944	0.7000000000000001
0.4964904221913479	0.8
0.5572147572963093	0.9
0.6131564495665129	1.0
0.6627752741456362	1.1
0.7241870255016747	1.2000000000000002
0.761170485273923	1.3
0.8051682376862513	1.4000000000000001
0.8286914625932487	1.5
0.880373791270094	1.6
0.9098291535836186	1.7000000000000002
0.9367364512730901	1.8
0.9587882054430221	1.9000000000000001
0.9777741314456457	2.0
0.9855229049633752	2.1
0.9982761338835092	2.2
0.9919472990742465	2.3000000000000003
1.0	2.4000000000000004
0.8510217065453991	2.5
0.7429766929709859	2.6
0.6588547316914061	2.7
0.5977874153391076	2.8000000000000003
0.5386074545266417	2.9000000000000004
0.4821048354478514	3.0
0.428780279537694	3.1
0.381172472988293	3.2
0.33981693401255136	3.3000000000000003
0.2839662398336218	3.4000000000000004
0.24940819831366925	3.5
0.22818860978309077	3.6
0.2024655807858243	3.7
0.17905667377422793	3.8000000000000003
0.15922682266502888	3.9000000000000004
0.13767447010736528	4.0
0.11558046620373852	4.1000000000000005
0.09227073201911297	4.2
0.06702659057882177	4.3
0.03434342266858592	4.4
0.0	4.5
0.0	4.6000000000000005
0.0	4.7
0.0	4.800000000000001
0.0	4.9
0.0	5.0
0.0	5.1000000000000005
0.0	5.2
0.0	5.300000000000001
