a = 10173.101471717575 м
b = 11805.040601576495 м
x0 = 10042.635922131596 м
vr = 2465.576920178356 м/с
A0 = 1.185224539593081 м
Xmax = 9576.660720044405 м
sigmaX = 4113.542739527651 м
sigmaY = 4037.5838191663406 м
M0 = 2.014073920400159e+20 Н*м - интегральное значение сейсмического момента
Mr_max = 7.860537962001233e+19 Н*м/с - максимальное значение функции источника
1-ый столбец - отнормированная функция источника
2-ой столбец - время
0.0	0.0
0.0005540429167436008	0.1
0.10894080328380375	0.2
0.2134020928227791	0.30000000000000004
0.3177019044100865	0.4
0.41476487228195064	0.5
0.5054998201963619	0.6000000000000001
0.5889345627233687	0.7000000000000001
0.6698971067229256	0.8
0.7427005109677868	0.9
0.7988717565938807	1.0
0.8542711308196144	1.1
0.904593509279722	1.2000000000000002
0.9434325066205038	1.3
0.9591252783401447	1.4000000000000001
0.9809637085036124	1.5
1.0	1.6
0.9980249485260984	1.7000000000000002
0.9842400004228588	1.8
0.9777217187235949	1.9000000000000001
0.9577253303845333	2.0
0.9273174472387886	2.1
0.8915223256569779	2.2
0.8673552177116717	2.3000000000000003
0.8312390521694772	2.4000000000000004
0.7815182270553848	2.5
0.7439612750681031	2.6
0.7030185128184221	2.7
0.6562918897768371	2.8000000000000003
0.6123294082740277	2.9000000000000004
0.5667795225544133	3.0
0.517301909501133	3.1
0.47579844793109727	3.2
0.43735783472522904	3.3000000000000003
0.39659485766421254	3.4000000000000004
0.36260270957503177	3.5
0.32351112559120687	3.6
0.29177375375023484	3.7
0.2618262888915369	3.8000000000000003
0.23153702854816433	3.9000000000000004
0.20525583756996807	4.0
0.1814403703623065	4.1000000000000005
0.14278833373268196	4.2
0.10196651648753456	4.3
0.06991125325513096	4.4
0.05016532507772614	4.5
0.03479918781272891	4.6000000000000005
0.02271725185857153	4.7
0.012549929680890292	4.800000000000001
0.0	4.9
0.0	5.0
0.0	5.1000000000000005
0.0	5.2
0.0	5.300000000000001
0.0	5.4
0.0	5.5
0.0	5.6000000000000005
0.0	5.7
0.0	5.800000000000001
0.0	5.9
0.0	6.0
0.0	6.1000000000000005
0.0	6.2
0.0	6.300000000000001
0.0	6.4
0.0	6.5
