a = 9260.85773918684 м
b = 7972.137874951342 м
x0 = 5023.693562506751 м
vr = 2265.922043223739 м/с
A0 = 1.6196467784016995 м
Xmax = 11101.034212879664 м
sigmaX = 4875.548131323748 м
sigmaY = 4773.650389377853 м
M0 = 3.055574351897783e+20 Н*м - интегральное значение сейсмического момента
Mr_max = 7.875892705130219e+19 Н*м/с - максимальное значение функции источника
1-ый столбец - отнормированная функция источника
2-ой столбец - время
0.0	0.0
0.0003215214423721757	0.1
0.05886772160394303	0.2
0.11573864391378383	0.30000000000000004
0.17222477131419914	0.4
0.23069551570572464	0.5
0.28632006374269164	0.6000000000000001
0.3380478799981967	0.7000000000000001
0.38869421069347637	0.8
0.44265151861326735	0.9
0.4938894523921374	1.0
0.5455237630697629	1.1
0.5933552243407418	1.2000000000000002
0.638128798893249	1.3
0.6814697887101152	1.4000000000000001
0.7199811306545675	1.5
0.7654306063600872	1.6
0.8032534360828192	1.7000000000000002
0.8340171674723258	1.8
0.8817255189597072	1.9000000000000001
0.9095111212321665	2.0
0.940151197583647	2.1
0.9751727830416455	2.2
0.9863136482245682	2.3000000000000003
0.9858040756385932	2.4000000000000004
0.9858732900911291	2.5
0.9772361746026189	2.6
0.9932787083527288	2.7
0.9893289905781865	2.8000000000000003
0.9977036451133037	2.9000000000000004
1.0	3.0
0.9976040891328284	3.1
0.9932841721922487	3.2
0.9764491371990722	3.3000000000000003
0.973872547657571	3.4000000000000004
0.9673854366573469	3.5
0.9449968318277909	3.6
0.9177831980220409	3.7
0.8932616130685386	3.8000000000000003
0.8744215762851377	3.9000000000000004
0.8529743867889321	4.0
0.8209044152902057	4.1000000000000005
0.7904321596007537	4.2
0.7611939669112898	4.3
0.7232656450938135	4.4
0.6913323611931877	4.5
0.6660435297758798	4.6000000000000005
0.6218517481826201	4.7
0.5856710881092394	4.800000000000001
0.5550544641892917	4.9
0.5139636874267502	5.0
0.47705928145485843	5.1000000000000005
0.4361080419666928	5.2
0.3977779442384946	5.300000000000001
0.3596993983386139	5.4
0.32190363368479485	5.5
0.28257604700617767	5.6000000000000005
0.23898162153855743	5.7
0.19604080081028272	5.800000000000001
0.1476272017012153	5.9
0.08631580483110345	6.0
0.0	6.1000000000000005
0.0	6.2
0.0	6.300000000000001
0.0	6.4
0.0	6.5
0.0	6.6000000000000005
0.0	6.7
0.0	6.800000000000001
0.0	6.9
