a = 16152.978742060339 м
b = 14267.990886856916 м
x0 = 8509.681467009716 м
vr = 2410.4582511261074 м/с
A0 = 0.543619088087441 м
Xmax = 17852.969033943627 м
sigmaX = 4687.133932917827 м
sigmaY = 4299.448017885797 м
M0 = 1.1547107818722619e+20 Н*м - интегральное значение сейсмического момента
Mr_max = 2.5567185040529674e+19 Н*м/с - максимальное значение функции источника
1-ый столбец - отнормированная функция источника
2-ой столбец - время
0.0	0.0
0.00010543968605278177	0.1
0.020503576766519295	0.2
0.04105956796173392	0.30000000000000004
0.061292578448928284	0.4
0.08146683342430623	0.5
0.10329721650264881	0.6000000000000001
0.12579647325616067	0.7000000000000001
0.14797676783389205	0.8
0.17046006848982265	0.9
0.19490887844818283	1.0
0.2209000904298003	1.1
0.24632831885530904	1.2000000000000002
0.27128408421680017	1.3
0.299933961510391	1.4000000000000001
0.3280972702547939	1.5
0.35857791544677875	1.6
0.39050763713354386	1.7000000000000002
0.42051096442289143	1.8
0.453758631377065	1.9000000000000001
0.4837701584843117	2.0
0.5192582001924994	2.1
0.5521338211482586	2.2
0.589291300552079	2.3000000000000003
0.6130205431109249	2.4000000000000004
0.6505997643546124	2.5
0.6816280270100451	2.6
0.7218093142471826	2.7
0.7468340565031986	2.8000000000000003
0.7812605062637187	2.9000000000000004
0.7983368662107521	3.0
0.8301347026096908	3.1
0.8640428714506699	3.2
0.8862620146704194	3.3000000000000003
0.908861532578041	3.4000000000000004
0.91755638433111	3.5
0.9369285638921403	3.6
0.9630107505284854	3.7
0.9756014085024747	3.8000000000000003
0.9681392065001924	3.9000000000000004
0.9792119716460546	4.0
1.0	4.1000000000000005
0.9937036902504461	4.2
0.9923987247576531	4.3
0.9818336789529609	4.4
0.976558512926469	4.5
0.964604665145415	4.6000000000000005
0.9648471739979522	4.7
0.9367887628756963	4.800000000000001
0.92372393343454	4.9
0.9074195442189357	5.0
0.8862349733479504	5.1000000000000005
0.8668073889150388	5.2
0.8346028797280733	5.300000000000001
0.8083092208125839	5.4
0.7788631259304117	5.5
0.7482207897136919	5.6000000000000005
0.7257907233017984	5.7
0.6877362720759901	5.800000000000001
0.6527908525163699	5.9
0.6260266312384718	6.0
0.5970274531434618	6.1000000000000005
0.5674740112935264	6.2
0.5368312767088709	6.300000000000001
0.5002665210818136	6.4
0.47345527285673084	6.5
0.43909597244676524	6.6000000000000005
0.41376963591810023	6.7
0.3837185915343198	6.800000000000001
0.358159412054588	6.9
0.32860054178968706	7.0
0.306663730771522	7.1000000000000005
0.28275958106156784	7.2
0.2590339318441413	7.300000000000001
0.236849293237673	7.4
0.21628728843533487	7.5
0.1970401613968114	7.6000000000000005
0.17939829014574873	7.7
0.16210929996975965	7.800000000000001
0.14561917378244413	7.9
0.13123013136657052	8.0
0.11833842381598818	8.1
0.10586471946910295	8.200000000000001
0.09421718868464016	8.3
0.0838957795199695	8.4
0.0740869541228007	8.5
0.06533724490371762	8.6
0.057592218514018904	8.700000000000001
0.05027753192878488	8.8
0.04367027739680911	8.9
0.0379696375039476	9.0
0.03265857823259857	9.1
0.027951197344974827	9.200000000000001
0.023648418524085165	9.3
0.019793804959792136	9.4
0.016297844768067688	9.5
0.013128074861802393	9.600000000000001
0.01019166380499214	9.700000000000001
0.007387871157324913	9.8
0.004365620996434979	9.9
0.0	10.0
0.0	10.100000000000001
0.0	10.200000000000001
0.0	10.3
0.0	10.4
0.0	10.5
0.0	10.600000000000001
0.0	10.700000000000001
0.0	10.8
