a = 14751.54413656822 м
b = 16109.865737514072 м
x0 = 11425.638127441269 м
vr = 1597.1584546222834 м/с
A0 = 1.4458456685735421 м
Xmax = 14983.484703326067 м
sigmaX = 4389.06775676447 м
sigmaY = 4796.957071405152 м
M0 = 3.308347140011133e+20 Н*м - интегральное значение сейсмического момента
Mr_max = 6.291561182102905e+19 Н*м/с - максимальное значение функции источника
1-ый столбец - отнормированная функция источника
2-ой столбец - время
0.0	0.0
0.0003967030170439703	0.1
0.05076209096128159	0.2
0.10140142844544883	0.30000000000000004
0.14990279925793693	0.4
0.20056295999987575	0.5
0.2454156587438303	0.6000000000000001
0.2976234762915852	0.7000000000000001
0.3440644238810704	0.8
0.38997243963420913	0.9
0.4356246164000997	1.0
0.47673602665791603	1.1
0.5199607560990834	1.2000000000000002
0.5548994398535776	1.3
0.5998857170566584	1.4000000000000001
0.635956060245039	1.5
0.6738170658757356	1.6
0.7069213735026347	1.7000000000000002
0.7385426342978274	1.8
0.7694981944303894	1.9000000000000001
0.7991201512788034	2.0
0.8295405158591651	2.1
0.8485611451031551	2.2
0.8635842823171599	2.3000000000000003
0.8907630089912579	2.4000000000000004
0.916870532745301	2.5
0.9353146307031187	2.6
0.9482358501092719	2.7
0.9617420885972188	2.8000000000000003
0.9673051411085648	2.9000000000000004
0.9830126620882024	3.0
0.9818496388625494	3.1
1.0	3.2
0.9942152256548035	3.3000000000000003
0.9946778026018676	3.4000000000000004
0.9895443961736924	3.5
0.9874718543475358	3.6
0.9872728811289538	3.7
0.9786674095310642	3.8000000000000003
0.9777725959585477	3.9000000000000004
0.9604756774387396	4.0
0.952527170566778	4.1000000000000005
0.9491723255184592	4.2
0.921388715344391	4.3
0.9171998106456628	4.4
0.8921714362673637	4.5
0.8827215373571168	4.6000000000000005
0.8589777412764387	4.7
0.8419580523275438	4.800000000000001
0.8287131406278322	4.9
0.7981425034100252	5.0
0.7852473565306123	5.1000000000000005
0.7553646356426674	5.2
0.7338361929077072	5.300000000000001
0.7151403924979173	5.4
0.6891871034860649	5.5
0.6739802326918577	5.6000000000000005
0.6418344435567324	5.7
0.6199615232902416	5.800000000000001
0.5936594693538326	5.9
0.5722359334423553	6.0
0.5530595893720579	6.1000000000000005
0.5324855277166465	6.2
0.5069625047844629	6.300000000000001
0.4818999152935894	6.4
0.46217363425812386	6.5
0.44236264954787635	6.6000000000000005
0.41979836453547775	6.7
0.39793371261573973	6.800000000000001
0.37630418699264295	6.9
0.35837836602493056	7.0
0.3365393776929337	7.1000000000000005
0.32212282213804044	7.2
0.3013374294167042	7.300000000000001
0.2857625297309499	7.4
0.266450539749484	7.5
0.24970433303679915	7.6000000000000005
0.23558492081071844	7.7
0.21955706579695633	7.800000000000001
0.20834198631487003	7.9
0.19180306781944398	8.0
0.17771860955061217	8.1
0.16673075937705897	8.200000000000001
0.15578479460461192	8.3
0.1445142807594873	8.4
0.13439073371675825	8.5
0.12469373922150735	8.6
0.11483760883900407	8.700000000000001
0.10687397344347324	8.8
0.09866117100577201	8.9
0.09045291696801705	9.0
0.08328355129690303	9.1
0.07627625565921164	9.200000000000001
0.0695755511262809	9.3
0.06445105089230013	9.4
0.05878948419701835	9.5
0.05341479540989866	9.600000000000001
0.0486611482355907	9.700000000000001
0.04439877949195157	9.8
0.040083098662065525	9.9
0.03644618391598774	10.0
0.03294145599248178	10.100000000000001
0.02973393896567933	10.200000000000001
0.026527561415301357	10.3
0.0236804070286318	10.4
0.02128044134041279	10.5
0.0189457494366105	10.600000000000001
0.01671198246933835	10.700000000000001
0.014722196088959734	10.8
0.012770418400162164	10.9
0.01105562792824146	11.0
0.009350582577444155	11.100000000000001
0.007648340524390266	11.200000000000001
0.005796323232170725	11.3
0.0027554020996231445	11.4
0.0	11.5
0.0	11.600000000000001
0.0	11.700000000000001
0.0	11.8
0.0	11.9
0.0	12.0
0.0	12.100000000000001
0.0	12.200000000000001
0.0	12.3
0.0	12.4
0.0	12.5
0.0	12.600000000000001
0.0	12.700000000000001
0.0	12.8
0.0	12.9
0.0	13.0
0.0	13.100000000000001
0.0	13.200000000000001
0.0	13.3
0.0	13.4
0.0	13.5
0.0	13.600000000000001
0.0	13.700000000000001
0.0	13.8
0.0	13.9
0.0	14.0
