a = 5408.0492935702405 м
b = 6960.542735092547 м
x0 = 5177.438910387035 м
vr = 1753.5224361243227 м/с
A0 = 0.8042851663540258 м
Xmax = 5399.577237186012 м
sigmaX = 4681.146968635776 м
sigmaY = 4005.3106026333044 м
M0 = 9.361947253753066e+19 Н*м - интегральное значение сейсмического момента
Mr_max = 3.6293473307131343e+19 Н*м/с - максимальное значение функции источника
1-ый столбец - отнормированная функция источника
2-ой столбец - время
0.0	0.0
0.0005822457625485705	0.1
0.08144790412994593	0.2
0.16189905417726438	0.30000000000000004
0.2369457838832819	0.4
0.3142782869358305	0.5
0.3843542009086295	0.6000000000000001
0.449815587508391	0.7000000000000001
0.5248966715833171	0.8
0.5846113958394857	0.9
0.6456191452727236	1.0
0.6938993940660159	1.1
0.744707523673738	1.2000000000000002
0.7894578952739382	1.3
0.8209698614977955	1.4000000000000001
0.8655107016443785	1.5
0.8988928430488403	1.6
0.924493562531814	1.7000000000000002
0.9609855775116763	1.8
0.9629312996625913	1.9000000000000001
0.9866545407394591	2.0
0.998421325999913	2.1
0.99762654174977	2.2
1.0	2.3000000000000003
0.9873152452610053	2.4000000000000004
0.9849551296669118	2.5
0.9830331666360298	2.6
0.9662059886042289	2.7
0.9573996297787123	2.8000000000000003
0.9285493473985944	2.9000000000000004
0.9213614988135698	3.0
0.808980534596814	3.1
0.7249825752558011	3.2
0.6671074707072028	3.3000000000000003
0.48826025215996643	3.4000000000000004
0.3911525209460529	3.5
0.31385054099421483	3.6
0.24596813184989644	3.7
0.1872018115960006	3.8000000000000003
0.13239183052621753	3.9000000000000004
0.07740921436211326	4.0
0.0	4.1000000000000005
0.0	4.2
0.0	4.3
0.0	4.4
0.0	4.5
0.0	4.6000000000000005
0.0	4.7
0.0	4.800000000000001
0.0	4.9
0.0	5.0
0.0	5.1000000000000005
0.0	5.2
0.0	5.300000000000001
0.0	5.4
0.0	5.5
0.0	5.6000000000000005
0.0	5.7
0.0	5.800000000000001
0.0	5.9
