a = 16228.538290958171 м
b = 20955.520824116044 м
x0 = 2722.0703948873565 м
vr = 1639.1321563604138 м/с
A0 = 0.5349320191182693 м
Xmax = 18194.07257500806 м
sigmaX = 4608.551295020374 м
sigmaY = 4406.067168728396 м
M0 = 1.09988037800577e+20 Н*м - интегральное значение сейсмического момента
Mr_max = 1.589152894007271e+19 Н*м/с - максимальное значение функции источника
1-ый столбец - отнормированная функция источника
2-ой столбец - время
0.0	0.0
2.9599786434640963e-06	0.1
0.00039219132322225626	0.2
0.0007818060363195496	0.30000000000000004
0.0011952990745534256	0.4
0.0016247748870274973	0.5
0.0020695571046913932	0.6000000000000001
0.002549648599321507	0.7000000000000001
0.0030868296431322286	0.8
0.0036762372001253544	0.9
0.0042933171704480945	1.0
0.004985064327467121	1.1
0.005760949524017476	1.2000000000000002
0.0066024953114063025	1.3
0.007539871255683693	1.4000000000000001
0.008508082115678075	1.5
0.009734309412160984	1.6
0.011033634603631836	1.7000000000000002
0.01233797829976069	1.8
0.013882799476000084	1.9000000000000001
0.015456388262505885	2.0
0.01736670967179123	2.1
0.019343718849793842	2.2
0.021732540576246833	2.3000000000000003
0.02425070768185233	2.4000000000000004
0.02670065058682404	2.5
0.02970853876940925	2.6
0.03299438403976721	2.7
0.03624531841422386	2.8000000000000003
0.03999363045561757	2.9000000000000004
0.04429600621079175	3.0
0.04862588791871431	3.1
0.05352673193722868	3.2
0.05840582782181704	3.3000000000000003
0.06392266857857841	3.4000000000000004
0.06990272034834347	3.5
0.07568146981179169	3.6
0.08326063153736696	3.7
0.08964084424533206	3.8000000000000003
0.09802580566746034	3.9000000000000004
0.10587217153773797	4.0
0.11420898748928747	4.1000000000000005
0.12454919679119371	4.2
0.13441650629016105	4.3
0.14366252107515246	4.4
0.1547876328377801	4.5
0.16592414313005344	4.6000000000000005
0.17791815807164377	4.7
0.19029893576394988	4.800000000000001
0.2035057066319968	4.9
0.21897170976470176	5.0
0.23189699529853794	5.1000000000000005
0.24564191225979226	5.2
0.2606186902505005	5.300000000000001
0.2789685638926611	5.4
0.29577404684429826	5.5
0.3131395535007243	5.6000000000000005
0.33289269004806693	5.7
0.3457817133766855	5.800000000000001
0.36719952787362	5.9
0.3903193876418554	6.0
0.4061453484460753	6.1000000000000005
0.4256751061716974	6.2
0.4480007227536241	6.300000000000001
0.465210721747045	6.4
0.4897619871413647	6.5
0.51324838211877	6.6000000000000005
0.5358844515401245	6.7
0.5530378544048138	6.800000000000001
0.5737997702311182	6.9
0.5989299217344587	7.0
0.6202423800538053	7.1000000000000005
0.6463239597883432	7.2
0.6668205485793923	7.300000000000001
0.6871777403149655	7.4
0.7105581836117933	7.5
0.7310703169425485	7.6000000000000005
0.7467561615114461	7.7
0.7748025476562881	7.800000000000001
0.7932567880059997	7.9
0.8158027021816747	8.0
0.8295034365699409	8.1
0.84996679282253	8.200000000000001
0.8548704337333441	8.3
0.8790416198636927	8.4
0.8988954331701283	8.5
0.9098920895247562	8.6
0.9263428636432443	8.700000000000001
0.9368865056472951	8.8
0.9472601861396928	8.9
0.9554227109891185	9.0
0.9734897180530699	9.1
0.9809158299784961	9.200000000000001
0.9837093429718549	9.3
0.9905805643335932	9.4
0.9954326365064788	9.5
0.9982126841057102	9.600000000000001
1.0	9.700000000000001
0.9996314991983335	9.8
0.9988580769896346	9.9
0.9931897351037762	10.0
0.9974248048012042	10.100000000000001
0.9944350261637853	10.200000000000001
0.980902738803736	10.3
0.9780938595810349	10.4
0.9683582023764066	10.5
0.963304112657954	10.600000000000001
0.9487984166604819	10.700000000000001
0.9390228109180263	10.8
0.927597363675553	10.9
0.9150648228031153	11.0
0.8997659594176814	11.100000000000001
0.8865506253308146	11.200000000000001
0.8621232804228398	11.3
0.849359002352938	11.4
0.8303669232312639	11.5
0.8170823316521865	11.600000000000001
0.7963763149086917	11.700000000000001
0.7767437939292086	11.8
0.7522190898050376	11.9
0.7251418579165456	12.0
0.7117601199535615	12.100000000000001
0.6847206567873911	12.200000000000001
0.6713644275283941	12.3
0.6443417095044428	12.4
0.6213532616103384	12.5
0.605043712200214	12.600000000000001
0.5759145122897514	12.700000000000001
0.557181817729062	12.8
0.5316596352341262	12.9
0.5123514206535977	13.0
0.48911565536393364	13.100000000000001
0.4718914254014767	13.200000000000001
0.4486610616402914	13.3
0.4318643568856993	13.4
0.4094334257042573	13.5
0.39159459493700244	13.600000000000001
0.37396447152345585	13.700000000000001
0.35503675117326644	13.8
0.3374459673591342	13.9
0.3182073151872831	14.0
0.3026535571472492	14.100000000000001
0.28520469402383913	14.200000000000001
0.27018617940464723	14.3
0.25335480059557974	14.4
0.23922222323664394	14.5
0.22444164757487764	14.600000000000001
0.2106156310262022	14.700000000000001
0.1978966845951867	14.8
0.18594596927771256	14.9
0.1734799060144568	15.0
0.1618275969578274	15.100000000000001
0.15169264237023622	15.200000000000001
0.1413720649836043	15.3
0.13155183908394175	15.4
0.12153319741989789	15.5
0.1128007532235227	15.600000000000001
0.1048082344752174	15.700000000000001
0.09725453390855311	15.8
0.09011328292811013	15.9
0.08311700649185486	16.0
0.07719965918753609	16.1
0.07069862014904212	16.2
0.06515007276154905	16.3
0.05952763604667915	16.400000000000002
0.05473795724556385	16.5
0.05027206762082129	16.6
0.046257334721254824	16.7
0.042147311943997665	16.8
0.03829575754330317	16.900000000000002
0.03505391365343082	17.0
0.03197043247841368	17.1
0.029120416188999274	17.2
0.026351051808636162	17.3
0.024003276911704487	17.400000000000002
0.021733916805956592	17.5
0.01962437559383209	17.6
0.017701517751786366	17.7
0.015916266442430795	17.8
0.01426347294636225	17.900000000000002
0.012639330583698276	18.0
0.010820216262990021	18.1
0.007450377100227078	18.2
0.0	18.3
0.0	18.400000000000002
0.0	18.5
0.0	18.6
0.0	18.7
0.0	18.8
0.0	18.900000000000002
0.0	19.0
0.0	19.1
0.0	19.200000000000003
0.0	19.3
0.0	19.400000000000002
0.0	19.5
0.0	19.6
0.0	19.700000000000003
0.0	19.8
0.0	19.900000000000002
0.0	20.0
0.0	20.1
0.0	20.200000000000003
0.0	20.3
0.0	20.400000000000002
0.0	20.5
0.0	20.6
0.0	20.700000000000003
0.0	20.8
0.0	20.900000000000002
0.0	21.0
0.0	21.1
0.0	21.200000000000003
0.0	21.3
0.0	21.400000000000002
0.0	21.5
0.0	21.6
0.0	21.700000000000003
0.0	21.8
0.0	21.900000000000002
0.0	22.0
0.0	22.1
0.0	22.200000000000003
0.0	22.3
0.0	22.400000000000002
0.0	22.5
0.0	22.6
0.0	22.700000000000003
0.0	22.8
0.0	22.900000000000002
0.0	23.0
0.0	23.1
0.0	23.200000000000003
0.0	23.3
0.0	23.400000000000002
0.0	23.5
0.0	23.6
0.0	23.700000000000003
0.0	23.8
0.0	23.900000000000002
0.0	24.0
0.0	24.1
0.0	24.200000000000003
0.0	24.3
0.0	24.400000000000002
0.0	24.5
0.0	24.6
0.0	24.700000000000003
0.0	24.8
0.0	24.900000000000002
