a = 15169.080221522341 м
b = 19167.388664120415 м
x0 = 9990.573657337434 м
vr = 1564.7503778261741 м/с
A0 = 0.9824859454015649 м
Xmax = 11070.792093811337 м
sigmaX = 4033.203255985963 м
sigmaY = 4236.430797022199 м
M0 = 1.8751187982842826e+20 Н*м - интегральное значение сейсмического момента
Mr_max = 4.329530858235049e+19 Н*м/с - максимальное значение функции источника
1-ый столбец - отнормированная функция источника
2-ой столбец - время
0.0	0.0
0.000514011056086074	0.1
0.06522956949018695	0.2
0.1281326790597968	0.30000000000000004
0.19002529537224833	0.4
0.2535866605459056	0.5
0.3127226936843112	0.6000000000000001
0.37185073820705705	0.7000000000000001
0.4316934732897277	0.8
0.48572990521711057	0.9
0.5384876282981741	1.0
0.5871174638918433	1.1
0.6426464080704666	1.2000000000000002
0.6815895429418797	1.3
0.7251714421316661	1.4000000000000001
0.7649020162758549	1.5
0.8063087234504291	1.6
0.8299613170748134	1.7000000000000002
0.8687537441794027	1.8
0.8949107009991575	1.9000000000000001
0.9158768294810861	2.0
0.9335781172007435	2.1
0.9665776335787125	2.2
0.9704437272174726	2.3000000000000003
0.9804606675189941	2.4000000000000004
0.9876733677931505	2.5
0.996130352031045	2.6
1.0	2.7
0.9931031500034794	2.8000000000000003
0.9923924581691653	2.9000000000000004
0.9832036659708078	3.0
0.977603289647281	3.1
0.9623218531238733	3.2
0.94994355818233	3.3000000000000003
0.9329227389544212	3.4000000000000004
0.9234743789150882	3.5
0.8972690142082277	3.6
0.8784266642380689	3.7
0.8602293134884996	3.8000000000000003
0.8331156160969335	3.9000000000000004
0.8056120887584546	4.0
0.7873655450262008	4.1000000000000005
0.7672333040187468	4.2
0.7341823755203292	4.3
0.7034272718253698	4.4
0.677477606245312	4.5
0.6511165452277207	4.6000000000000005
0.617104181080392	4.7
0.5965229848493254	4.800000000000001
0.5720753326374981	4.9
0.54287395822359	5.0
0.5136983186559402	5.1000000000000005
0.48985161135236854	5.2
0.4628587310038554	5.300000000000001
0.43977315457174365	5.4
0.4109265937928262	5.5
0.38640643491730203	5.6000000000000005
0.3685294340774137	5.7
0.34510763774514297	5.800000000000001
0.32319575246749427	5.9
0.30231496910945704	6.0
0.2844608544783169	6.1000000000000005
0.26452694634028423	6.2
0.245852874150107	6.300000000000001
0.22879651415115612	6.4
0.21216752986110984	6.5
0.1921748179381742	6.6000000000000005
0.1739912667017516	6.7
0.159754125430217	6.800000000000001
0.14735608314592585	6.9
0.1344916503157621	7.0
0.1227599357332104	7.1000000000000005
0.1117882156738024	7.2
0.1025056230147951	7.300000000000001
0.09302543627209683	7.4
0.08420785118834656	7.5
0.0766838190189292	7.6000000000000005
0.0698229103563091	7.7
0.06288751120831544	7.800000000000001
0.05682632091340418	7.9
0.05143879705294875	8.0
0.046412432109841764	8.1
0.041643685414549964	8.200000000000001
0.037506472854545087	8.3
0.033700215211924775	8.4
0.030275190353262777	8.5
0.02691182095873807	8.6
0.02407738999846238	8.700000000000001
0.021595818340179693	8.8
0.01922917671316152	8.9
0.01709653085564688	9.0
0.015168064840848691	9.1
0.013561553011844332	9.200000000000001
0.011848415740319845	9.3
0.010583894675577455	9.4
0.009341087966922674	9.5
0.00824039968180791	9.600000000000001
0.007264803979112344	9.700000000000001
0.006312860135093981	9.8
0.005591173506795443	9.9
0.004915161760207295	10.0
0.0042994525795429115	10.100000000000001
0.0037317735914852643	10.200000000000001
0.0032696539049391223	10.3
0.0028413149169925016	10.4
0.0024663147959185132	10.5
0.0021364251515888634	10.600000000000001
0.0018542880284562271	10.700000000000001
0.0016038551875127037	10.8
0.0013792608288111018	10.9
0.0011904307322509085	11.0
0.0010246543072508526	11.100000000000001
0.0008767010474335053	11.200000000000001
0.0007483075162651716	11.3
0.0006426192281230646	11.4
0.000550973457666182	11.5
0.00046821411542494375	11.600000000000001
0.00039740428791846947	11.700000000000001
0.00033763368817356885	11.8
0.00028521203980099157	11.9
0.00024201349538338003	12.0
0.00020335292978437765	12.100000000000001
0.0001707635316934526	12.200000000000001
0.00014356511649503482	12.3
0.00011970356467504189	12.4
9.976420286092934e-05	12.5
8.354909731773527e-05	12.600000000000001
6.905217589688908e-05	12.700000000000001
5.698883746112598e-05	12.8
4.683003466723093e-05	12.9
3.8224386511416316e-05	13.0
3.11403744233981e-05	13.100000000000001
1.8808764377106932e-05	13.200000000000001
1.2065809161317273e-05	13.3
6.7406733028247226e-06	13.4
0.0	13.5
0.0	13.600000000000001
0.0	13.700000000000001
0.0	13.8
0.0	13.9
0.0	14.0
0.0	14.100000000000001
0.0	14.200000000000001
0.0	14.3
0.0	14.4
0.0	14.5
0.0	14.600000000000001
0.0	14.700000000000001
0.0	14.8
0.0	14.9
0.0	15.0
0.0	15.100000000000001
0.0	15.200000000000001
0.0	15.3
0.0	15.4
0.0	15.5
0.0	15.600000000000001
0.0	15.700000000000001
0.0	15.8
0.0	15.9
0.0	16.0
0.0	16.1
0.0	16.2
0.0	16.3
0.0	16.400000000000002
0.0	16.5
0.0	16.6
0.0	16.7
0.0	16.8
0.0	16.900000000000002
0.0	17.0
0.0	17.1
0.0	17.2
0.0	17.3
0.0	17.400000000000002
0.0	17.5
0.0	17.6
0.0	17.7
0.0	17.8
0.0	17.900000000000002
0.0	18.0
0.0	18.1
0.0	18.2
0.0	18.3
0.0	18.400000000000002
0.0	18.5
0.0	18.6
0.0	18.7
0.0	18.8
0.0	18.900000000000002
0.0	19.0
0.0	19.1
