a = 12787.735650040266 м
b = 16011.493405740392 м
x0 = 3454.886553144393 м
vr = 1825.1571432721303 м/с
A0 = 1.912988107212139 м
Xmax = 12989.202322969117 м
sigmaX = 4219.530719338671 м
sigmaY = 4429.432196789522 м
M0 = 3.725749870152463e+20 Н*м - интегральное значение сейсмического момента
Mr_max = 6.8254704046460854e+19 Н*м/с - максимальное значение функции источника
1-ый столбец - отнормированная функция источника
2-ой столбец - время
0.0	0.0
5.974760481379612e-05	0.1
0.008813521841264353	0.2
0.01769190667065864	0.30000000000000004
0.026634284178663536	0.4
0.03554646150720896	0.5
0.04471416882872328	0.6000000000000001
0.054728248561476754	0.7000000000000001
0.06480372031012804	0.8
0.07536852596028089	0.9
0.08683143873982264	1.0
0.09711757595142913	1.1
0.10999829735561707	1.2000000000000002
0.12301029754993825	1.3
0.13701147797739466	1.4000000000000001
0.1514365899208372	1.5
0.16666167739753576	1.6
0.18463831732190786	1.7000000000000002
0.2017844272910914	1.8
0.2173906502119506	1.9000000000000001
0.23873466431558463	2.0
0.25486817154153035	2.1
0.2718736650515953	2.2
0.2981010618034332	2.3000000000000003
0.3189604324446881	2.4000000000000004
0.3428690813011526	2.5
0.36679510410998994	2.6
0.38594717348189234	2.7
0.418797995352873	2.8000000000000003
0.435883587916685	2.9000000000000004
0.46842315433338727	3.0
0.49410466955215226	3.1
0.5205763932731848	3.2
0.5472624652831358	3.3000000000000003
0.5774041722201125	3.4000000000000004
0.5996119821263368	3.5
0.6325640346911932	3.6
0.6596665889320397	3.7
0.6780583400961993	3.8000000000000003
0.7156413125637114	3.9000000000000004
0.7397578491285959	4.0
0.7659640972995035	4.1000000000000005
0.7923529772610588	4.2
0.8000841742188106	4.3
0.8459757922621451	4.4
0.8527271737713753	4.5
0.8698765317578788	4.6000000000000005
0.9013665438133087	4.7
0.9145330540921327	4.800000000000001
0.9244604555448896	4.9
0.9482468988450641	5.0
0.9522080494258012	5.1000000000000005
0.9691023480721004	5.2
0.9782902700107161	5.300000000000001
0.9779884690264281	5.4
0.9930874058866066	5.5
0.9846586364713162	5.6000000000000005
0.9897122492617211	5.7
1.0	5.800000000000001
0.9865107730917504	5.9
0.9850444198391265	6.0
0.9659634015017579	6.1000000000000005
0.9657763438792363	6.2
0.9529360656407211	6.300000000000001
0.9365785102471046	6.4
0.9221759432292271	6.5
0.9092647946167811	6.6000000000000005
0.8920404387040519	6.7
0.8839979516870633	6.800000000000001
0.8568973756846366	6.9
0.8405583110044242	7.0
0.8168652759466375	7.1000000000000005
0.7872379028084556	7.2
0.7636965709800982	7.300000000000001
0.7468894321210329	7.4
0.7224858130555024	7.5
0.6987694688239335	7.6000000000000005
0.6686365482591432	7.7
0.6378028649005746	7.800000000000001
0.6153814798984352	7.9
0.5866496713443938	8.0
0.5611793522351242	8.1
0.5385544213092948	8.200000000000001
0.5073813996164437	8.3
0.4861633688733619	8.4
0.4554949222315539	8.5
0.43073666446085734	8.6
0.40898991071811425	8.700000000000001
0.3817682966038473	8.8
0.35999447902472564	8.9
0.3377606577172595	9.0
0.3166161351856418	9.1
0.2999744221974246	9.200000000000001
0.27889246173134125	9.3
0.2569824332009622	9.4
0.2416213133950002	9.5
0.22274311886254494	9.600000000000001
0.2044860988961706	9.700000000000001
0.18992115632000411	9.8
0.17580138829193342	9.9
0.1615470517846591	10.0
0.14816544269415766	10.100000000000001
0.13645633527172557	10.200000000000001
0.12424653731424458	10.3
0.11397053493286972	10.4
0.10391565023847793	10.5
0.09447248562943729	10.600000000000001
0.08560112355379662	10.700000000000001
0.07750926551501117	10.8
0.07043578338319768	10.9
0.06320446697030635	11.0
0.05707681730465333	11.100000000000001
0.051239846025580675	11.200000000000001
0.04596259621097914	11.3
0.04105464846412775	11.4
0.036609321298853595	11.5
0.03219774712619294	11.600000000000001
0.02853168224565908	11.700000000000001
0.02498513177727182	11.8
0.02149867261349552	11.9
0.018121946169340812	12.0
0.014230081109488297	12.100000000000001
0.006946528907911105	12.200000000000001
0.0	12.3
0.0	12.4
0.0	12.5
0.0	12.600000000000001
0.0	12.700000000000001
0.0	12.8
0.0	12.9
0.0	13.0
0.0	13.100000000000001
0.0	13.200000000000001
0.0	13.3
0.0	13.4
0.0	13.5
0.0	13.600000000000001
0.0	13.700000000000001
0.0	13.8
0.0	13.9
0.0	14.0
0.0	14.100000000000001
0.0	14.200000000000001
0.0	14.3
0.0	14.4
0.0	14.5
0.0	14.600000000000001
0.0	14.700000000000001
0.0	14.8
0.0	14.9
0.0	15.0
0.0	15.100000000000001
0.0	15.200000000000001
0.0	15.3
0.0	15.4
0.0	15.5
0.0	15.600000000000001
0.0	15.700000000000001
0.0	15.8
0.0	15.9
0.0	16.0
0.0	16.1
0.0	16.2
0.0	16.3
0.0	16.400000000000002
0.0	16.5
0.0	16.6
