a = 11614.094282829199 м
b = 10845.378665847871 м
x0 = 9888.408374980416 м
vr = 2350.0711778666505 м/с
A0 = 1.8467509493573078 м
Xmax = 9904.656837280745 м
sigmaX = 4618.002215441353 м
sigmaY = 4134.834594596153 м
M0 = 3.649232254538174e+20 Н*м - интегральное значение сейсмического момента
Mr_max = 1.2687660748514255e+20 Н*м/с - максимальное значение функции источника
1-ый столбец - отнормированная функция источника
2-ой столбец - время
0.0	0.0
0.0005130939113751875	0.1
0.09683187684335479	0.2
0.19026600308714273	0.30000000000000004
0.2845913576563435	0.4
0.37142324539277244	0.5
0.4561251806889954	0.6000000000000001
0.5340788732310988	0.7000000000000001
0.6067044483708808	0.8
0.6763283928623396	0.9
0.7427818662471674	1.0
0.7992663435558243	1.1
0.8535570316691906	1.2000000000000002
0.8907882578230075	1.3
0.9271211265800265	1.4000000000000001
0.9563897948364362	1.5
0.9723627518433965	1.6
0.990122327807854	1.7000000000000002
1.0	1.8
0.990437477173924	1.9000000000000001
0.9929984025127272	2.0
0.9897449076227569	2.1
0.9706835379275276	2.2
0.9509207967705111	2.3000000000000003
0.9279522881604424	2.4000000000000004
0.8948592038579913	2.5
0.8676170027108208	2.6
0.8322701950387569	2.7
0.7946878677410323	2.8000000000000003
0.7579330645951624	2.9000000000000004
0.7226366287044399	3.0
0.6849033664615743	3.1
0.6463866550342817	3.2
0.6038398580457552	3.3000000000000003
0.56616669609145	3.4000000000000004
0.5210963747890656	3.5
0.48349994666600754	3.6
0.448140687540388	3.7
0.4091763498907546	3.8000000000000003
0.3773156854485728	3.9000000000000004
0.3465056450115369	4.0
0.3134236700998127	4.1000000000000005
0.2847774753995473	4.2
0.25645294221598386	4.3
0.15110503788480534	4.4
0.12055258575068316	4.5
0.09862446920473289	4.6000000000000005
0.08204309119467061	4.7
0.06896785788494464	4.800000000000001
0.05707210432714376	4.9
0.04780566717109695	5.0
0.0391263783853831	5.1000000000000005
0.032469752407323416	5.2
0.026005020293841635	5.300000000000001
0.020621753741743028	5.4
0.015923756840439077	5.5
0.011320810949084973	5.6000000000000005
0.00674031621076064	5.7
0.0	5.800000000000001
0.0	5.9
0.0	6.0
0.0	6.1000000000000005
0.0	6.2
0.0	6.300000000000001
0.0	6.4
0.0	6.5
0.0	6.6000000000000005
