a = 13695.359824182733 м
b = 16544.626711846413 м
x0 = 7767.358560882741 м
vr = 2003.806730297121 м/с
A0 = 1.6863759109381884 м
Xmax = 10452.905895187598 м
sigmaX = 4888.4953287372155 м
sigmaY = 4715.743303288509 м
M0 = 4.178142279195791e+20 Н*м - интегральное значение сейсмического момента
Mr_max = 1.0312623516947386e+20 Н*м/с - максимальное значение функции источника
1-ый столбец - отнормированная функция источника
2-ой столбец - время
0.0	0.0
0.00042279197846140483	0.1
0.06844902289062413	0.2
0.13449313501504537	0.30000000000000004
0.20156849924094147	0.4
0.26450411842456106	0.5
0.3300851321899391	0.6000000000000001
0.39232858034358364	0.7000000000000001
0.4497284828312413	0.8
0.5097597213743992	0.9
0.5592251045302209	1.0
0.6120861081256036	1.1
0.6623612716697189	1.2000000000000002
0.7139222676666115	1.3
0.7464131776737295	1.4000000000000001
0.7884512754459235	1.5
0.829544969723566	1.6
0.859118139735604	1.7000000000000002
0.8850033907396481	1.8
0.9184530358389129	1.9000000000000001
0.9349821041661477	2.0
0.9483005302104401	2.1
0.9751311089400847	2.2
0.9807756679292702	2.3000000000000003
0.978261233441714	2.4000000000000004
0.9997743685053261	2.5
1.0	2.6
0.9880824730559963	2.7
0.9848129366493747	2.8000000000000003
0.9857510144484014	2.9000000000000004
0.9693083188848883	3.0
0.9604453126962956	3.1
0.942235092718393	3.2
0.9210524907293908	3.3000000000000003
0.9115431534983782	3.4000000000000004
0.8889451639959968	3.5
0.859038816616939	3.6
0.8427595066496962	3.7
0.8270726748351501	3.8000000000000003
0.7906705056677108	3.9000000000000004
0.7503245143773868	4.0
0.7176821403125168	4.1000000000000005
0.6726345640879655	4.2
0.63950805850541	4.3
0.6123597566234434	4.4
0.584964598705383	4.5
0.5492471612502279	4.6000000000000005
0.5243950137312346	4.7
0.491773900655128	4.800000000000001
0.4633720823257115	4.9
0.44376479790776924	5.0
0.41386856051448495	5.1000000000000005
0.3895234833813293	5.2
0.3669221278706306	5.300000000000001
0.34400823789562907	5.4
0.320715102191597	5.5
0.3034656411201553	5.6000000000000005
0.28179627940402024	5.7
0.2598253538098362	5.800000000000001
0.2440829849330891	5.9
0.22577025923537905	6.0
0.20690255163543333	6.1000000000000005
0.19311698446240483	6.2
0.179149661150773	6.300000000000001
0.16269571291121956	6.4
0.15196045245224596	6.5
0.1387984307175886	6.6000000000000005
0.1263765654733247	6.7
0.1167884110324349	6.800000000000001
0.1060275308224756	6.9
0.09655168054366398	7.0
0.08955401623631326	7.1000000000000005
0.07971496278329959	7.2
0.07188860236034655	7.300000000000001
0.06556385387122461	7.4
0.059326075535526206	7.5
0.053521555042892896	7.6000000000000005
0.048158232327303006	7.7
0.04344062529192463	7.800000000000001
0.038450916660103	7.9
0.03488653701110158	8.0
0.03117434345411083	8.1
0.027640872112271488	8.200000000000001
0.024543602752123278	8.3
0.02181717700957157	8.4
0.01933943705244725	8.5
0.017092264736678835	8.6
0.01507731999574031	8.700000000000001
0.013238763471342133	8.8
0.011697513161186002	8.9
0.010294312567623535	9.0
0.008929386527362432	9.1
0.007807126554059222	9.200000000000001
0.006808879875953595	9.3
0.005856227246881834	9.4
0.005019666693737639	9.5
0.004276220656021155	9.600000000000001
0.0035852507383965066	9.700000000000001
0.00289676773680636	9.8
0.0	9.9
0.0	10.0
0.0	10.100000000000001
0.0	10.200000000000001
0.0	10.3
0.0	10.4
0.0	10.5
0.0	10.600000000000001
0.0	10.700000000000001
0.0	10.8
0.0	10.9
0.0	11.0
0.0	11.100000000000001
0.0	11.200000000000001
0.0	11.3
0.0	11.4
0.0	11.5
0.0	11.600000000000001
0.0	11.700000000000001
0.0	11.8
0.0	11.9
0.0	12.0
0.0	12.100000000000001
0.0	12.200000000000001
0.0	12.3
0.0	12.4
0.0	12.5
0.0	12.600000000000001
0.0	12.700000000000001
0.0	12.8
0.0	12.9
0.0	13.0
0.0	13.100000000000001
0.0	13.200000000000001
0.0	13.3
0.0	13.4
0.0	13.5
0.0	13.600000000000001
