a = 6636.398738278007 м
b = 7132.4561263020105 м
x0 = 2647.526447656626 м
vr = 2194.7764388084106 м/с
A0 = 1.5041355924418431 м
Xmax = 5355.304977351044 м
sigmaX = 4533.072840782788 м
sigmaY = 4008.267811101145 м
M0 = 2.0564944101970936e+20 Н*м - интегральное значение сейсмического момента
Mr_max = 6.995829254095355e+19 Н*м/с - максимальное значение функции источника
1-ый столбец - отнормированная функция источника
2-ой столбец - время
0.0	0.0
0.0005923656014167018	0.1
0.10294420248279589	0.2
0.20294734886370755	0.30000000000000004
0.30790262554438075	0.4
0.4021881319163879	0.5
0.49873543890407157	0.6000000000000001
0.5804651668448042	0.7000000000000001
0.6579154168651582	0.8
0.737660035514332	0.9
0.8163478090962495	1.0
0.8845467531413318	1.1
0.94352738025222	1.2000000000000002
1.0	1.3
0.9313932617294041	1.4000000000000001
0.9312920571261676	1.5
0.9278028332101421	1.6
0.934880954801402	1.7000000000000002
0.9162765927040337	1.8
0.9217465779408581	1.9000000000000001
0.9019093347138195	2.0
0.8935283621693366	2.1
0.8912006633463191	2.2
0.8705349576707423	2.3000000000000003
0.8651257552794818	2.4000000000000004
0.840421267890234	2.5
0.8281281814142066	2.6
0.8027653441123499	2.7
0.782349308463278	2.8000000000000003
0.7485141028173605	2.9000000000000004
0.7210988185232096	3.0
0.6967174852766528	3.1
0.6624257721124324	3.2
0.6246535771127082	3.3000000000000003
0.5969589982591249	3.4000000000000004
0.561054353778062	3.5
0.5347969030184055	3.6
0.49144919624154254	3.7
0.4689625348040481	3.8000000000000003
0.4313038308543577	3.9000000000000004
0.39621265892345836	4.0
0.3681832668654795	4.1000000000000005
0.3346754947049049	4.2
0.2998882034048042	4.3
0.2715037406577245	4.4
0.2401155437730662	4.5
0.20489707252535708	4.6000000000000005
0.1685467385157359	4.7
0.12909942361054985	4.800000000000001
0.06982048415277806	4.9
0.0	5.0
0.0	5.1000000000000005
0.0	5.2
0.0	5.300000000000001
0.0	5.4
0.0	5.5
0.0	5.6000000000000005
0.0	5.7
0.0	5.800000000000001
0.0	5.9
0.0	6.0
0.0	6.1000000000000005
0.0	6.2
