a = 7357.891002239163 м
b = 8283.18744404218 м
x0 = 4429.580322798746 м
vr = 2454.3783901791676 м/с
A0 = 1.0966646694732884 м
Xmax = 9258.754496941952 м
sigmaX = 4259.015091165384 м
sigmaY = 4957.497876851829 м
M0 = 1.7464814279880366e+20 Н*м - интегральное значение сейсмического момента
Mr_max = 5.901842861531821e+19 Н*м/с - максимальное значение функции источника
1-ый столбец - отнормированная функция источника
2-ой столбец - время
0.0	0.0
0.0003597403764890846	0.1
0.07162603262286109	0.2
0.1407088132404632	0.30000000000000004
0.20923936463240203	0.4
0.27581577240407107	0.5
0.34058033647046093	0.6000000000000001
0.40350179949407744	0.7000000000000001
0.4654931273176259	0.8
0.5276267569526256	0.9
0.584869892208893	1.0
0.6350912031664796	1.1
0.69057968210069	1.2000000000000002
0.737118078384176	1.3
0.7880153759704834	1.4000000000000001
0.8339080388543381	1.5
0.8814662143734996	1.6
0.9149983465558789	1.7000000000000002
0.937621472395883	1.8
0.9838314133955001	1.9000000000000001
0.9711192992515796	2.0
0.9819193940436988	2.1
0.9890105194126801	2.2
0.9928470096428625	2.3000000000000003
1.0	2.4000000000000004
0.9965679711305796	2.5
0.9951201884963073	2.6
0.9954491339871461	2.7
0.9780262105267625	2.8000000000000003
0.9648849309501352	2.9000000000000004
0.9376168193469342	3.0
0.9356458207635832	3.1
0.9004920697769111	3.2
0.8601878324952238	3.3000000000000003
0.8290731945951121	3.4000000000000004
0.7928829712972607	3.5
0.75904534980532	3.6
0.7039849582634183	3.7
0.654540098901999	3.8000000000000003
0.5973714330854607	3.9000000000000004
0.5337587788889481	4.0
0.4559456284055456	4.1000000000000005
0.3441959747939561	4.2
0.0	4.3
0.0	4.4
0.0	4.5
0.0	4.6000000000000005
0.0	4.7
0.0	4.800000000000001
0.0	4.9
0.0	5.0
0.0	5.1000000000000005
0.0	5.2
0.0	5.300000000000001
0.0	5.4
0.0	5.5
0.0	5.6000000000000005
0.0	5.7
0.0	5.800000000000001
0.0	5.9
