a = 11971.96794675141 м
b = 15367.108305954318 м
x0 = 1934.6369029833158 м
vr = 1819.636578656911 м/с
A0 = 0.7102025739425211 м
Xmax = 11402.91098976618 м
sigmaX = 4850.554263904849 м
sigmaY = 4496.833377856224 м
M0 = 1.5864752697417948e+20 Н*м - интегральное значение сейсмического момента
Mr_max = 2.603362243533001e+19 Н*м/с - максимальное значение функции источника
1-ый столбец - отнормированная функция источника
2-ой столбец - время
0.0	0.0
0.00011081317142247661	0.1
0.016321434515124682	0.2
0.03216762731830151	0.30000000000000004
0.048137899491455846	0.4
0.06496211274801675	0.5
0.0814004071291802	0.6000000000000001
0.0976635222449031	0.7000000000000001
0.11432527004396015	0.8
0.1321882232970668	0.9
0.14924408444292184	1.0
0.16724519976503777	1.1
0.17744949466115892	1.2000000000000002
0.19296802002245558	1.3
0.20774442527380185	1.4000000000000001
0.224149930559931	1.5
0.24067265748411767	1.6
0.2602373162836327	1.7000000000000002
0.2802694094924652	1.8
0.30085100095319156	1.9000000000000001
0.31945984667651045	2.0
0.342205087213765	2.1
0.36799850571382625	2.2
0.3873023929512693	2.3000000000000003
0.41385871832496657	2.4000000000000004
0.43414649573833913	2.5
0.45946903367231495	2.6
0.4834853683616433	2.7
0.5073490867891621	2.8000000000000003
0.5344857972665221	2.9000000000000004
0.5609587401227368	3.0
0.5835789757117592	3.1
0.6138195092580857	3.2
0.6337661246711653	3.3000000000000003
0.668098399177913	3.4000000000000004
0.6871644992155165	3.5
0.7071907266122263	3.6
0.7389895120315181	3.7
0.7566899956278609	3.8000000000000003
0.7729029801451892	3.9000000000000004
0.7998464222988912	4.0
0.8211167718492527	4.1000000000000005
0.8365671592475867	4.2
0.8713630571187643	4.3
0.8620631324813234	4.4
0.902441767250435	4.5
0.9087210015045772	4.6000000000000005
0.9252875830094105	4.7
0.9417769746117083	4.800000000000001
0.9415316205522243	4.9
0.9552362594122812	5.0
0.9710822363380107	5.1000000000000005
0.9777155102263702	5.2
0.9790891093733569	5.300000000000001
0.9893021458057817	5.4
0.9876038949603332	5.5
0.998518612380311	5.6000000000000005
0.9915590407698558	5.7
1.0	5.800000000000001
0.994551796017349	5.9
0.9850540505707961	6.0
0.9806933040154252	6.1000000000000005
0.9593195237171322	6.2
0.9444606911611464	6.300000000000001
0.9465749900794999	6.4
0.9282664450327313	6.5
0.9287782338603991	6.6000000000000005
0.9072884717376535	6.7
0.8863483033303668	6.800000000000001
0.886191766916072	6.9
0.8579391618264128	7.0
0.8398546959438037	7.1000000000000005
0.8270326663026613	7.2
0.8039962605898449	7.300000000000001
0.7767832473408097	7.4
0.7598406319630177	7.5
0.730323304770271	7.6000000000000005
0.7164567662174662	7.7
0.6946474405919532	7.800000000000001
0.674123359434327	7.9
0.6494711116981506	8.0
0.6274480049913577	8.1
0.6059848347852888	8.200000000000001
0.5845415850220825	8.3
0.5561209989745368	8.4
0.5351373306629534	8.5
0.5117352574971809	8.6
0.487759683194493	8.700000000000001
0.4654602896990927	8.8
0.443526825667943	8.9
0.42143551885600183	9.0
0.3988626312239316	9.1
0.37964794232939064	9.200000000000001
0.36009581174869393	9.3
0.3447070836146409	9.4
0.32448907043876785	9.5
0.3081029635701503	9.600000000000001
0.28684011063009335	9.700000000000001
0.271275784826644	9.8
0.25436065999872626	9.9
0.23858174649522762	10.0
0.22382321119121695	10.100000000000001
0.2080555835264035	10.200000000000001
0.19562448557454656	10.3
0.18193096674767248	10.4
0.17010757531438048	10.5
0.15776723766392203	10.600000000000001
0.14708473590926557	10.700000000000001
0.13569675534896164	10.8
0.12531200939136486	10.9
0.11619203059301711	11.0
0.10725468049921029	11.100000000000001
0.09877594597123006	11.200000000000001
0.09077516142276029	11.3
0.08272790913807462	11.4
0.07581727359281878	11.5
0.0692847346981403	11.600000000000001
0.06279329062356108	11.700000000000001
0.056607674879182654	11.8
0.05022905951466069	11.9
0.04343010460042829	12.0
0.034222742407024866	12.100000000000001
0.0	12.200000000000001
0.0	12.3
0.0	12.4
0.0	12.5
0.0	12.600000000000001
0.0	12.700000000000001
0.0	12.8
0.0	12.9
0.0	13.0
0.0	13.100000000000001
0.0	13.200000000000001
0.0	13.3
0.0	13.4
0.0	13.5
0.0	13.600000000000001
0.0	13.700000000000001
0.0	13.8
0.0	13.9
0.0	14.0
0.0	14.100000000000001
0.0	14.200000000000001
0.0	14.3
0.0	14.4
0.0	14.5
0.0	14.600000000000001
0.0	14.700000000000001
0.0	14.8
0.0	14.9
0.0	15.0
0.0	15.100000000000001
0.0	15.200000000000001
0.0	15.3
0.0	15.4
0.0	15.5
0.0	15.600000000000001
0.0	15.700000000000001
0.0	15.8
0.0	15.9
0.0	16.0
0.0	16.1
0.0	16.2
0.0	16.3
0.0	16.400000000000002
0.0	16.5
0.0	16.6
0.0	16.7
0.0	16.8
