a = 9203.462737670608 м
b = 8551.985685131487 м
x0 = 2137.179691837169 м
vr = 2399.494149103034 м/с
A0 = 1.2271636799580745 м
Xmax = 11207.817568864291 м
sigmaX = 4893.2129900972295 м
sigmaY = 4713.337521684103 м
M0 = 2.313030456786636e+20 Н*м - интегральное значение сейсмического момента
Mr_max = 5.688193625360471e+19 Н*м/с - максимальное значение функции источника
1-ый столбец - отнормированная функция источника
2-ой столбец - время
0.0	0.0
0.000139452476444341	0.1
0.026660301195395114	0.2
0.05345500819108682	0.30000000000000004
0.07977770798898458	0.4
0.10747432860280041	0.5
0.1343688259421128	0.6000000000000001
0.16172926232959142	0.7000000000000001
0.1903777733010937	0.8
0.21919245676975113	0.9
0.24163315026324053	1.0
0.2612653333072818	1.1
0.28104989669698216	1.2000000000000002
0.30983559043071723	1.3
0.341654878625842	1.4000000000000001
0.3666915067361569	1.5
0.40131003299358	1.6
0.4353501337136061	1.7000000000000002
0.4562715880740536	1.8
0.49005790323851245	1.9000000000000001
0.5323606094780489	2.0
0.5652289760230056	2.1
0.5961675662676906	2.2
0.635581362711658	2.3000000000000003
0.6665698362425146	2.4000000000000004
0.6824055159424031	2.5
0.7342949511947611	2.6
0.7569599454543768	2.7
0.7882431929200491	2.8000000000000003
0.8216910632373824	2.9000000000000004
0.8522277189857911	3.0
0.8671502458264527	3.1
0.8987949058153764	3.2
0.9130970480648384	3.3000000000000003
0.9239756953499425	3.4000000000000004
0.9403499438296631	3.5
0.9778264940886144	3.6
0.9796810947449275	3.7
0.9898471552234519	3.8000000000000003
1.0	3.9000000000000004
0.9987495398742563	4.0
0.9961980231375197	4.1000000000000005
0.9866452738869788	4.2
0.9760323082321839	4.3
0.9719703116373557	4.4
0.9714497849767553	4.5
0.9564449192837219	4.6000000000000005
0.9343544496820978	4.7
0.9068928924108003	4.800000000000001
0.9081489857191978	4.9
0.8657965499388526	5.0
0.8316703391308722	5.1000000000000005
0.8188841145679411	5.2
0.779933478735208	5.300000000000001
0.7461409240172955	5.4
0.7141032137882591	5.5
0.6776373578211667	5.6000000000000005
0.6464477217380804	5.7
0.6066768063814709	5.800000000000001
0.5678487732298737	5.9
0.5253587422847872	6.0
0.4862958361745658	6.1000000000000005
0.44154578164449493	6.2
0.4031041239681445	6.300000000000001
0.35777128153136895	6.4
0.3102997946307527	6.5
0.2603881391955013	6.6000000000000005
0.20304950864475288	6.7
0.13312075597026307	6.800000000000001
0.0	6.9
0.0	7.0
0.0	7.1000000000000005
0.0	7.2
0.0	7.300000000000001
0.0	7.4
0.0	7.5
0.0	7.6000000000000005
0.0	7.7
