a = 13826.56681517438 м
b = 15932.930380007572 м
x0 = 5679.991059239032 м
vr = 1591.8991828194326 м/с
A0 = 0.5263395986190312 м
Xmax = 13829.347871165714 м
sigmaX = 4245.502416071282 м
sigmaY = 4450.2111036753 м
M0 = 1.0560067129160106e+20 Н*м - интегральное значение сейсмического момента
Mr_max = 1.7025118159937313e+19 Н*м/с - максимальное значение функции источника
1-ый столбец - отнормированная функция источника
2-ой столбец - время
0.0	0.0
0.00011697342271981153	0.1
0.01488996796498672	0.2
0.02995291243369766	0.30000000000000004
0.04512687842584609	0.4
0.05993450186334912	0.5
0.07554975149772641	0.6000000000000001
0.09059741259561961	0.7000000000000001
0.10688539115897037	0.8
0.12169185210613735	0.9
0.13738817370494494	1.0
0.1575689342801229	1.1
0.17159341861671218	1.2000000000000002
0.1913248016201489	1.3
0.20836773151825175	1.4000000000000001
0.2271562990242749	1.5
0.24720314993009093	1.6
0.26533190138106066	1.7000000000000002
0.2855850723645117	1.8
0.30566729260453157	1.9000000000000001
0.3268180006123086	2.0
0.3496867149516889	2.1
0.37189312540459357	2.2
0.39387732938932823	2.3000000000000003
0.41600460123784583	2.4000000000000004
0.441488692199102	2.5
0.46360754068537174	2.6
0.48632163861166866	2.7
0.5136875777656028	2.8000000000000003
0.5384034513738233	2.9000000000000004
0.5606297035527846	3.0
0.5898356361454014	3.1
0.6071774818349034	3.2
0.6321628289889676	3.3000000000000003
0.6567606621903868	3.4000000000000004
0.6791099473153385	3.5
0.7083815367384422	3.6
0.7322059094211276	3.7
0.7416328981853741	3.8000000000000003
0.7638487209293108	3.9000000000000004
0.7891695483551805	4.0
0.8085821378313746	4.1000000000000005
0.8311934841584844	4.2
0.8515242501282024	4.3
0.8671194127100561	4.4
0.8896459738123695	4.5
0.9018231188230883	4.6000000000000005
0.918828858744229	4.7
0.9219567204418532	4.800000000000001
0.9434806228184262	4.9
0.9508326217710305	5.0
0.9645886200799804	5.1000000000000005
0.9809388034479279	5.2
0.9815997600738078	5.300000000000001
0.9719222093436385	5.4
1.0	5.5
0.9949378101132144	5.6000000000000005
0.9971511922539688	5.7
0.9978436314989165	5.800000000000001
0.9907452830303559	5.9
0.9765273806630105	6.0
0.9825307695956498	6.1000000000000005
0.9772650681150286	6.2
0.9601900413311114	6.300000000000001
0.9510815146634033	6.4
0.9494329129160926	6.5
0.9365093314932913	6.6000000000000005
0.9270041498981754	6.7
0.9233031055798085	6.800000000000001
0.8900891762520895	6.9
0.8757704887210402	7.0
0.8583611566130224	7.1000000000000005
0.8404496358853198	7.2
0.8207974109422007	7.300000000000001
0.8038883304847053	7.4
0.7761574220861979	7.5
0.755385790493747	7.6000000000000005
0.7353826856780283	7.7
0.7103657731661606	7.800000000000001
0.6903412644213969	7.9
0.6644666692680695	8.0
0.6437678385492227	8.1
0.6276432830148455	8.200000000000001
0.5960837919304575	8.3
0.5766397306894513	8.4
0.5583277036740115	8.5
0.5268445109374361	8.6
0.5079142534326047	8.700000000000001
0.4865999804756072	8.8
0.4649781612486971	8.9
0.44225601573470724	9.0
0.4197887036421778	9.1
0.39989346294840333	9.200000000000001
0.38252497592019646	9.3
0.35986815461391397	9.4
0.33763167975011965	9.5
0.32102455103321376	9.600000000000001
0.30279296157803454	9.700000000000001
0.2870525408337907	9.8
0.2671709289717353	9.9
0.25185653257645724	10.0
0.23680162439320557	10.100000000000001
0.22451499499292446	10.200000000000001
0.2077288351181873	10.3
0.19451577105915901	10.4
0.18179265910020243	10.5
0.16895994823139365	10.600000000000001
0.15641661806651863	10.700000000000001
0.1453589845425705	10.8
0.13550922382936575	10.9
0.1243184851707506	11.0
0.11521675424366519	11.100000000000001
0.10607636053170097	11.200000000000001
0.09857677496551921	11.3
0.09023003401866823	11.4
0.08263574874645863	11.5
0.07572933123387711	11.600000000000001
0.06973463056236698	11.700000000000001
0.0632766141509065	11.8
0.05782767891478231	11.9
0.05287331849115197	12.0
0.04787598556512692	12.100000000000001
0.04367175326876992	12.200000000000001
0.03950032003129521	12.3
0.03593556958455573	12.4
0.03231114662375976	12.5
0.02913690143271298	12.600000000000001
0.02620509026960747	12.700000000000001
0.02349693610083234	12.8
0.021009739333288334	12.9
0.01876896061145817	13.0
0.0166504223675839	13.100000000000001
0.014814223521956382	13.200000000000001
0.012945449114520217	13.3
0.01122607083645861	13.4
0.009611875598690296	13.5
0.00801346641662773	13.600000000000001
0.0063744324020020456	13.700000000000001
0.004484243899693295	13.8
0.0009582383388362345	13.9
0.0	14.0
0.0	14.100000000000001
0.0	14.200000000000001
0.0	14.3
0.0	14.4
0.0	14.5
0.0	14.600000000000001
0.0	14.700000000000001
0.0	14.8
0.0	14.9
0.0	15.0
0.0	15.100000000000001
0.0	15.200000000000001
0.0	15.3
0.0	15.4
0.0	15.5
0.0	15.600000000000001
0.0	15.700000000000001
0.0	15.8
0.0	15.9
0.0	16.0
0.0	16.1
0.0	16.2
0.0	16.3
0.0	16.400000000000002
0.0	16.5
0.0	16.6
0.0	16.7
0.0	16.8
0.0	16.900000000000002
0.0	17.0
0.0	17.1
0.0	17.2
0.0	17.3
0.0	17.400000000000002
