a = 8005.142475381088 м
b = 8472.510396266134 м
x0 = 2298.006656086907 м
vr = 2475.5166524785964 м/с
A0 = 0.8710045363534782 м
Xmax = 8738.462349575819 м
sigmaX = 4252.196664318388 м
sigmaY = 4294.575130417888 м
M0 = 1.388993539958141e+20 Н*м - интегральное значение сейсмического момента
Mr_max = 3.9918794801504264e+19 Н*м/с - максимальное значение функции источника
1-ый столбец - отнормированная функция источника
2-ой столбец - время
0.0	0.0
0.0002574883753600175	0.1
0.0513034724926841	0.2
0.10132971203027909	0.30000000000000004
0.15141999474615925	0.4
0.20095927813000092	0.5
0.25053023580263223	0.6000000000000001
0.30291594560640805	0.7000000000000001
0.3542051707277578	0.8
0.4010517730718311	0.9
0.4507342644731752	1.0
0.47386197012311265	1.1
0.5062096240022778	1.2000000000000002
0.5492592595804411	1.3
0.5896133487392247	1.4000000000000001
0.6239821883765955	1.5
0.6635413503065893	1.6
0.7064029563948435	1.7000000000000002
0.7543838493372975	1.8
0.7759598437481476	1.9000000000000001
0.8221657483203612	2.0
0.8503608034131628	2.1
0.87180020161588	2.2
0.9014498662546716	2.3000000000000003
0.9418208389885162	2.4000000000000004
0.9454212051795791	2.5
0.9774044222303613	2.6
0.9870501001811267	2.7
0.987085214394186	2.8000000000000003
0.9961288911904408	2.9000000000000004
0.9959602552531649	3.0
1.0	3.1
0.988494492330733	3.2
0.9811769211753779	3.3000000000000003
0.9737795470248396	3.4000000000000004
0.9449924826744704	3.5
0.9182825275821782	3.6
0.9006056675156773	3.7
0.8788260571054732	3.8000000000000003
0.8453588311283147	3.9000000000000004
0.8104893817559464	4.0
0.7727415605731214	4.1000000000000005
0.7398061697361917	4.2
0.7036202087322224	4.3
0.6553137447780926	4.4
0.6173980360279278	4.5
0.5783538362353127	4.6000000000000005
0.5361947677725942	4.7
0.4923136194434591	4.800000000000001
0.44960290557339494	4.9
0.40511091201335103	5.0
0.36077020996576514	5.1000000000000005
0.316188085651525	5.2
0.26971469432442896	5.300000000000001
0.22133902529514743	5.4
0.16398021304573987	5.5
0.08645467052691669	5.6000000000000005
0.0	5.7
0.0	5.800000000000001
0.0	5.9
0.0	6.0
0.0	6.1000000000000005
0.0	6.2
0.0	6.300000000000001
0.0	6.4
0.0	6.5
0.0	6.6000000000000005
0.0	6.7
0.0	6.800000000000001
0.0	6.9
