a = 15427.244834475372 м
b = 17699.038182393724 м
x0 = 8953.307692681397 м
vr = 1915.21822141675 м/с
A0 = 1.0981387848932533 м
Xmax = 17784.352447529 м
sigmaX = 4702.530918671532 м
sigmaY = 4558.800683040636 м
M0 = 2.4730383839050357e+20 Н*м - интегральное значение сейсмического момента
Mr_max = 4.3537350331483824e+19 Н*м/с - максимальное значение функции источника
1-ый столбец - отнормированная функция источника
2-ой столбец - время
0.0	0.0
0.0001243364826158453	0.1
0.01917100211390407	0.2
0.03778381035090692	0.30000000000000004
0.05754528519303508	0.4
0.0761909958253609	0.5
0.09621257389660583	0.6000000000000001
0.11585519932625335	0.7000000000000001
0.13556250063891634	0.8
0.1547634738983721	0.9
0.17539485351397058	1.0
0.19804680309841008	1.1
0.2198941319084595	1.2000000000000002
0.2415906813881461	1.3
0.26357371347954334	1.4000000000000001
0.28624781130386573	1.5
0.3100482550784044	1.6
0.33419238491468084	1.7000000000000002
0.3599993866229337	1.8
0.38236233226582944	1.9000000000000001
0.4081505089365546	2.0
0.4359822201166817	2.1
0.4640350627758643	2.2
0.4906587896020086	2.3000000000000003
0.5158144796532113	2.4000000000000004
0.540962128335077	2.5
0.5690769839289329	2.6
0.5917552269667904	2.7
0.6249822229123944	2.8000000000000003
0.6500239859901412	2.9000000000000004
0.672715093158401	3.0
0.7023783662031414	3.1
0.7226618466414305	3.2
0.7449765639086171	3.3000000000000003
0.7793587593592218	3.4000000000000004
0.8007938011211703	3.5
0.8217709697455426	3.6
0.8438418074878382	3.7
0.8622199004945975	3.8000000000000003
0.8839212367930004	3.9000000000000004
0.8994381480227267	4.0
0.9215378871773551	4.1000000000000005
0.9321869004585749	4.2
0.9462624936207032	4.3
0.9599155866683788	4.4
0.975293581274244	4.5
0.9837700650202964	4.6000000000000005
0.9928643878344875	4.7
0.9887255439851719	4.800000000000001
1.0	4.9
0.9915721820691685	5.0
0.9899573980530564	5.1000000000000005
0.9978527637944753	5.2
0.9907551381555404	5.300000000000001
0.9840294233531447	5.4
0.9797408271558705	5.5
0.9635008474859966	5.6000000000000005
0.9566201970583398	5.7
0.9489596515409048	5.800000000000001
0.9340919296130408	5.9
0.9285259670802443	6.0
0.904630404454255	6.1000000000000005
0.881647995532148	6.2
0.8642117679284242	6.300000000000001
0.8428436308710991	6.4
0.8316815113566239	6.5
0.8129833346841239	6.6000000000000005
0.7834756369340017	6.7
0.7609408004718142	6.800000000000001
0.741439626662826	6.9
0.7095618515199984	7.0
0.6833856440045718	7.1000000000000005
0.6609474389866474	7.2
0.6377050380656488	7.300000000000001
0.6172265146525053	7.4
0.5873444735638569	7.5
0.5646696056709591	7.6000000000000005
0.5398900304009826	7.7
0.511933173915042	7.800000000000001
0.4846792687605055	7.9
0.4651203163038558	8.0
0.44054000350053535	8.1
0.4193922626665079	8.200000000000001
0.39394356636038624	8.3
0.36991884233495576	8.4
0.3527124354374415	8.5
0.3283545253292788	8.6
0.3136289717112709	8.700000000000001
0.2916910619930934	8.8
0.2725967570684222	8.9
0.25632595655658486	9.0
0.23639772609174303	9.1
0.22115819090398048	9.200000000000001
0.20617314941081774	9.3
0.19199030438279296	9.4
0.1774187534086354	9.5
0.16376908406031226	9.600000000000001
0.1513149712180302	9.700000000000001
0.13971740770988128	9.8
0.12828284609063326	9.9
0.11778458512538069	10.0
0.10810866786893132	10.100000000000001
0.09849664479284709	10.200000000000001
0.09015854632061261	10.3
0.08266405813007581	10.4
0.07476878312920447	10.5
0.06809751386884748	10.600000000000001
0.06173305180808587	10.700000000000001
0.05579940024017158	10.8
0.05050541657572876	10.9
0.045335955982157845	11.0
0.040549605906812565	11.100000000000001
0.03620923722870329	11.200000000000001
0.03146607266531801	11.3
0.026379221522573666	11.4
0.016742661099158163	11.5
0.0	11.600000000000001
0.0	11.700000000000001
0.0	11.8
0.0	11.9
0.0	12.0
0.0	12.100000000000001
0.0	12.200000000000001
0.0	12.3
0.0	12.4
0.0	12.5
0.0	12.600000000000001
0.0	12.700000000000001
0.0	12.8
0.0	12.9
0.0	13.0
0.0	13.100000000000001
0.0	13.200000000000001
0.0	13.3
0.0	13.4
0.0	13.5
0.0	13.600000000000001
0.0	13.700000000000001
0.0	13.8
0.0	13.9
0.0	14.0
0.0	14.100000000000001
0.0	14.200000000000001
0.0	14.3
0.0	14.4
0.0	14.5
0.0	14.600000000000001
0.0	14.700000000000001
0.0	14.8
