a = 9417.951077876385 м
b = 8215.96944001937 м
x0 = 6295.53474176513 м
vr = 2082.394200242578 м/с
A0 = 0.774198736855615 м
Xmax = 6809.344262746649 м
sigmaX = 4164.356763964615 м
sigmaY = 4351.575937282845 м
M0 = 1.280448458657387e+20 Н*м - интегральное значение сейсмического момента
Mr_max = 4.570463449111165e+19 Н*м/с - максимальное значение функции источника
1-ый столбец - отнормированная функция источника
2-ой столбец - время
0.0	0.0
0.0005251676121008945	0.1
0.08654503506141983	0.2
0.17249199889628758	0.30000000000000004
0.2582112558633525	0.4
0.3405682279930889	0.5
0.4200414792477707	0.6000000000000001
0.490475808085707	0.7000000000000001
0.5622251712371443	0.8
0.6306584186534594	0.9
0.6864676686135396	1.0
0.7427713402975452	1.1
0.7942615416951755	1.2000000000000002
0.8421632432417084	1.3
0.8897904968186776	1.4000000000000001
0.9150415444952706	1.5
0.9445137560590012	1.6
0.9593445061382552	1.7000000000000002
0.9761352537448005	1.8
0.9876469466598065	1.9000000000000001
0.9987794159529969	2.0
0.996421303129289	2.1
1.0	2.2
0.9883812279918563	2.3000000000000003
0.9664115611845348	2.4000000000000004
0.9534121482597173	2.5
0.9328227518996208	2.6
0.9058124786273757	2.7
0.8832481545719584	2.8000000000000003
0.8522449661798835	2.9000000000000004
0.8191092778785835	3.0
0.7857942503936419	3.1
0.6346406857073605	3.2
0.5504177545979174	3.3000000000000003
0.4858732769272391	3.4000000000000004
0.43652550590472494	3.5
0.3931788196937236	3.6
0.3503968920699082	3.7
0.3094285833459378	3.8000000000000003
0.2763098513915083	3.9000000000000004
0.24820511228989697	4.0
0.2187874249923372	4.1000000000000005
0.1923722404590369	4.2
0.17091033336442882	4.3
0.1515252796837389	4.4
0.13291185169418898	4.5
0.1140696154319976	4.6000000000000005
0.0985433739328316	4.7
0.08446044447847449	4.800000000000001
0.07211289148430527	4.9
0.06130592330619342	5.0
0.051876025493499144	5.1000000000000005
0.043922623567827467	5.2
0.03650124395753019	5.300000000000001
0.030433839409749343	5.4
0.02441109520445748	5.5
0.02001390449909939	5.6000000000000005
0.01570275931255149	5.7
0.011983655251131693	5.800000000000001
0.008756473292445072	5.9
0.005672521599265526	6.0
0.002158328309940793	6.1000000000000005
0.0	6.2
0.0	6.300000000000001
0.0	6.4
0.0	6.5
0.0	6.6000000000000005
0.0	6.7
0.0	6.800000000000001
0.0	6.9
0.0	7.0
