a = 15329.503975223266 м
b = 14671.256101052033 м
x0 = 15163.31901826471 м
vr = 1715.8088559604867 м/с
A0 = 1.7832278066335148 м
Xmax = 15246.508742060329 м
sigmaX = 4605.27639818052 м
sigmaY = 4644.1758823438395 м
M0 = 4.1287274340145784e+20 Н*м - интегральное значение сейсмического момента
Mr_max = 9.541611799860892e+19 Н*м/с - максимальное значение функции источника
1-ый столбец - отнормированная функция источника
2-ой столбец - время
0.0	0.0
0.0004809248588067029	0.1
0.06536025666203502	0.2
0.13092989094313137	0.30000000000000004
0.1959555218178174	0.4
0.25969838639599896	0.5
0.32001437733904425	0.6000000000000001
0.3809354203269983	0.7000000000000001
0.43751520944160077	0.8
0.4951349228024726	0.9
0.5503092792300187	1.0
0.5979223724597666	1.1
0.6463987503866646	1.2000000000000002
0.6919643943349132	1.3
0.7349866363782342	1.4000000000000001
0.7785579580756047	1.5
0.815867637963671	1.6
0.8429994773898681	1.7000000000000002
0.8840217421965683	1.8
0.9033150267022051	1.9000000000000001
0.930482364080625	2.0
0.9460062597098722	2.1
0.9594564933405632	2.2
0.9721676174555415	2.3000000000000003
0.9902157754591135	2.4000000000000004
0.9891673521787343	2.5
0.9996985470710053	2.6
1.0	2.7
0.9920856219082642	2.8000000000000003
0.99006160181186	2.9000000000000004
0.9874909609257055	3.0
0.9815335250097281	3.1
0.9644576654514609	3.2
0.9469440565502681	3.3000000000000003
0.9377443117068242	3.4000000000000004
0.920208587732005	3.5
0.9016203798462825	3.6
0.8745219917660602	3.7
0.8551042807300369	3.8000000000000003
0.8333828692453785	3.9000000000000004
0.8013797829996493	4.0
0.7843313157259643	4.1000000000000005
0.7518125283788406	4.2
0.726207032719075	4.3
0.6995711272680718	4.4
0.6730072299269866	4.5
0.643836570280161	4.6000000000000005
0.6162033381970493	4.7
0.5922097632172991	4.800000000000001
0.564530918479414	4.9
0.5381114605714845	5.0
0.5071701280203437	5.1000000000000005
0.48284332769296534	5.2
0.45602816283931363	5.300000000000001
0.43255640367025855	5.4
0.4069808382340548	5.5
0.38505455469283195	5.6000000000000005
0.35880428977622025	5.7
0.33919122893752757	5.800000000000001
0.31699241156475816	5.9
0.29755638235846077	6.0
0.2767147561776393	6.1000000000000005
0.2583790229428055	6.2
0.23993213365088167	6.300000000000001
0.22272423502011132	6.4
0.20815676298634264	6.5
0.1916362647182457	6.6000000000000005
0.1777776458586686	6.7
0.16463425876566	6.800000000000001
0.15131610575224075	6.9
0.13874915297165366	7.0
0.12740153375523866	7.1000000000000005
0.1169792334865893	7.2
0.10743252225819297	7.300000000000001
0.09810941455868949	7.4
0.08984326230614469	7.5
0.08178219775694662	7.6000000000000005
0.07455444271342754	7.7
0.06736785478105858	7.800000000000001
0.06145322821501884	7.9
0.055556427801670284	8.0
0.05018940720932944	8.1
0.045473376503015916	8.200000000000001
0.0409120701720808	8.3
0.03678847343708529	8.4
0.033164293647332505	8.5
0.02970782040529434	8.6
0.019567158735666165	8.700000000000001
0.01271299346599884	8.8
0.007594184208698481	8.9
0.003523003404832509	9.0
0.0015241946840151763	9.1
0.0	9.200000000000001
0.0	9.3
0.0	9.4
0.0	9.5
0.0	9.600000000000001
0.0	9.700000000000001
0.0	9.8
0.0	9.9
0.0	10.0
