a = 5309.217445865179 м
b = 3343.8937891993264 м
x0 = 1219.466544023843 м
vr = 2100.898653969215 м/с
A0 = 1.5341701107813799 м
Xmax = 6897.401852765562 м
sigmaX = 4190.688692286973 м
sigmaY = 4938.571827408043 м
M0 = 1.0649542345923535e+20 Н*м - интегральное значение сейсмического момента
Mr_max = 3.471936715738817e+19 Н*м/с - максимальное значение функции источника
1-ый столбец - отнормированная функция источника
2-ой столбец - время
0.0	0.0
0.0005562219258339687	0.1
0.09462878888890425	0.2
0.18640440423916138	0.30000000000000004
0.27841384557369925	0.4
0.3691693023233822	0.5
0.4565060629044406	0.6000000000000001
0.5070393627479882	0.7000000000000001
0.5195512599999192	0.8
0.5443237100066821	0.9
0.5918087555827436	1.0
0.6229042852468311	1.1
0.6775774911952143	1.2000000000000002
0.7193957387224001	1.3
0.7559304088911567	1.4000000000000001
0.8004298889621141	1.5
0.813188150132801	1.6
0.8738196384591912	1.7000000000000002
0.8830320233928963	1.8
0.9205010247798304	1.9000000000000001
0.932032993163309	2.0
0.9494530708519859	2.1
0.9909373580540969	2.2
0.9710901419325215	2.3000000000000003
0.997073497516965	2.4000000000000004
0.9978222988725178	2.5
1.0	2.6
0.9864908128402556	2.7
0.9745203014094861	2.8000000000000003
0.9708269792441001	2.9000000000000004
0.9538086427617481	3.0
0.9152124954180173	3.1
0.8941921760376936	3.2
0.8668119146823331	3.3000000000000003
0.8434824017491037	3.4000000000000004
0.7892429373109431	3.5
0.7617463581745436	3.6
0.7084485584804758	3.7
0.6558875230937281	3.8000000000000003
0.6045624399594504	3.9000000000000004
0.5511819629850827	4.0
0.49108844801450463	4.1000000000000005
0.43159410800794185	4.2
0.36172491561304304	4.3
0.28000421320878366	4.4
0.17878717370845848	4.5
0.0	4.6000000000000005
0.0	4.7
0.0	4.800000000000001
0.0	4.9
0.0	5.0
0.0	5.1000000000000005
0.0	5.2
0.0	5.300000000000001
0.0	5.4
