a = 11270.145784745317 м
b = 12236.292774420825 м
x0 = 10355.252689322064 м
vr = 1623.4145314823731 м/с
A0 = 1.0282269278476537 м
Xmax = 11131.842320840418 м
sigmaX = 4067.1481902782357 м
sigmaY = 4105.763911907837 м
M0 = 1.8179062823718207e+20 Н*м - интегральное значение сейсмического момента
Mr_max = 4.552668100154498e+19 Н*м/с - максимальное значение функции источника
1-ый столбец - отнормированная функция источника
2-ой столбец - время
0.0	0.0
0.0005401610010076695	0.1
0.07070135096631656	0.2
0.13892544647238933	0.30000000000000004
0.20917470330490992	0.4
0.2731933174091062	0.5
0.34006687118283796	0.6000000000000001
0.40179993642678113	0.7000000000000001
0.4628777290068549	0.8
0.5221258987913293	0.9
0.5757337713209203	1.0
0.6275593899249583	1.1
0.6793332165933733	1.2000000000000002
0.7160980116412256	1.3
0.7693927229784544	1.4000000000000001
0.8101546171220344	1.5
0.8372936843338177	1.6
0.8756580576332178	1.7000000000000002
0.9007166688352942	1.8
0.922452651890396	1.9000000000000001
0.9489747385053159	2.0
0.9579580514299596	2.1
0.9765009970631318	2.2
0.9798911326797891	2.3000000000000003
0.9826428518320006	2.4000000000000004
0.9853269945614345	2.5
0.9824851524617702	2.6
1.0	2.7
0.9775755572626796	2.8000000000000003
0.9812634546522787	2.9000000000000004
0.9646059980232283	3.0
0.9419235711926498	3.1
0.9271577609515098	3.2
0.907687151747311	3.3000000000000003
0.8843091726816463	3.4000000000000004
0.8627259994009301	3.5
0.8373363877207161	3.6
0.8062862680158169	3.7
0.7881776294650904	3.8000000000000003
0.7602770314301912	3.9000000000000004
0.7364747460077277	4.0
0.702180209958989	4.1000000000000005
0.6810593514612954	4.2
0.6435927561298163	4.3
0.617870122791336	4.4
0.5907858989879087	4.5
0.5549541157194419	4.6000000000000005
0.5281735525078425	4.7
0.5009265714796237	4.800000000000001
0.4731041083930631	4.9
0.4477985181716426	5.0
0.4202089462154176	5.1000000000000005
0.39762151129593404	5.2
0.3711383189184792	5.300000000000001
0.3492229879625959	5.4
0.3290649516764144	5.5
0.2993487444865853	5.6000000000000005
0.28414882789768353	5.7
0.25961369877827317	5.800000000000001
0.24083947103993458	5.9
0.22271088546188464	6.0
0.2051819126917758	6.1000000000000005
0.19023369707917204	6.2
0.17587985540777637	6.300000000000001
0.16111632262515505	6.4
0.14395344449911396	6.5
0.12487722115514903	6.6000000000000005
0.11099010724966711	6.7
0.09849141697382557	6.800000000000001
0.08755106176250119	6.9
0.0777098460144934	7.0
0.06840070292200236	7.1000000000000005
0.06044439122009173	7.2
0.05298066817574999	7.300000000000001
0.046325497348838854	7.4
0.0400661462256329	7.5
0.03402177579235419	7.6000000000000005
0.014602645987479722	7.7
0.0	7.800000000000001
0.0	7.9
0.0	8.0
0.0	8.1
0.0	8.200000000000001
0.0	8.3
0.0	8.4
0.0	8.5
0.0	8.6
0.0	8.700000000000001
0.0	8.8
0.0	8.9
0.0	9.0
0.0	9.1
0.0	9.200000000000001
0.0	9.3
0.0	9.4
0.0	9.5
0.0	9.600000000000001
