a = 15268.749175645164 м
b = 10973.559302818265 м
x0 = 7569.810943300499 м
vr = 2335.259655883371 м/с
A0 = 0.9920552194928447 м
Xmax = 17718.54600664325 м
sigmaX = 4571.403257337024 м
sigmaY = 4884.73317476572 м
M0 = 2.220353370996821e+20 Н*м - интегральное значение сейсмического момента
Mr_max = 4.937582695985287e+19 Н*м/с - максимальное значение функции источника
1-ый столбец - отнормированная функция источника
2-ой столбец - время
0.0	0.0
5.9876023002896436e-05	0.1
0.01123906404245631	0.2
0.022429843217313224	0.30000000000000004
0.03407130828540772	0.4
0.04572259627449161	0.5
0.057963349098094974	0.6000000000000001
0.07080356603301544	0.7000000000000001
0.08448740609579324	0.8
0.09813990020852656	0.9
0.1140004430810984	1.0
0.1302803829952639	1.1
0.14813704937419447	1.2000000000000002
0.16526095700515547	1.3
0.18428284179425308	1.4000000000000001
0.2045085754228237	1.5
0.22825553156738562	1.6
0.2504937442842635	1.7000000000000002
0.27802338290054607	1.8
0.3019330510095973	1.9000000000000001
0.3266932721053898	2.0
0.35294633387008506	2.1
0.3791513778330248	2.2
0.4097676995771619	2.3000000000000003
0.4422101784765721	2.4000000000000004
0.47584051169617814	2.5
0.5073668824891937	2.6
0.5395436906375234	2.7
0.5790588344764814	2.8000000000000003
0.6027249053024683	2.9000000000000004
0.637932615177295	3.0
0.6717206956027487	3.1
0.7038302016796744	3.2
0.739079014610468	3.3000000000000003
0.7710734936849181	3.4000000000000004
0.7974756428956912	3.5
0.8196473119063181	3.6
0.8493377790306416	3.7
0.8731082032286493	3.8000000000000003
0.8979058343042955	3.9000000000000004
0.911877661002877	4.0
0.9315101757658062	4.1000000000000005
0.9539987480069587	4.2
0.957576090357857	4.3
0.974360013602536	4.4
0.9718092239212724	4.5
0.9875902191652773	4.6000000000000005
0.9903019935883252	4.7
1.0	4.800000000000001
0.9810539433054992	4.9
0.9814449096518866	5.0
0.986576775991193	5.1000000000000005
0.9604886870924504	5.2
0.9518839903340617	5.300000000000001
0.9300919703519085	5.4
0.9135754002232511	5.5
0.888698503285281	5.6000000000000005
0.8611727953763485	5.7
0.8470110603863301	5.800000000000001
0.8095945282303655	5.9
0.7903400277223281	6.0
0.7592055562893141	6.1000000000000005
0.7215762590591924	6.2
0.6917161943356164	6.300000000000001
0.6618182249764989	6.4
0.6253206638189673	6.5
0.5943044260837291	6.6000000000000005
0.5649642452489276	6.7
0.5301911120245933	6.800000000000001
0.5001341460489894	6.9
0.4656655902073008	7.0
0.4407940027578828	7.1000000000000005
0.40392642117844874	7.2
0.3793884609166999	7.300000000000001
0.34676379643056665	7.4
0.3189254106004099	7.5
0.29283884280104194	7.6000000000000005
0.26812645422617176	7.7
0.2449741643799941	7.800000000000001
0.2234477402801815	7.9
0.20068914004692073	8.0
0.181007487293011	8.1
0.1623106262636008	8.200000000000001
0.14507011394221161	8.3
0.12975539237781178	8.4
0.11501896374242523	8.5
0.10137825914859587	8.6
0.08845286424906748	8.700000000000001
0.0774876630249301	8.8
0.06690521711173932	8.9
0.05741928119977852	9.0
0.04918656924163875	9.1
0.04177129726006304	9.200000000000001
0.03451171268189892	9.3
0.028505794139334895	9.4
0.02296943099871831	9.5
0.01791200773377329	9.600000000000001
0.013376932058587768	9.700000000000001
0.009031657554496694	9.8
0.004122854850246241	9.9
0.0	10.0
0.0	10.100000000000001
0.0	10.200000000000001
0.0	10.3
0.0	10.4
0.0	10.5
0.0	10.600000000000001
0.0	10.700000000000001
0.0	10.8
