a = 6067.562107125789 м
b = 4791.116276570801 м
x0 = 959.4540279126996 м
vr = 1808.3820709754832 м/с
A0 = 1.9058590692357553 м
Xmax = 5930.924082535864 м
sigmaX = 4859.868120833711 м
sigmaY = 4648.298967539636 м
M0 = 2.1385651795915e+20 Н*м - интегральное значение сейсмического момента
Mr_max = 5.188735709666192e+19 Н*м/с - максимальное значение функции источника
1-ый столбец - отнормированная функция источника
2-ой столбец - время
0.0	0.0
0.0005905078946820032	0.1
0.0856626908028382	0.2
0.1699616508345896	0.30000000000000004
0.2509039123451536	0.4
0.3328291221076433	0.5
0.41850824533187386	0.6000000000000001
0.4210712543103337	0.7000000000000001
0.4539579280454511	0.8
0.4821064778843494	0.9
0.5196788233569062	1.0
0.5576156111000491	1.1
0.5941383534034201	1.2000000000000002
0.631164801837446	1.3
0.6644244177424499	1.4000000000000001
0.6970547096471059	1.5
0.7330784475416962	1.6
0.7708303766326541	1.7000000000000002
0.8122022279954391	1.8
0.8348007211777982	1.9000000000000001
0.8655071426771465	2.0
0.8866212537989564	2.1
0.8896373612229536	2.2
0.9227135569410786	2.3000000000000003
0.938943639999528	2.4000000000000004
0.961398615040616	2.5
0.9797757510182368	2.6
0.9853037167890007	2.7
0.9924329820816975	2.8000000000000003
0.9752208104856931	2.9000000000000004
0.9920726337114489	3.0
0.9912393805184576	3.1
0.9939970145005644	3.2
1.0	3.3000000000000003
0.9789114603679232	3.4000000000000004
0.965580073335773	3.5
0.9469110288407384	3.6
0.9315695426010376	3.7
0.9228272162852612	3.8000000000000003
0.9047263442252598	3.9000000000000004
0.8802727790250915	4.0
0.8730622734578293	4.1000000000000005
0.851637874620231	4.2
0.8155770426654901	4.3
0.791217543813708	4.4
0.7624561485084916	4.5
0.7451502185203702	4.6000000000000005
0.7123939394935366	4.7
0.6705758078882531	4.800000000000001
0.6399962693249225	4.9
0.6056816679020008	5.0
0.5798787885720224	5.1000000000000005
0.5389374735205077	5.2
0.5065093168875161	5.300000000000001
0.472181105236624	5.4
0.4336499876931252	5.5
0.40041817979542527	5.6000000000000005
0.3586672629026989	5.7
0.31698728538951304	5.800000000000001
0.27572566500639667	5.9
0.2303491577486768	6.0
0.18091846023808317	6.1000000000000005
0.11732089178455125	6.2
0.0	6.300000000000001
0.0	6.4
0.0	6.5
0.0	6.6000000000000005
0.0	6.7
0.0	6.800000000000001
0.0	6.9
0.0	7.0
0.0	7.1000000000000005
