a = 12333.114573971612 м
b = 9672.70671540927 м
x0 = 3322.488139242404 м
vr = 2037.1895387851769 м/с
A0 = 0.5827577243907326 м
Xmax = 13091.357709980066 м
sigmaX = 4492.285865794672 м
sigmaY = 4072.658531068291 м
M0 = 1.0662014650505454e+20 Н*м - интегральное значение сейсмического момента
Mr_max = 2.088955036718815e+19 Н*м/с - максимальное значение функции источника
1-ый столбец - отнормированная функция источника
2-ой столбец - время
0.0	0.0
8.02337142355377e-05	0.1
0.013036863043420707	0.2
0.02614576636666272	0.30000000000000004
0.03923806513714608	0.4
0.05341923780070391	0.5
0.06653604772879607	0.6000000000000001
0.08115405000485823	0.7000000000000001
0.09656223874441294	0.8
0.11144786405431598	0.9
0.12584318744895895	1.0
0.14389382464739503	1.1
0.16102252609002693	1.2000000000000002
0.18037301669094075	1.3
0.20007572508131422	1.4000000000000001
0.2171261358652952	1.5
0.23853859441021116	1.6
0.2600264927266579	1.7000000000000002
0.28220016814448906	1.8
0.3020428266816458	1.9000000000000001
0.32660997796713603	2.0
0.3487436074219299	2.1
0.37338324603780687	2.2
0.3994843968006374	2.3000000000000003
0.4309014172592666	2.4000000000000004
0.4568873816039479	2.5
0.4822729796495402	2.6
0.5149560981428125	2.7
0.5445530002919395	2.8000000000000003
0.5684077831469693	2.9000000000000004
0.5992291134321448	3.0
0.6301785168471103	3.1
0.6621979876157392	3.2
0.6944209125637041	3.3000000000000003
0.7138718009576561	3.4000000000000004
0.7382936867592437	3.5
0.7677011709548567	3.6
0.8066928152959554	3.7
0.8252255379696234	3.8000000000000003
0.8430877507488915	3.9000000000000004
0.8712704329937101	4.0
0.8935621243510372	4.1000000000000005
0.9119120186091203	4.2
0.9299295960338925	4.3
0.9481836625982911	4.4
0.9614215883376224	4.5
0.9675125000237551	4.6000000000000005
0.9717745110833296	4.7
0.9824946890680558	4.800000000000001
0.9865844982295854	4.9
0.9953508882960505	5.0
0.9989470622475785	5.1000000000000005
1.0	5.2
0.9950117282495443	5.300000000000001
0.9836315564836591	5.4
0.9764897534256106	5.5
0.9675686368772981	5.6000000000000005
0.9568152107787687	5.7
0.9458972865554466	5.800000000000001
0.9199499667850028	5.9
0.9009621092315812	6.0
0.8778656936138991	6.1000000000000005
0.8761965769512684	6.2
0.8452170604896699	6.300000000000001
0.8230877602036363	6.4
0.8021403613837869	6.5
0.7705922993997336	6.6000000000000005
0.7406695886669232	6.7
0.7201944090248118	6.800000000000001
0.6840141994679587	6.9
0.6664449236551218	7.0
0.6385839480914831	7.1000000000000005
0.6078605482083799	7.2
0.5780276581496904	7.300000000000001
0.5457566085925567	7.4
0.5240775359720778	7.5
0.4856638614619145	7.6000000000000005
0.46645742253401024	7.7
0.4400841443700293	7.800000000000001
0.41158547225429587	7.9
0.3855164404944044	8.0
0.3610569852825894	8.1
0.33579283701844154	8.200000000000001
0.31388539382331193	8.3
0.29009776438998663	8.4
0.26684250892329686	8.5
0.24867701208474335	8.6
0.2270031803976512	8.700000000000001
0.2086069668378692	8.8
0.19125617253460075	8.9
0.17285374784983873	9.0
0.15863240155371874	9.1
0.14278984341890413	9.200000000000001
0.12913778016941355	9.3
0.11478596542116258	9.4
0.10263814431516653	9.5
0.09064635041890694	9.600000000000001
0.08003498062504061	9.700000000000001
0.07032392191755236	9.8
0.06070511626523228	9.9
0.05184940438246417	10.0
0.04344634163087639	10.100000000000001
0.035703073204605716	10.200000000000001
0.028342742624715603	10.3
0.020901855514438933	10.4
0.012764370309225755	10.5
0.0	10.600000000000001
0.0	10.700000000000001
0.0	10.8
0.0	10.9
0.0	11.0
0.0	11.100000000000001
0.0	11.200000000000001
0.0	11.3
0.0	11.4
