a = 10127.178741456788 м
b = 11271.487819595699 м
x0 = 203.70733025445332 м
vr = 1784.7045138304086 м/с
A0 = 1.166676134174263 м
Xmax = 8237.3677336953 м
sigmaX = 4495.379476090164 м
sigmaY = 4558.234188658346 м
M0 = 2.3215331301965205e+20 Н*м - интегральное значение сейсмического момента
Mr_max = 4.1813330362648895e+19 Н*м/с - максимальное значение функции источника
1-ый столбец - отнормированная функция источника
2-ой столбец - время
0.0	0.0
0.00015136065103453028	0.1
0.021682250744460656	0.2
0.031374947355323625	0.30000000000000004
0.04376040858660823	0.4
0.05722700898255932	0.5
0.0719256459892868	0.6000000000000001
0.08771645123499643	0.7000000000000001
0.10268403206657933	0.8
0.12100999255425868	0.9
0.1403812234667979	1.0
0.16007788456383107	1.1
0.17916567551430684	1.2000000000000002
0.20244819723896723	1.3
0.2238018878189559	1.4000000000000001
0.24613894953798265	1.5
0.27199581072173057	1.6
0.2979896697283968	1.7000000000000002
0.3193900962952795	1.8
0.3484448338314643	1.9000000000000001
0.37500073478548307	2.0
0.4006659102322758	2.1
0.4290654278968178	2.2
0.45833211019271664	2.3000000000000003
0.483170754276379	2.4000000000000004
0.5069643078409808	2.5
0.5378982331253686	2.6
0.5714154128575948	2.7
0.6040811011776475	2.8000000000000003
0.6260366030322149	2.9000000000000004
0.6517073856343323	3.0
0.6718017095372095	3.1
0.7069454447370973	3.2
0.7329465534243569	3.3000000000000003
0.7612844215617879	3.4000000000000004
0.7750657731908933	3.5
0.8041352414273876	3.6
0.8310711684014699	3.7
0.8525370004428557	3.8000000000000003
0.8716984421564735	3.9000000000000004
0.8864421485558449	4.0
0.9127485890004523	4.1000000000000005
0.9198703868763087	4.2
0.9393365437901399	4.3
0.9462665466247454	4.4
0.965155637764461	4.5
0.9708653216898663	4.6000000000000005
0.9859519114305345	4.7
0.972627717354154	4.800000000000001
0.9876481486743265	4.9
0.9811194511353303	5.0
0.9878654013515399	5.1000000000000005
0.982071622612382	5.2
1.0	5.300000000000001
0.9745977787173484	5.4
0.9852797013808927	5.5
0.9543301775275003	5.6000000000000005
0.9494039663756303	5.7
0.936343757899667	5.800000000000001
0.9376773086652331	5.9
0.9288002203583716	6.0
0.8973529590051224	6.1000000000000005
0.8838036379353942	6.2
0.867632761558493	6.300000000000001
0.8511733218407272	6.4
0.8245620475226255	6.5
0.8018914189314343	6.6000000000000005
0.7831864453039453	6.7
0.7633383347011208	6.800000000000001
0.744759151732416	6.9
0.7200790855494331	7.0
0.68808866208254	7.1000000000000005
0.6700125467251836	7.2
0.6395119322156183	7.300000000000001
0.6196130170533481	7.4
0.5943532045113645	7.5
0.5683922113127952	7.6000000000000005
0.5418655556918479	7.7
0.5203784856853965	7.800000000000001
0.48902093929631835	7.9
0.47351805594291674	8.0
0.443743391544573	8.1
0.4188089449071408	8.200000000000001
0.39620595259474634	8.3
0.3732254197164078	8.4
0.3561005906731728	8.5
0.33697146451058146	8.6
0.3120493269419745	8.700000000000001
0.2947217625228749	8.8
0.27498690453950975	8.9
0.2571274376844841	9.0
0.2397970223412342	9.1
0.22126696320120057	9.200000000000001
0.206213107096829	9.3
0.19086123850670939	9.4
0.17686607047965525	9.5
0.16274042161438745	9.600000000000001
0.14942429358176046	9.700000000000001
0.13725054917934884	9.8
0.12494321559402173	9.9
0.11458018702734632	10.0
0.10419672877757515	10.100000000000001
0.0944419717996891	10.200000000000001
0.08488579566525906	10.3
0.07577446196883615	10.4
0.06751898920817002	10.5
0.059893157859667846	10.600000000000001
0.052278717080713605	10.700000000000001
0.045485215995773924	10.8
0.03855352919414128	10.9
0.03188769330564864	11.0
0.025314580774058373	11.100000000000001
0.018206675907721282	11.200000000000001
0.008915925333417455	11.3
0.0	11.4
0.0	11.5
0.0	11.600000000000001
0.0	11.700000000000001
0.0	11.8
0.0	11.9
0.0	12.0
0.0	12.100000000000001
0.0	12.200000000000001
0.0	12.3
0.0	12.4
0.0	12.5
0.0	12.600000000000001
0.0	12.700000000000001
0.0	12.8
0.0	12.9
0.0	13.0
0.0	13.100000000000001
0.0	13.200000000000001
0.0	13.3
0.0	13.4
0.0	13.5
