a = 13306.919196805515 м
b = 16004.421298798254 м
x0 = 3655.6107612207957 м
vr = 1636.1455837627145 м/с
A0 = 1.9876683731692633 м
Xmax = 12354.156481018874 м
sigmaX = 4866.100187050903 м
sigmaY = 4603.83627800268 м
M0 = 4.67019926851146e+20 Н*м - интегральное значение сейсмического момента
Mr_max = 6.88107192284734e+19 Н*м/с - максимальное значение функции источника
1-ый столбец - отнормированная функция источника
2-ой столбец - время
0.0	0.0
0.000143687593421215	0.1
0.018822364823912488	0.2
0.037669363071517914	0.30000000000000004
0.056592933017228675	0.4
0.0753834660838596	0.5
0.09390159364752136	0.6000000000000001
0.11259318464863026	0.7000000000000001
0.1320069625885815	0.8
0.15152422682103686	0.9
0.1713505084093463	1.0
0.19117816546866254	1.1
0.20977823049676494	1.2000000000000002
0.22970858163880942	1.3
0.2496089270071112	1.4000000000000001
0.2686538514500551	1.5
0.2916084933972261	1.6
0.31049367665659916	1.7000000000000002
0.33225967222782826	1.8
0.35307210440020026	1.9000000000000001
0.3767346481115255	2.0
0.398953845976507	2.1
0.42084116464784593	2.2
0.4386102850588847	2.3000000000000003
0.4579623815472493	2.4000000000000004
0.48207068539831766	2.5
0.49529039354101795	2.6
0.5239393065489931	2.7
0.5420005015750102	2.8000000000000003
0.5622999986622793	2.9000000000000004
0.5796696827688553	3.0
0.608927522647888	3.1
0.6314006091706127	3.2
0.651437174664444	3.3000000000000003
0.6745384330441633	3.4000000000000004
0.6965219482557464	3.5
0.7134855128347625	3.6
0.7364201024113888	3.7
0.7608397158603103	3.8000000000000003
0.7828100525571287	3.9000000000000004
0.7926587356759569	4.0
0.8102471951412445	4.1000000000000005
0.8383897080444331	4.2
0.8605275972143324	4.3
0.8619914952345321	4.4
0.8908496605669965	4.5
0.9001690973872963	4.6000000000000005
0.9180924946122477	4.7
0.929284751004313	4.800000000000001
0.9404996797147399	4.9
0.9614152943966492	5.0
0.9543610206708678	5.1000000000000005
0.9732141439220009	5.2
0.96832286656556	5.300000000000001
0.9788943397974489	5.4
0.9830980625428225	5.5
0.9882261068401077	5.6000000000000005
0.9981758230732489	5.7
0.9906045691352734	5.800000000000001
0.9827920220072642	5.9
0.9967250516415765	6.0
1.0	6.1000000000000005
0.9896483662694964	6.2
0.9858300657116299	6.300000000000001
0.9869659617448631	6.4
0.9716581201881355	6.5
0.9555765376371564	6.6000000000000005
0.9443902944820941	6.7
0.9467313604762801	6.800000000000001
0.9319456983799277	6.9
0.9198875375458632	7.0
0.8969799500700553	7.1000000000000005
0.8848587122476054	7.2
0.8723318609810201	7.300000000000001
0.8530507685379861	7.4
0.837048057124613	7.5
0.814700864060314	7.6000000000000005
0.8038112483067991	7.7
0.7819168586077042	7.800000000000001
0.7674135292440089	7.9
0.7421580142940493	8.0
0.7202344094563322	8.1
0.7022588607378986	8.200000000000001
0.6891161467915506	8.3
0.6614889224700524	8.4
0.6450113056408266	8.5
0.6244298777912582	8.6
0.6008677429094264	8.700000000000001
0.5795104994684107	8.8
0.5617061623936859	8.9
0.5400780615720033	9.0
0.5198299590522489	9.1
0.5002770221452104	9.200000000000001
0.4794610110579526	9.3
0.4597860154667119	9.4
0.4395399999776264	9.5
0.4215052120896538	9.600000000000001
0.40489346798479686	9.700000000000001
0.38410039569739973	9.8
0.3660137096761742	9.9
0.34945873557672785	10.0
0.3301112384588997	10.100000000000001
0.3131333155804176	10.200000000000001
0.2970457197760297	10.3
0.28379418629058906	10.4
0.26721140507454916	10.5
0.25224027300238844	10.600000000000001
0.2385971443942337	10.700000000000001
0.22620495689674575	10.8
0.21185386377821072	10.9
0.20031384637346666	11.0
0.1875887634002454	11.100000000000001
0.175121345818459	11.200000000000001
0.1647896847795222	11.3
0.15396865895686854	11.4
0.14545012605158053	11.5
0.135035887966249	11.600000000000001
0.1256496597118134	11.700000000000001
0.11789046132854601	11.8
0.10947550732075235	11.9
0.10183278647052806	12.0
0.09444575119253144	12.100000000000001
0.08749436728242521	12.200000000000001
0.08109645640286288	12.3
0.07498705753910395	12.4
0.06928623477952278	12.5
0.06391832230183749	12.600000000000001
0.05901472983078412	12.700000000000001
0.05418487706119254	12.8
0.04966165808961779	12.9
0.04547608045331616	13.0
0.04146782901866124	13.100000000000001
0.03799413494330981	13.200000000000001
0.0345373315334917	13.3
0.03137463778287324	13.4
0.02830529155135225	13.5
0.025195224495029558	13.600000000000001
0.02255514317326811	13.700000000000001
0.019630527130184757	13.8
0.016512938064565122	13.9
0.012860191008206928	14.0
0.006806340940231845	14.100000000000001
0.0	14.200000000000001
0.0	14.3
0.0	14.4
0.0	14.5
0.0	14.600000000000001
0.0	14.700000000000001
0.0	14.8
0.0	14.9
0.0	15.0
0.0	15.100000000000001
0.0	15.200000000000001
0.0	15.3
0.0	15.4
0.0	15.5
0.0	15.600000000000001
0.0	15.700000000000001
0.0	15.8
0.0	15.9
0.0	16.0
0.0	16.1
0.0	16.2
0.0	16.3
0.0	16.400000000000002
0.0	16.5
0.0	16.6
0.0	16.7
0.0	16.8
0.0	16.900000000000002
0.0	17.0
0.0	17.1
0.0	17.2
0.0	17.3
0.0	17.400000000000002
0.0	17.5
0.0	17.6
0.0	17.7
0.0	17.8
0.0	17.900000000000002
0.0	18.0
0.0	18.1
0.0	18.2
0.0	18.3
