a = 10801.194961069272 м
b = 8640.937059442747 м
x0 = 7417.097341574691 м
vr = 2044.064145865766 м/с
A0 = 0.5230229909840742 м
Xmax = 13092.210079576755 м
sigmaX = 4169.272054240703 м
sigmaY = 4790.5058740999075 м
M0 = 9.53902775197039e+19 Н*м - интегральное значение сейсмического момента
Mr_max = 2.3999686883081953e+19 Н*м/с - максимальное значение функции источника
1-ый столбец - отнормированная функция источника
2-ой столбец - время
0.0	0.0
0.0002648390702761491	0.1
0.04345109803519274	0.2
0.08662352527431179	0.30000000000000004
0.1282645232961886	0.4
0.17317326289117518	0.5
0.2147301577498597	0.6000000000000001
0.2553865663682452	0.7000000000000001
0.2940186067169753	0.8
0.3368866861805095	0.9
0.3793916876969198	1.0
0.41862139293120215	1.1
0.4623818750717827	1.2000000000000002
0.49785210573108685	1.3
0.5322969815270422	1.4000000000000001
0.5811133241528791	1.5
0.6148247006145003	1.6
0.6486063373370812	1.7000000000000002
0.6812199569430712	1.8
0.7189467778915085	1.9000000000000001
0.758332282702665	2.0
0.7824087549756161	2.1
0.8109496434416541	2.2
0.8414151234004265	2.3000000000000003
0.8635338612130203	2.4000000000000004
0.8897399748204692	2.5
0.9124480444193951	2.6
0.9379860604370317	2.7
0.9476380027130904	2.8000000000000003
0.9512368806153755	2.9000000000000004
0.9780485804853261	3.0
0.9865867244005753	3.1
0.9955178756813448	3.2
1.0	3.3000000000000003
0.9917152918943725	3.4000000000000004
0.9981543897135994	3.5
0.9905439485994056	3.6
0.9916688116790939	3.7
0.9701908918085184	3.8000000000000003
0.9439213601053722	3.9000000000000004
0.9228254180798832	4.0
0.8961311078818541	4.1000000000000005
0.8791008474343894	4.2
0.8499739706660324	4.3
0.8228168359740407	4.4
0.7889122380126644	4.5
0.7560544085619159	4.6000000000000005
0.7248646276551011	4.7
0.6911676559398952	4.800000000000001
0.653215377479193	4.9
0.6106241581366864	5.0
0.5736307085760968	5.1000000000000005
0.5506064198720776	5.2
0.5065823302696347	5.300000000000001
0.47571906974799816	5.4
0.4372951003619489	5.5
0.39996357366503454	5.6000000000000005
0.36529415109263896	5.7
0.33507312232265385	5.800000000000001
0.3026803444724299	5.9
0.2728599621542695	6.0
0.2447594672568095	6.1000000000000005
0.2171806530927612	6.2
0.18964801851166635	6.300000000000001
0.16303482697396823	6.4
0.1409815362986008	6.5
0.117309908854859	6.6000000000000005
0.0958617970960607	6.7
0.07382589390886564	6.800000000000001
0.052277781706351445	6.9
0.026105299709657144	7.0
0.0	7.1000000000000005
0.0	7.2
0.0	7.300000000000001
0.0	7.4
0.0	7.5
0.0	7.6000000000000005
0.0	7.7
0.0	7.800000000000001
0.0	7.9
