a = 12563.802033274907 м
b = 14295.030408299668 м
x0 = 6379.401892425239 м
vr = 2251.8220130645914 м/с
A0 = 1.178935228158085 м
Xmax = 15632.643035756726 м
sigmaX = 4890.740979658153 м
sigmaY = 4288.534096144619 м
M0 = 2.4588571113062652e+20 Н*м - интегральное значение сейсмического момента
Mr_max = 5.028975952901925e+19 Н*м/с - максимальное значение функции источника
1-ый столбец - отнормированная функция источника
2-ой столбец - время
0.0	0.0
0.0001322601104129363	0.1
0.02396427244368973	0.2
0.04777223734088845	0.30000000000000004
0.0720653245429489	0.4
0.09566668695196366	0.5
0.11988623917974571	0.6000000000000001
0.14346996734291032	0.7000000000000001
0.16960060605950136	0.8
0.19448302057435093	0.9
0.2177449029065873	1.0
0.2459867707281377	1.1
0.2729304398795611	1.2000000000000002
0.29844831972284785	1.3
0.32608459882302837	1.4000000000000001
0.3562376868486307	1.5
0.3848559334194019	1.6
0.41418885882535983	1.7000000000000002
0.44750884039475347	1.8
0.4766119381639826	1.9000000000000001
0.5071954011115528	2.0
0.5342728793832368	2.1
0.5670316091578128	2.2
0.5948003317689472	2.3000000000000003
0.6268187770174198	2.4000000000000004
0.6544287992125829	2.5
0.6831483518597001	2.6
0.7143743441440835	2.7
0.7482223516072183	2.8000000000000003
0.7781989409594195	2.9000000000000004
0.8021896009458142	3.0
0.8233766234157579	3.1
0.8481840575068881	3.2
0.8664708164377575	3.3000000000000003
0.888099615218897	3.4000000000000004
0.9083733107523595	3.5
0.9299564237274658	3.6
0.9491734131547777	3.7
0.9521290432471274	3.8000000000000003
0.9707814512887053	3.9000000000000004
0.9788939126180046	4.0
0.9857948542195684	4.1000000000000005
0.9958160962943268	4.2
0.9915270644272358	4.3
0.996232947380461	4.4
0.9931683145920986	4.5
1.0	4.6000000000000005
0.9854170998143157	4.7
0.9799493200312769	4.800000000000001
0.9761089470014525	4.9
0.955212985554436	5.0
0.9427937960010497	5.1000000000000005
0.9248768311653265	5.2
0.9147368141536524	5.300000000000001
0.8869599256092432	5.4
0.8625168684943223	5.5
0.855094440658836	5.6000000000000005
0.819944685365836	5.7
0.7914358915187341	5.800000000000001
0.7776637017134747	5.9
0.7481356937215042	6.0
0.7236460945442419	6.1000000000000005
0.6871320519556338	6.2
0.6702803473856472	6.300000000000001
0.6305647795270933	6.4
0.6075994632511348	6.5
0.5778750978118669	6.6000000000000005
0.5493783735276103	6.7
0.5225238354931928	6.800000000000001
0.4965994179288711	6.9
0.46567871941261796	7.0
0.44113275471144164	7.1000000000000005
0.41482458112280957	7.2
0.3891706420811055	7.300000000000001
0.36374871289450217	7.4
0.3388940122546517	7.5
0.31729141178153125	7.6000000000000005
0.29293302719574615	7.7
0.2713472139181527	7.800000000000001
0.25090550340672874	7.9
0.22994350040027053	8.0
0.20826606937889125	8.1
0.18532161930490818	8.200000000000001
0.15502108787307092	8.3
0.08656982164425685	8.4
0.0	8.5
0.0	8.6
0.0	8.700000000000001
0.0	8.8
0.0	8.9
0.0	9.0
0.0	9.1
0.0	9.200000000000001
0.0	9.3
0.0	9.4
0.0	9.5
0.0	9.600000000000001
0.0	9.700000000000001
0.0	9.8
0.0	9.9
0.0	10.0
0.0	10.100000000000001
0.0	10.200000000000001
0.0	10.3
0.0	10.4
0.0	10.5
0.0	10.600000000000001
0.0	10.700000000000001
0.0	10.8
