a = 7500.712314951086 м
b = 6866.2664754933585 м
x0 = 4522.025868133708 м
vr = 2024.4030077344514 м/с
A0 = 1.316001396870304 м
Xmax = 8896.912468307619 м
sigmaX = 4500.764944934569 м
sigmaY = 4570.21544497176 м
M0 = 1.977133289742301e+20 Н*м - интегральное значение сейсмического момента
Mr_max = 6.06353231445554e+19 Н*м/с - максимальное значение функции источника
1-ый столбец - отнормированная функция источника
2-ой столбец - время
0.0	0.0
0.00041117536975996305	0.1
0.06698283795857322	0.2
0.13215878997417257	0.30000000000000004
0.19558784522664469	0.4
0.2586202149479975	0.5
0.32114417122195327	0.6000000000000001
0.3805960760473523	0.7000000000000001
0.4405834002711205	0.8
0.4954589481788892	0.9
0.5502711063862371	1.0
0.5987820927850359	1.1
0.6519360801555265	1.2000000000000002
0.7031380601321376	1.3
0.7450051068658408	1.4000000000000001
0.7831061188125278	1.5
0.8307142991679115	1.6
0.8609691955419597	1.7000000000000002
0.8928452055984224	1.8
0.9158602457941225	1.9000000000000001
0.9507392833580651	2.0
0.9607243368654098	2.1
0.987902709910891	2.2
1.0	2.3000000000000003
0.9686304893244407	2.4000000000000004
0.9612260994567179	2.5
0.9454158716397663	2.6
0.933614507918728	2.7
0.9281786852795625	2.8000000000000003
0.9179090987633148	2.9000000000000004
0.8975659304519152	3.0
0.8767175901077167	3.1
0.8543992097720933	3.2
0.8454174821791471	3.3000000000000003
0.8145423710659427	3.4000000000000004
0.7983198540374323	3.5
0.7730978771549307	3.6
0.7448582814745333	3.7
0.6956820592888713	3.8000000000000003
0.6789222857131202	3.9000000000000004
0.6464166836337031	4.0
0.6098129745062078	4.1000000000000005
0.5665954181461054	4.2
0.5286428640607745	4.3
0.49290689526611187	4.4
0.4524924099654509	4.5
0.41676900786603865	4.6000000000000005
0.3737504863137117	4.7
0.33156998637250484	4.800000000000001
0.28610740131879847	4.9
0.2381259127674523	5.0
0.18613654848675276	5.1000000000000005
0.11959402000235897	5.2
0.0	5.300000000000001
0.0	5.4
0.0	5.5
0.0	5.6000000000000005
0.0	5.7
0.0	5.800000000000001
0.0	5.9
0.0	6.0
0.0	6.1000000000000005
