a = 10596.844479096828 м
b = 9488.569964013164 м
x0 = 1829.2684408771368 м
vr = 1994.1344036146575 м/с
A0 = 1.3586741688478414 м
Xmax = 7813.269874371954 м
sigmaX = 4922.457842781263 м
sigmaY = 4947.814740903157 м
M0 = 2.970926217199483e+20 Н*м - интегральное значение сейсмического момента
Mr_max = 5.926590754842682e+19 Н*м/с - максимальное значение функции источника
1-ый столбец - отнормированная функция источника
2-ой столбец - время
0.0	0.0
0.00032759072119919216	0.1
0.05180292222217216	0.2
0.10386209596571468	0.30000000000000004
0.15537883925682872	0.4
0.20703402502895454	0.5
0.2577639116413438	0.6000000000000001
0.30468036094105544	0.7000000000000001
0.35804908638083904	0.8
0.4047943943448576	0.9
0.45425057547515735	1.0
0.4579632042714976	1.1
0.48075028974511536	1.2000000000000002
0.5037701215672308	1.3
0.531136895883689	1.4000000000000001
0.563440990679718	1.5
0.5958010870658003	1.6
0.6269291403716263	1.7000000000000002
0.6569703574608716	1.8
0.6773639336787921	1.9000000000000001
0.7082115321979399	2.0
0.7441262456683448	2.1
0.7734229515687906	2.2
0.7976957342844152	2.3000000000000003
0.8093250373175844	2.4000000000000004
0.8471708372355089	2.5
0.872508342181198	2.6
0.894872893621035	2.7
0.90945806399776	2.8000000000000003
0.9322805238694313	2.9000000000000004
0.9447734291322483	3.0
0.9534356372579553	3.1
0.9714645548996529	3.2
0.9881095729677952	3.3000000000000003
0.9900852988870998	3.4000000000000004
0.9984265212655412	3.5
0.9940084809979177	3.6
0.9840554361214833	3.7
1.0	3.8000000000000003
0.9828706004726225	3.9000000000000004
0.9891756130655354	4.0
0.9766036797569825	4.1000000000000005
0.9703869292665148	4.2
0.9654645863603829	4.3
0.9438996569623922	4.4
0.9391691024439338	4.5
0.910855842666963	4.6000000000000005
0.8865681224279717	4.7
0.8624597929875503	4.800000000000001
0.8464738567295208	4.9
0.8378224501646754	5.0
0.8115486837562252	5.1000000000000005
0.7883719160971544	5.2
0.7520408556142574	5.300000000000001
0.7296123727564903	5.4
0.7135494565272407	5.5
0.680055004208293	5.6000000000000005
0.6585675847938843	5.7
0.6295439324711547	5.800000000000001
0.6013668312576658	5.9
0.5736686324826105	6.0
0.5471334174048522	6.1000000000000005
0.5219933185412241	6.2
0.4971777885965104	6.300000000000001
0.4657152651283044	6.4
0.444529733305819	6.5
0.41820772621431845	6.6000000000000005
0.3977095081292921	6.7
0.37094600076789785	6.800000000000001
0.34559127191139905	6.9
0.3235987555389182	7.0
0.3018827113954016	7.1000000000000005
0.2842527148638652	7.2
0.26231144203507994	7.300000000000001
0.24510155769800096	7.4
0.22714228435315645	7.5
0.2090026503293568	7.6000000000000005
0.19195382183844228	7.7
0.1747417887220312	7.800000000000001
0.16002468299215653	7.9
0.1458668464770592	8.0
0.13348143846915722	8.1
0.11994566949272431	8.200000000000001
0.10920116684380816	8.3
0.09832644944317273	8.4
0.08839130275310983	8.5
0.07914723412100438	8.6
0.06986610168054402	8.700000000000001
0.061608729749370164	8.8
0.05484956315451688	8.9
0.047244479466527815	9.0
0.04075502692594699	9.1
0.034945911733902775	9.200000000000001
0.029366511219199136	9.3
0.024296668516887242	9.4
0.019442292542021424	9.5
0.014656232816465036	9.600000000000001
0.00979605718780957	9.700000000000001
0.0029754343352258613	9.8
0.0	9.9
0.0	10.0
0.0	10.100000000000001
0.0	10.200000000000001
0.0	10.3
0.0	10.4
0.0	10.5
0.0	10.600000000000001
0.0	10.700000000000001
