a = 10154.869536623104 м
b = 7153.044359572613 м
x0 = 8926.789569220733 м
vr = 1630.6654888580379 м/с
A0 = 0.6568992404043366 м
Xmax = 11470.757032580366 м
sigmaX = 4842.347671919704 м
sigmaY = 4499.907212107229 м
M0 = 1.21007132028118e+20 Н*м - интегральное значение сейсмического момента
Mr_max = 3.0613556652515713e+19 Н*м/с - максимальное значение функции источника
1-ый столбец - отнормированная функция источника
2-ой столбец - время
0.0	0.0
0.00045736123962985495	0.1
0.0598793968718771	0.2
0.11958193581468013	0.30000000000000004
0.17574244750704393	0.4
0.23575994422102878	0.5
0.2888011937317097	0.6000000000000001
0.3445457080584508	0.7000000000000001
0.39617054978801336	0.8
0.44566586927486845	0.9
0.4989786192167535	1.0
0.5503901969766282	1.1
0.5926284956634409	1.2000000000000002
0.6384006886338168	1.3
0.675723224790748	1.4000000000000001
0.708931595060267	1.5
0.7543965921403046	1.6
0.7820163837555049	1.7000000000000002
0.811904526547178	1.8
0.8472894940167416	1.9000000000000001
0.8705668709678313	2.0
0.8926980170121538	2.1
0.9116091641223071	2.2
0.9295868537309224	2.3000000000000003
0.9488975235860239	2.4000000000000004
0.964985635432267	2.5
0.9792022172277641	2.6
0.9854793086924073	2.7
0.9892310006532877	2.8000000000000003
1.0	2.9000000000000004
0.9881462875434348	3.0
0.9855334925155662	3.1
0.9813832686970914	3.2
0.9733168705017974	3.3000000000000003
0.9704890857093904	3.4000000000000004
0.9688711668252836	3.5
0.9623619258210683	3.6
0.9316233586287934	3.7
0.9127143348868186	3.8000000000000003
0.9049548673365115	3.9000000000000004
0.882253565312278	4.0
0.8742535379536839	4.1000000000000005
0.8577039498934863	4.2
0.8298441958181461	4.3
0.8193184773017883	4.4
0.6975381275272293	4.5
0.6300148606309475	4.6000000000000005
0.5735745698663339	4.7
0.5297449237933173	4.800000000000001
0.4882149539988819	4.9
0.45203694516389925	5.0
0.41111697962580784	5.1000000000000005
0.3894621985087886	5.2
0.3570025222169676	5.300000000000001
0.3234264683836063	5.4
0.29348536062217634	5.5
0.2582950147313449	5.6000000000000005
0.2419520867725963	5.7
0.2230764537425642	5.800000000000001
0.2043285926832484	5.9
0.1881064867856446	6.0
0.1721332182710477	6.1000000000000005
0.15477106667121746	6.2
0.1388691976838857	6.300000000000001
0.12467182960572024	6.4
0.1095405332658839	6.5
0.09459963154656302	6.6000000000000005
0.08046329969170347	6.7
0.06567863549482891	6.800000000000001
0.050540865285413364	6.9
0.03236866990263778	7.0
0.0	7.1000000000000005
0.0	7.2
0.0	7.300000000000001
0.0	7.4
0.0	7.5
0.0	7.6000000000000005
0.0	7.7
0.0	7.800000000000001
0.0	7.9
