a = 16295.376082574045 м
b = 13199.736117922337 м
x0 = 4405.611505173764 м
vr = 1603.6828881448191 м/с
A0 = 0.7675341937323817 м
Xmax = 18268.118862201118 м
sigmaX = 4404.499833880115 м
sigmaY = 4219.599080912014 м
M0 = 1.4515862433930425e+20 Н*м - интегральное значение сейсмического момента
Mr_max = 2.17644983810614e+19 Н*м/с - максимальное значение функции источника
1-ый столбец - отнормированная функция источника
2-ой столбец - время
0.0	0.0
6.010343288343901e-06	0.1
0.0007834827977300499	0.2
0.001571765318239914	0.30000000000000004
0.0023790393149531242	0.4
0.0031899178484742045	0.5
0.004105384401718739	0.6000000000000001
0.005019707005213756	0.7000000000000001
0.006039704912295688	0.8
0.007133141073941432	0.9
0.008292834690957502	1.0
0.009640210461205802	1.1
0.011037496472816903	1.2000000000000002
0.01265388518673379	1.3
0.014378612744230907	1.4000000000000001
0.016255418305933782	1.5
0.01828040604101276	1.6
0.020552387628492968	1.7000000000000002
0.023123399294846716	1.8
0.02568581735423439	1.9000000000000001
0.028907409576294722	2.0
0.03181688962929904	2.1
0.03551507664674068	2.2
0.03931322037732729	2.3000000000000003
0.04319012597363316	2.4000000000000004
0.04789725694101252	2.5
0.0523077141856218	2.6
0.05821952233011343	2.7
0.06373580739815896	2.8000000000000003
0.06964026294227992	2.9000000000000004
0.07620259085356029	3.0
0.08369212260211972	3.1
0.09083716367191887	3.2
0.09851284648139676	3.3000000000000003
0.10742565500209164	3.4000000000000004
0.11598678053620881	3.5
0.12608326822331006	3.6
0.13554203412312435	3.7
0.1463837857480294	3.8000000000000003
0.15879279463018867	3.9000000000000004
0.16955460809643794	4.0
0.18139657010356947	4.1000000000000005
0.19793084968498595	4.2
0.21058391742494362	4.3
0.22399043198760143	4.4
0.2387266925146964	4.5
0.2544489305078532	4.6000000000000005
0.2719869636727848	4.7
0.2875908699706309	4.800000000000001
0.30487831951116284	4.9
0.3236195023147149	5.0
0.34262316155670763	5.1000000000000005
0.3613399869430281	5.2
0.3832070120760041	5.300000000000001
0.400283661317271	5.4
0.42009913273860533	5.5
0.44394226440628903	5.6000000000000005
0.4603645138480889	5.7
0.4883812559289592	5.800000000000001
0.5077163832923293	5.9
0.5325957816255774	6.0
0.5544677195954089	6.1000000000000005
0.5731049750240217	6.2
0.6013732563768852	6.300000000000001
0.6249314936534881	6.4
0.6402092568667964	6.5
0.6627213947301596	6.6000000000000005
0.6911985489054986	6.7
0.7104961610447044	6.800000000000001
0.7304925627918057	6.9
0.7532055459494185	7.0
0.7724292275141015	7.1000000000000005
0.7949386318956867	7.2
0.8074044709828407	7.300000000000001
0.8310530598576923	7.4
0.8522233410735806	7.5
0.8611878007320057	7.6000000000000005
0.8823499403528834	7.7
0.8907301787455228	7.800000000000001
0.9109697042177295	7.9
0.9307598180182314	8.0
0.93538814524466	8.1
0.9523757048642693	8.200000000000001
0.9472549631327577	8.3
0.9727027677641131	8.4
0.9792115203081365	8.5
0.9833920229939603	8.6
0.980013220093615	8.700000000000001
0.9918656270561288	8.8
1.0	8.9
0.9856534808428838	9.0
0.9974655839614298	9.1
0.9897867834701215	9.200000000000001
0.992638389244258	9.3
0.9753720602978116	9.4
0.9738068343634027	9.5
0.9753523712379653	9.600000000000001
0.9605418592218127	9.700000000000001
0.9521006096627993	9.8
0.9338523329428888	9.9
0.9354189873199047	10.0
0.9138219143699527	10.100000000000001
0.8951560590132315	10.200000000000001
0.892420897778763	10.3
0.8746113565892354	10.4
0.8474276293991108	10.5
0.8333804903298583	10.600000000000001
0.8165905394111965	10.700000000000001
0.8003948353381145	10.8
0.7798947436433091	10.9
0.7588563920844086	11.0
0.7315764517205289	11.100000000000001
0.7168591198369477	11.200000000000001
0.6963559660099994	11.3
0.6713662823999215	11.4
0.6473359962531343	11.5
0.6269128142913958	11.600000000000001
0.6059374623587555	11.700000000000001
0.579335838500759	11.8
0.5571494074001876	11.9
0.5345433658335651	12.0
0.5141474909853352	12.100000000000001
0.49885710212863876	12.200000000000001
0.4720952019743968	12.3
0.44918049603617943	12.4
0.43068139966661045	12.5
0.4097083838540537	12.600000000000001
0.39081708126839254	12.700000000000001
0.37066459642809296	12.8
0.35086167998941653	12.9
0.33599653946582014	13.0
0.3155536606495152	13.100000000000001
0.2989734190809045	13.200000000000001
0.2808783956420244	13.3
0.2649216213892721	13.4
0.2479486939482063	13.5
0.23427446829833126	13.600000000000001
0.22139066075067151	13.700000000000001
0.20600912303565697	13.8
0.1911591786948598	13.9
0.1780122970457048	14.0
0.16827174281037185	14.100000000000001
0.1561883211511152	14.200000000000001
0.1453578965290495	14.3
0.13442329357828536	14.4
0.12430143147959835	14.5
0.11557519493665	14.600000000000001
0.10646994880467738	14.700000000000001
0.09828341868497611	14.8
0.09084012792770876	14.9
0.08298443831229682	15.0
0.07690748695881512	15.100000000000001
0.07020233494770442	15.200000000000001
0.06409459846242067	15.3
0.05843515356542266	15.4
0.053262960348220645	15.5
0.04850402391339008	15.600000000000001
0.04413166032030018	15.700000000000001
0.03995631200184508	15.8
0.036150601564101395	15.9
0.03244897015216392	16.0
0.02927058619623906	16.1
0.02602048005914555	16.2
0.02334920534659631	16.3
0.020797245313480674	16.400000000000002
0.01857886722319077	16.5
0.016304107629411514	16.6
0.014293340568161714	16.7
0.012491323301126884	16.8
0.01085262835377883	16.900000000000002
0.009332884703487969	17.0
0.007894819079159772	17.1
0.0066063907437021825	17.2
0.0054025691332597525	17.3
0.004253336451253021	17.400000000000002
0.0031181368326905906	17.5
0.0018919345866355373	17.6
0.0	17.7
0.0	17.8
0.0	17.900000000000002
0.0	18.0
0.0	18.1
0.0	18.2
0.0	18.3
0.0	18.400000000000002
0.0	18.5
