a = 11860.286627687126 м
b = 8104.67498230714 м
x0 = 10461.044310462781 м
vr = 2044.166643682152 м/с
A0 = 0.5877367465125155 м
Xmax = 14863.753763927629 м
sigmaX = 4080.096698518978 м
sigmaY = 4994.520821404025 м
M0 = 1.065007527164773e+20 Н*м - интегральное значение сейсмического момента
Mr_max = 2.927228947544933e+19 Н*м/с - максимальное значение функции источника
1-ый столбец - отнормированная функция источника
2-ой столбец - время
0.0	0.0
0.00034430504194898654	0.1
0.05609768542989323	0.2
0.11206027663611084	0.30000000000000004
0.16717468281561543	0.4
0.2187143672086251	0.5
0.27387852555100856	0.6000000000000001
0.32604668205088394	0.7000000000000001
0.3797329044594418	0.8
0.4305078732704993	0.9
0.47351146701835634	1.0
0.5245474736831736	1.1
0.5671688535094402	1.2000000000000002
0.6125943129421133	1.3
0.6620505437319434	1.4000000000000001
0.6980772108903879	1.5
0.7368779655589506	1.6
0.7747057193011289	1.7000000000000002
0.8028853998180686	1.8
0.8381188464087144	1.9000000000000001
0.8605877647161668	2.0
0.8941615891910323	2.1
0.9133077468824394	2.2
0.9328707162007075	2.3000000000000003
0.9432562721577631	2.4000000000000004
0.9706473669696726	2.5
0.985133236223695	2.6
0.9827678925150449	2.7
0.9967362488139951	2.8000000000000003
0.990743613967774	2.9000000000000004
1.0	3.0
0.9985408988185983	3.1
0.9980687443453365	3.2
0.98155795020722	3.3000000000000003
0.9694745173254273	3.4000000000000004
0.9550087947422726	3.5
0.9451107637570181	3.6
0.933786419905542	3.7
0.9104779955792218	3.8000000000000003
0.8877691399926751	3.9000000000000004
0.8584597474082206	4.0
0.7709665924507709	4.1000000000000005
0.7147873623959918	4.2
0.6611606980841565	4.3
0.6169290045562267	4.4
0.5702980392432414	4.5
0.516060726595346	4.6000000000000005
0.4840271933764277	4.7
0.4356076872707664	4.800000000000001
0.39345522810059363	4.9
0.36439960714434816	5.0
0.33002289666226764	5.1000000000000005
0.29545846696033934	5.2
0.2626610666791823	5.300000000000001
0.23469501644836246	5.4
0.20750206648148992	5.5
0.18274626454842902	5.6000000000000005
0.1596979991871364	5.7
0.13737534365926019	5.800000000000001
0.11789830819260043	5.9
0.09946089064912214	6.0
0.08285261794084722	6.1000000000000005
0.06680531240633568	6.2
0.05227989895435612	6.300000000000001
0.0383490827113311	6.4
0.023728965055100717	6.5
0.0	6.6000000000000005
0.0	6.7
0.0	6.800000000000001
0.0	6.9
0.0	7.0
0.0	7.1000000000000005
0.0	7.2
0.0	7.300000000000001
0.0	7.4
