a = 7788.745723395017 м
b = 9013.550513401664 м
x0 = 4670.032188828974 м
vr = 1975.1483908130056 м/с
A0 = 1.2145812941009286 м
Xmax = 9484.793697764973 м
sigmaX = 4453.021987567102 м
sigmaY = 4495.657691407967 м
M0 = 2.020392835609896e+20 Н*м - интегральное значение сейсмического момента
Mr_max = 5.211232372825644e+19 Н*м/с - максимальное значение функции источника
1-ый столбец - отнормированная функция источника
2-ой столбец - время
0.0	0.0
0.0003853370538553604	0.1
0.061224635130603264	0.2
0.12195410300557015	0.30000000000000004
0.17876073999925274	0.4
0.23950773343897777	0.5
0.29616650551730467	0.6000000000000001
0.3472548633660084	0.7000000000000001
0.39844953112600506	0.8
0.46097195364699667	0.9
0.5132480182592649	1.0
0.5592755014984688	1.1
0.6107098026029812	1.2000000000000002
0.6419141597219807	1.3
0.698989965065289	1.4000000000000001
0.7275700079577772	1.5
0.7690570028082289	1.6
0.8218862025818092	1.7000000000000002
0.8516182932516904	1.8
0.8801072512271702	1.9000000000000001
0.9035642865137243	2.0
0.9452570089526322	2.1
0.941501430035231	2.2
0.9668155269389433	2.3000000000000003
1.0	2.4000000000000004
0.9857071389912329	2.5
0.9865428001355928	2.6
0.9982077769059273	2.7
0.9921626259405975	2.8000000000000003
0.9764931784136709	2.9000000000000004
0.9895432111746065	3.0
0.9781577004734814	3.1
0.9699607838634127	3.2
0.9766415498873378	3.3000000000000003
0.9573833763817623	3.4000000000000004
0.9470285697360884	3.5
0.9346044944232202	3.6
0.9045311398518627	3.7
0.893909381202611	3.8000000000000003
0.8762120127681204	3.9000000000000004
0.8578082562314107	4.0
0.843272163612611	4.1000000000000005
0.8181533467514777	4.2
0.783840361947925	4.3
0.75576770324759	4.4
0.7317573789345928	4.5
0.7052484837327405	4.6000000000000005
0.6703839547944391	4.7
0.6420980146637602	4.800000000000001
0.6080671536482745	4.9
0.571888262786883	5.0
0.5344328830850792	5.1000000000000005
0.5022164152483354	5.2
0.4592282200449631	5.300000000000001
0.41543779179370116	5.4
0.35469125026388654	5.5
0.21239523782367178	5.6000000000000005
0.0	5.7
0.0	5.800000000000001
0.0	5.9
0.0	6.0
0.0	6.1000000000000005
0.0	6.2
0.0	6.300000000000001
0.0	6.4
0.0	6.5
0.0	6.6000000000000005
0.0	6.7
0.0	6.800000000000001
0.0	6.9
0.0	7.0
0.0	7.1000000000000005
0.0	7.2
0.0	7.300000000000001
0.0	7.4
0.0	7.5
0.0	7.6000000000000005
0.0	7.7
