a = 5564.123454072915 м
b = 6327.735626141996 м
x0 = 2059.500292072503 м
vr = 1530.7314374464688 м/с
A0 = 0.6270030057375329 м
Xmax = 4530.608361998993 м
sigmaX = 4819.7995161523495 м
sigmaY = 4981.592884709372 м
M0 = 8.053444426606735e+19 Н*м - интегральное значение сейсмического момента
Mr_max = 1.8717550469018202e+19 Н*м/с - максимальное значение функции источника
1-ый столбец - отнормированная функция источника
2-ой столбец - время
0.0	0.0
0.0006744573546528907	0.1
0.08227002836583089	0.2
0.16435708318089798	0.30000000000000004
0.24538772801516248	0.4
0.3229943269882737	0.5
0.39854756757073256	0.6000000000000001
0.47957056511922436	0.7000000000000001
0.5499453460235595	0.8
0.62578319740392	0.9
0.6856942807782418	1.0
0.758751166594866	1.1
0.8166713334531503	1.2000000000000002
0.8929980479243586	1.3
0.9525264732453405	1.4000000000000001
0.9186030118480956	1.5
0.9164364235692762	1.6
0.9227877354837528	1.7000000000000002
0.9303328114592277	1.8
0.9247258163681767	1.9000000000000001
0.9496963527519786	2.0
0.9598924012890632	2.1
0.9586586474026051	2.2
0.9781319556193997	2.3000000000000003
0.9856147369746997	2.4000000000000004
0.9832316792967335	2.5
0.9883368292204741	2.6
1.0	2.7
0.9912271528068031	2.8000000000000003
0.9959929637041486	2.9000000000000004
0.9915728130093175	3.0
0.9963175005339403	3.1
0.9722614191047558	3.2
0.9830185684938489	3.3000000000000003
0.9735871276596457	3.4000000000000004
0.9593547611698753	3.5
0.9479652141236262	3.6
0.9269103254827942	3.7
0.9170884692326973	3.8000000000000003
0.8907127657999185	3.9000000000000004
0.8894442827414801	4.0
0.8558685794205515	4.1000000000000005
0.8324327421444605	4.2
0.7851896085935783	4.3
0.7833767632464254	4.4
0.7629350532896727	4.5
0.730392125246026	4.6000000000000005
0.6986445683797063	4.7
0.6690051280747965	4.800000000000001
0.63667371998764	4.9
0.6055359415532389	5.0
0.5782409754746475	5.1000000000000005
0.5355441814253975	5.2
0.5053424443356312	5.300000000000001
0.4714438142870692	5.4
0.4240007024054475	5.5
0.3852037390546813	5.6000000000000005
0.3373495039113365	5.7
0.286020735526402	5.800000000000001
0.2142636826769463	5.9
0.10062910823048754	6.0
0.0	6.1000000000000005
0.0	6.2
0.0	6.300000000000001
0.0	6.4
0.0	6.5
0.0	6.6000000000000005
0.0	6.7
0.0	6.800000000000001
0.0	6.9
0.0	7.0
0.0	7.1000000000000005
0.0	7.2
0.0	7.300000000000001
0.0	7.4
0.0	7.5
0.0	7.6000000000000005
0.0	7.7
0.0	7.800000000000001
0.0	7.9
