a = 9509.934987900924 м
b = 9168.109734258853 м
x0 = 428.56455991169895 м
vr = 2010.0278183784542 м/с
A0 = 0.5087350159162033 м
Xmax = 10184.005898406103 м
sigmaX = 4030.2529845753133 м
sigmaY = 4511.89646872076 м
M0 = 8.592140102829295e+19 Н*м - интегральное значение сейсмического момента
Mr_max = 1.898247879985278e+19 Н*м/с - максимальное значение функции источника
1-ый столбец - отнормированная функция источника
2-ой столбец - время
0.0	0.0
4.320399952529026e-05	0.1
0.007023616533561494	0.2
0.014033087554180382	0.30000000000000004
0.017211983914890625	0.4
0.0224549153019329	0.5
0.02836448720599687	0.6000000000000001
0.035251325563045985	0.7000000000000001
0.042668394230221895	0.8
0.05173133033602232	0.9
0.06089170813610773	1.0
0.0714193912616472	1.1
0.08215993505228392	1.2000000000000002
0.09579613111467508	1.3
0.10898009768180934	1.4000000000000001
0.12418987875036241	1.5
0.1394257514770702	1.6
0.15684555842475775	1.7000000000000002
0.1760001322479661	1.8
0.19306205582157773	1.9000000000000001
0.21515667887225806	2.0
0.23913306189550068	2.1
0.26142337710414937	2.2
0.28382359650806877	2.3000000000000003
0.30960546391749055	2.4000000000000004
0.33765275355628505	2.5
0.3633043930449414	2.6
0.39600588931982783	2.7
0.42720518508118205	2.8000000000000003
0.4566465289171795	2.9000000000000004
0.49166140020774535	3.0
0.5174730015856875	3.1
0.5441597788391135	3.2
0.5726485015746476	3.3000000000000003
0.6132167108201086	3.4000000000000004
0.6470020408202137	3.5
0.6835724350206365	3.6
0.7150264815395141	3.7
0.7425913470564969	3.8000000000000003
0.7653431350796274	3.9000000000000004
0.7866581551589645	4.0
0.8240616718766887	4.1000000000000005
0.8518759700342942	4.2
0.8771540297563132	4.3
0.9018033560246307	4.4
0.9204931623690582	4.5
0.9396454426329914	4.6000000000000005
0.9500422048361332	4.7
0.9552653407129944	4.800000000000001
0.9752910287607768	4.9
0.9784664921275595	5.0
0.9838506137038913	5.1000000000000005
0.98627723387343	5.2
0.9983429121213458	5.300000000000001
1.0	5.4
0.9778251638502842	5.5
0.9788331749220611	5.6000000000000005
0.9653065662738418	5.7
0.954934627815462	5.800000000000001
0.9337066373374066	5.9
0.9254116591091816	6.0
0.8984954819142155	6.1000000000000005
0.8778032004342103	6.2
0.8565376707433001	6.300000000000001
0.8299069406913377	6.4
0.7962790423796647	6.5
0.7711131961356982	6.6000000000000005
0.7487006262695861	6.7
0.7134944052361654	6.800000000000001
0.676098826421441	6.9
0.6550848804036172	7.0
0.6155104371686948	7.1000000000000005
0.5830027351728401	7.2
0.545324066425901	7.300000000000001
0.5196626672702291	7.4
0.4874399055002386	7.5
0.45034864929739493	7.6000000000000005
0.4189165838865119	7.7
0.39055519108648695	7.800000000000001
0.35967760616859024	7.9
0.3306290295800995	8.0
0.30152320073729194	8.1
0.2748155715944983	8.200000000000001
0.2480158163999662	8.3
0.22249022797172383	8.4
0.19927008603677085	8.5
0.1763002169740769	8.6
0.1535857537053291	8.700000000000001
0.1318042670723957	8.8
0.11159155894005099	8.9
0.09146500933748408	9.0
0.07236177609326826	9.1
0.052116692629738386	9.200000000000001
0.028159105454713958	9.3
0.0	9.4
0.0	9.5
0.0	9.600000000000001
0.0	9.700000000000001
0.0	9.8
0.0	9.9
0.0	10.0
0.0	10.100000000000001
0.0	10.200000000000001
