a = 15293.892137770265 м
b = 13034.686547194271 м
x0 = 5554.885269161677 м
vr = 1559.534717100096 м/с
A0 = 1.6960185836404293 м
Xmax = 10911.884024110856 м
sigmaX = 4751.97837386824 м
sigmaY = 4692.840962931632 м
M0 = 4.052464456137429e+20 Н*м - интегральное значение сейсмического момента
Mr_max = 6.5339503564187484e+19 Н*м/с - максимальное значение функции источника
1-ый столбец - отнормированная функция источника
2-ой столбец - время
0.0	0.0
0.00032165581239895427	0.1
0.04087784824809136	0.2
0.08005622902627896	0.30000000000000004
0.12050334727551264	0.4
0.15823837849213773	0.5
0.19841273047709496	0.6000000000000001
0.2392592587408616	0.7000000000000001
0.27661441312889123	0.8
0.31565849092167714	0.9
0.34950098546718167	1.0
0.38635017717827436	1.1
0.42308914488430915	1.2000000000000002
0.46402983970744094	1.3
0.49483526931743715	1.4000000000000001
0.5298369485207173	1.5
0.5598161028228632	1.6
0.6004400173029436	1.7000000000000002
0.626641375884388	1.8
0.6533402455953465	1.9000000000000001
0.6811816634202956	2.0
0.7120707333636749	2.1
0.7478298889555227	2.2
0.7649343510591039	2.3000000000000003
0.7973008911250827	2.4000000000000004
0.8184704773926679	2.5
0.8437694638261216	2.6
0.8683987827850732	2.7
0.8770529463727731	2.8000000000000003
0.9021634759454337	2.9000000000000004
0.9237846413159315	3.0
0.9333151451251852	3.1
0.9455283155730845	3.2
0.9760795218663114	3.3000000000000003
0.9832255067558514	3.4000000000000004
0.9976464180320898	3.5
0.9918787982630457	3.6
1.0	3.7
0.9934999084496313	3.8000000000000003
0.9890845522397043	3.9000000000000004
0.9892920757060818	4.0
0.9950669032812957	4.1000000000000005
0.9967408502741433	4.2
0.9792022242257318	4.3
0.9850990780118523	4.4
0.9853862744696307	4.5
0.9743126074338503	4.6000000000000005
0.9576909488580959	4.7
0.9510134020819145	4.800000000000001
0.9550125181835034	4.9
0.9401985133755103	5.0
0.926201065578809	5.1000000000000005
0.9191109498453096	5.2
0.9092695815958289	5.300000000000001
0.899126110223259	5.4
0.8761092417206627	5.5
0.8643676749229318	5.6000000000000005
0.8542728817525888	5.7
0.827020092782084	5.800000000000001
0.8177631922962193	5.9
0.796425531127482	6.0
0.7871372631391007	6.1000000000000005
0.7721946923750533	6.2
0.7455306225275269	6.300000000000001
0.7295947179376666	6.4
0.7130008045423165	6.5
0.6857865361447784	6.6000000000000005
0.6656894508816333	6.7
0.6500258682316619	6.800000000000001
0.6298606547419497	6.9
0.6068639941750071	7.0
0.5850841693591545	7.1000000000000005
0.5681970746644498	7.2
0.5464492018860126	7.300000000000001
0.5250535579740646	7.4
0.5026004865378442	7.5
0.4808941459085921	7.6000000000000005
0.4681869626002346	7.7
0.44307928957563764	7.800000000000001
0.42606784664483127	7.9
0.40974339863819464	8.0
0.39027322627307315	8.1
0.3697876239518691	8.200000000000001
0.35123804174320084	8.3
0.3370332203406608	8.4
0.31986811210391547	8.5
0.30459215146339785	8.6
0.28965342738199584	8.700000000000001
0.27567026159681257	8.8
0.25945470300238727	8.9
0.24371983168632555	9.0
0.22972378524627185	9.1
0.21800687294372545	9.200000000000001
0.20469902671064027	9.3
0.19184133559096136	9.4
0.18018950206489792	9.5
0.16981432620504217	9.600000000000001
0.16055619224860282	9.700000000000001
0.14799196151389435	9.8
0.13879156916927735	9.9
0.12932397029236775	10.0
0.12010408086095684	10.100000000000001
0.11199442871301805	10.200000000000001
0.10409336693658613	10.3
0.09690572870853975	10.4
0.09079154308169364	10.5
0.0839529319974775	10.600000000000001
0.07790741825177493	10.700000000000001
0.0721236957225311	10.8
0.06662534791253752	10.9
0.06072749273027353	11.0
0.05639042789985331	11.100000000000001
0.05186401210646319	11.200000000000001
0.047395837550529334	11.3
0.04366930829293781	11.4
0.0398170461657208	11.5
0.03713129926305485	11.600000000000001
0.03354363162711461	11.700000000000001
0.030633526724286205	11.8
0.02780966226303315	11.9
0.02555707205889757	12.0
0.02320588070317879	12.100000000000001
0.021184445633446902	12.200000000000001
0.019097457119877162	12.3
0.017261786509464846	12.4
0.015642991290349295	12.5
0.014131425120040439	12.600000000000001
0.012710558204385018	12.700000000000001
0.011570326809411358	12.8
0.010347256133968629	12.9
0.009284187504295044	13.0
0.008409554531600843	13.100000000000001
0.007460848012758777	13.200000000000001
0.006696032439277481	13.3
0.005966714515127702	13.4
0.005343791885599869	13.5
0.004722729032104168	13.600000000000001
0.00419517283776876	13.700000000000001
0.0037681172109571216	13.8
0.0033020941965072807	13.9
0.0029227851057660893	14.0
0.002573531058259515	14.100000000000001
0.002273741272271973	14.200000000000001
0.001986444577986696	14.3
0.0017458465292479694	14.4
0.001538750758283524	14.5
0.001324410974261292	14.600000000000001
0.0011575569793092807	14.700000000000001
0.001003211157696093	14.8
0.0008609488361413011	14.9
0.0007391335692921364	15.0
0.00063162413622649	15.100000000000001
0.0005367839002991016	15.200000000000001
0.0004544203057718303	15.3
0.0003826985908110201	15.4
0.00031562017638253273	15.5
0.00025843468962696603	15.600000000000001
0.00020876119882804318	15.700000000000001
0.00016376283219401972	15.8
0.00012286946834860968	15.9
8.510998167986924e-05	16.0
4.450393741769735e-05	16.1
0.0	16.2
0.0	16.3
0.0	16.400000000000002
0.0	16.5
0.0	16.6
0.0	16.7
0.0	16.8
0.0	16.900000000000002
0.0	17.0
