a = 7771.053720524773 м
b = 8199.524794452587 м
x0 = 3636.87027896982 м
vr = 1635.6255577008997 м/с
A0 = 0.7462817423183853 м
Xmax = 7801.197735422327 м
sigmaX = 4842.4574502968235 м
sigmaY = 4887.688929682047 м
M0 = 1.3744059267821717e+20 Н*м - интегральное значение сейсмического момента
Mr_max = 2.84753692239497e+19 Н*м/с - максимальное значение функции источника
1-ый столбец - отнормированная функция источника
2-ой столбец - время
0.0	0.0
0.0004444901411220764	0.1
0.05866129766256015	0.2
0.11625950940236394	0.30000000000000004
0.17185124504441213	0.4
0.2293155026533164	0.5
0.2849235585755161	0.6000000000000001
0.3412034312460253	0.7000000000000001
0.3940991492690048	0.8
0.44319429542553285	0.9
0.4938157957169999	1.0
0.5385275929262807	1.1
0.5890426906167109	1.2000000000000002
0.6323543213688815	1.3
0.6792070503824088	1.4000000000000001
0.718983055728051	1.5
0.7669676391688	1.6
0.8073715064663081	1.7000000000000002
0.8437114256601538	1.8
0.8664840240558567	1.9000000000000001
0.9064660860375043	2.0
0.9448975992139448	2.1
0.9734105687921496	2.2
1.0	2.3000000000000003
0.9773922460957457	2.4000000000000004
0.9708425656770749	2.5
0.9615651924838291	2.6
0.9660155949964099	2.7
0.9691881514729485	2.8000000000000003
0.9769770149747647	2.9000000000000004
0.9692843026792626	3.0
0.9699445997539982	3.1
0.9701245569431619	3.2
0.9840013686349729	3.3000000000000003
0.96252906955138	3.4000000000000004
0.9660495045427943	3.5
0.9601027266006539	3.6
0.956498982990489	3.7
0.9444133237213385	3.8000000000000003
0.9491472816837098	3.9000000000000004
0.9445398083482351	4.0
0.9197836010477946	4.1000000000000005
0.9161704363319365	4.2
0.8990847137698218	4.3
0.8772517505128874	4.4
0.8648280658484208	4.5
0.8433089797545776	4.6000000000000005
0.8347877747390942	4.7
0.819188276376256	4.800000000000001
0.7922078258627315	4.9
0.7662871187070956	5.0
0.747572795621715	5.1000000000000005
0.7273932718103988	5.2
0.6946408572557676	5.300000000000001
0.6801640941179499	5.4
0.6554153227554637	5.5
0.627764943418209	5.6000000000000005
0.5990913668912651	5.7
0.5779167633873363	5.800000000000001
0.5485328355556034	5.9
0.5219304140696966	6.0
0.49426612717358653	6.1000000000000005
0.47114429360483073	6.2
0.44270449668592987	6.300000000000001
0.4157867574440832	6.4
0.38473392871510176	6.5
0.35625550167921943	6.6000000000000005
0.32676092521231037	6.7
0.2990489173672429	6.800000000000001
0.26793067335664356	6.9
0.23466489982220531	7.0
0.19871353590600965	7.1000000000000005
0.15781912913670298	7.2
0.10352455716784616	7.300000000000001
0.0	7.4
0.0	7.5
0.0	7.6000000000000005
0.0	7.7
0.0	7.800000000000001
0.0	7.9
0.0	8.0
0.0	8.1
0.0	8.200000000000001
0.0	8.3
0.0	8.4
0.0	8.5
0.0	8.6
0.0	8.700000000000001
0.0	8.8
