a = 5679.750661451046 м
b = 4273.929712889406 м
x0 = 980.039196068642 м
vr = 2098.9776946450165 м/с
A0 = 1.4024783746275253 м
Xmax = 4783.195632849742 м
sigmaX = 4001.2995409268456 м
sigmaY = 4645.326907251175 м
M0 = 1.2785498206767628e+20 Н*м - интегральное значение сейсмического момента
Mr_max = 4.104283633618019e+19 Н*м/с - максимальное значение функции источника
1-ый столбец - отнормированная функция источника
2-ой столбец - время
0.0	0.0
0.000685639340433179	0.1
0.11440095032423167	0.2
0.2284667225172381	0.30000000000000004
0.333120089658412	0.4
0.4459798374301518	0.5
0.49715534061972066	0.6000000000000001
0.5238196019219118	0.7000000000000001
0.5596279201836075	0.8
0.6083791398528055	0.9
0.6593317820513223	1.0
0.7152853528383817	1.1
0.7517255402309595	1.2000000000000002
0.7934604655702965	1.3
0.8488060256302901	1.4000000000000001
0.8711086662727636	1.5
0.911615796054667	1.6
0.9329873755224949	1.7000000000000002
0.962268341365685	1.8
0.9850079504265117	1.9000000000000001
0.9759505114337578	2.0
0.990554898533715	2.1
1.0	2.2
0.9845398659434165	2.3000000000000003
0.9867895361618605	2.4000000000000004
0.9824891902896448	2.5
0.9418758651785043	2.6
0.9540182742593535	2.7
0.9175717469274753	2.8000000000000003
0.8840959270109622	2.9000000000000004
0.8600922324930969	3.0
0.8276885288596111	3.1
0.7878893707176657	3.2
0.7548220465809267	3.3000000000000003
0.720678577979463	3.4000000000000004
0.6792644581375098	3.5
0.6291162814954038	3.6
0.5912388311233805	3.7
0.5529443761380618	3.8000000000000003
0.5017454474256338	3.9000000000000004
0.46549319199780526	4.0
0.427330573028521	4.1000000000000005
0.381990842041547	4.2
0.3409514618541243	4.3
0.2996896845205402	4.4
0.2611024143694397	4.5
0.22158202827273016	4.6000000000000005
0.1827573695216064	4.7
0.14476571889431897	4.800000000000001
0.1044040146490889	4.9
0.054929329887321555	5.0
0.0	5.1000000000000005
0.0	5.2
0.0	5.300000000000001
0.0	5.4
0.0	5.5
0.0	5.6000000000000005
0.0	5.7
0.0	5.800000000000001
0.0	5.9
