a = 12682.489675762385 м
b = 14780.577729926434 м
x0 = 767.0679459976943 м
vr = 2050.886851996126 м/с
A0 = 1.7997289805934178 м
Xmax = 10536.779505410417 м
sigmaX = 4150.595164814425 м
sigmaY = 4683.059069073313 м
M0 = 3.651018732237102e+20 Н*м - интегральное значение сейсмического момента
Mr_max = 7.580239126060052e+19 Н*м/с - максимальное значение функции источника
1-ый столбец - отнормированная функция источника
2-ой столбец - время
0.0	0.0
4.583446336614503e-05	0.1
0.0076303934467881135	0.2
0.01508779839361266	0.30000000000000004
0.02298360278708312	0.4
0.02899127925924771	0.5
0.034307707686562744	0.6000000000000001
0.04106836888754627	0.7000000000000001
0.049041349693682505	0.8
0.05806463284874977	0.9
0.06798007235532974	1.0
0.07874610499376047	1.1
0.09009244942147082	1.2000000000000002
0.10416360187847758	1.3
0.11795711708468763	1.4000000000000001
0.1343495064549462	1.5
0.15044842299206138	1.6
0.168230233473676	1.7000000000000002
0.1847900217175561	1.8
0.2077812884090526	1.9000000000000001
0.2289697902933966	2.0
0.2518841052464495	2.1
0.2763374996129725	2.2
0.2997698669321461	2.3000000000000003
0.3284154708988571	2.4000000000000004
0.35240257846755857	2.5
0.3836026550541152	2.6
0.4128332796377342	2.7
0.43726077766124777	2.8000000000000003
0.4684144874519701	2.9000000000000004
0.503251534463436	3.0
0.5328844666023208	3.1
0.5618963660633565	3.2
0.6004997438644393	3.3000000000000003
0.6290501061179208	3.4000000000000004
0.6616036793427678	3.5
0.6922527541484512	3.6
0.7251968857283416	3.7
0.7534028943626208	3.8000000000000003
0.7711804709742922	3.9000000000000004
0.8128270350508187	4.0
0.8379823245532013	4.1000000000000005
0.8658871499094306	4.2
0.8822493085559914	4.3
0.914858077413934	4.4
0.9315899130200908	4.5
0.9381421874052057	4.6000000000000005
0.9616414397265377	4.7
0.9664957080610652	4.800000000000001
0.9760878364851503	4.9
0.9889430429266798	5.0
0.9998814897618721	5.1000000000000005
1.0	5.2
0.9866987699824415	5.300000000000001
0.9838377640987424	5.4
0.9975724907681435	5.5
0.9832390060937045	5.6000000000000005
0.9668262766373349	5.7
0.961304683929202	5.800000000000001
0.942340717966179	5.9
0.9231422997555007	6.0
0.9100891136374195	6.1000000000000005
0.8923667099427125	6.2
0.863320746121704	6.300000000000001
0.8323845643051668	6.4
0.8210033296877269	6.5
0.7899869744485242	6.6000000000000005
0.757193584517033	6.7
0.7265561544597692	6.800000000000001
0.703470908037869	6.9
0.6706213394754899	7.0
0.6410905302130459	7.1000000000000005
0.614721549571626	7.2
0.5840043208946251	7.300000000000001
0.5491730156219635	7.4
0.5204951053938263	7.5
0.4965708223142963	7.6000000000000005
0.46187366383194517	7.7
0.43448732147779023	7.800000000000001
0.4061743759181575	7.9
0.37734112823320015	8.0
0.3518705792148206	8.1
0.3269014892614368	8.200000000000001
0.30464265560954834	8.3
0.28041903105897587	8.4
0.25859719716991764	8.5
0.23718950852293322	8.6
0.2187824488519689	8.700000000000001
0.19945204971486802	8.8
0.1823938624721934	8.9
0.16746672719828626	9.0
0.15084972350580694	9.1
0.13612867089090874	9.200000000000001
0.12308220298635435	9.3
0.11073742986984968	9.4
0.09992522809147579	9.5
0.08891684890777214	9.600000000000001
0.07987826833270947	9.700000000000001
0.07131405843180225	9.8
0.06324328636320214	9.9
0.056186923718815875	10.0
0.049463321147721694	10.100000000000001
0.04371209892428478	10.200000000000001
0.038366221236789	10.3
0.033637872697474855	10.4
0.02930518177329589	10.5
0.025547175504397793	10.600000000000001
0.022113427183856147	10.700000000000001
0.01904841831250769	10.8
0.016317202961334414	10.9
0.014010462801880957	11.0
0.01193243293358269	11.100000000000001
0.01009010337698691	11.200000000000001
0.008458943345557782	11.3
0.007048435093148294	11.4
0.005834503104424494	11.5
0.0047335556400359665	11.600000000000001
0.0037526853430999113	11.700000000000001
0.002877915530250165	11.8
0.002086254738626263	11.9
0.0012982003155635558	12.0
0.0	12.100000000000001
0.0	12.200000000000001
0.0	12.3
0.0	12.4
0.0	12.5
0.0	12.600000000000001
0.0	12.700000000000001
0.0	12.8
0.0	12.9
0.0	13.0
0.0	13.100000000000001
0.0	13.200000000000001
0.0	13.3
0.0	13.4
0.0	13.5
0.0	13.600000000000001
0.0	13.700000000000001
0.0	13.8
0.0	13.9
0.0	14.0
0.0	14.100000000000001
0.0	14.200000000000001
0.0	14.3
0.0	14.4
0.0	14.5
0.0	14.600000000000001
0.0	14.700000000000001
0.0	14.8
0.0	14.9
0.0	15.0
