a = 9004.34762000761 м
b = 8714.82309449043 м
x0 = 7103.481220043376 м
vr = 1535.9550131044518 м/с
A0 = 0.5794159012650757 м
Xmax = 7949.613756382617 м
sigmaX = 4849.368352883156 м
sigmaY = 4075.1046694528463 м
M0 = 1.0416622842932091e+20 Н*м - интегральное значение сейсмического момента
Mr_max = 2.5600163061789483e+19 Н*м/с - максимальное значение функции источника
1-ый столбец - отнормированная функция источника
2-ой столбец - время
0.0	0.0
0.0005136061810552909	0.1
0.0636526580044227	0.2
0.12554333265722484	0.30000000000000004
0.18747978768585508	0.4
0.24624059394967288	0.5
0.30768959009502006	0.6000000000000001
0.3639871882958512	0.7000000000000001
0.4204659086703491	0.8
0.4749285140791415	0.9
0.5294629883800833	1.0
0.5755467067377854	1.1
0.6167702105928191	1.2000000000000002
0.6624799691317551	1.3
0.7064322451393926	1.4000000000000001
0.7490056158555849	1.5
0.7818556577653734	1.6
0.8202726841486062	1.7000000000000002
0.8482288692678627	1.8
0.8802664974752858	1.9000000000000001
0.9013923343015791	2.0
0.9190214132550888	2.1
0.9396985233732771	2.2
0.9561263944608497	2.3000000000000003
0.970406799301677	2.4000000000000004
0.9787205848111962	2.5
0.9986961981791184	2.6
1.0	2.7
0.994666121581165	2.8000000000000003
0.9928441889139574	2.9000000000000004
0.9947601189670257	3.0
0.9879203040695731	3.1
0.9855166195004487	3.2
0.9717475793585115	3.3000000000000003
0.9635730997406916	3.4000000000000004
0.948812755468703	3.5
0.9338831475933651	3.6
0.9232585124072297	3.7
0.8977438714546427	3.8000000000000003
0.8787299481905757	3.9000000000000004
0.8602729903119237	4.0
0.8364293122578098	4.1000000000000005
0.8205790941981276	4.2
0.7928977182043432	4.3
0.7690124373539666	4.4
0.7453710521207891	4.5
0.7247690504613562	4.6000000000000005
0.6965665430460721	4.7
0.5829928228236864	4.800000000000001
0.5169874548462968	4.9
0.4690181709371876	5.0
0.4281904699105765	5.1000000000000005
0.3902694122832514	5.2
0.36751023541539796	5.300000000000001
0.33765102604515085	5.4
0.31232085810472354	5.5
0.2874675773297287	5.6000000000000005
0.26750253350642855	5.7
0.24646112935703393	5.800000000000001
0.22942464485062697	5.9
0.20867090212792336	6.0
0.19324710690124264	6.1000000000000005
0.17729378316414546	6.2
0.1598110403680001	6.300000000000001
0.14612122051178209	6.4
0.13102478383080576	6.5
0.11754422888267321	6.6000000000000005
0.10352299526266581	6.7
0.09009621603322561	6.800000000000001
0.0751798469976311	6.9
0.06012208942947014	7.0
0.041917084434380254	7.1000000000000005
0.005086832860112507	7.2
0.0	7.300000000000001
0.0	7.4
0.0	7.5
0.0	7.6000000000000005
0.0	7.7
0.0	7.800000000000001
0.0	7.9
0.0	8.0
