a = 14673.777324076487 м
b = 18507.913482905104 м
x0 = 6903.318284404663 м
vr = 1627.9078567167055 м/с
A0 = 1.7745836422847843 м
Xmax = 14082.682128164071 м
sigmaX = 4847.908275834218 м
sigmaY = 4660.812378889363 м
M0 = 4.301739529776139e+20 Н*м - интегральное значение сейсмического момента
Mr_max = 6.568052002425881e+19 Н*м/с - максимальное значение функции источника
1-ый столбец - отнормированная функция источника
2-ой столбец - время
0.0	0.0
0.00022048207061091274	0.1
0.028909752062886106	0.2
0.057799872887356975	0.30000000000000004
0.08649624134509974	0.4
0.11481906369599283	0.5
0.1430422953140499	0.6000000000000001
0.17062890773128425	0.7000000000000001
0.19896516188464572	0.8
0.22509702266822418	0.9
0.2564016107599606	1.0
0.2840896748066508	1.1
0.3104375020281744	1.2000000000000002
0.33815925754943427	1.3
0.3666210491777579	1.4000000000000001
0.3939281238670668	1.5
0.4225826505815912	1.6
0.44632521993103424	1.7000000000000002
0.4742184079155074	1.8
0.49837485680972354	1.9000000000000001
0.528137270313739	2.0
0.5566492441066839	2.1
0.5802972353160947	2.2
0.6019427153835168	2.3000000000000003
0.6302477201250616	2.4000000000000004
0.6566013717957772	2.5
0.680635440069032	2.6
0.7043854877895716	2.7
0.7229828302075938	2.8000000000000003
0.7498687033111475	2.9000000000000004
0.7726117375294215	3.0
0.7907806742984319	3.1
0.8074032041535419	3.2
0.8244177981412574	3.3000000000000003
0.8453035372939759	3.4000000000000004
0.8702941025779949	3.5
0.883993974840461	3.6
0.8944782655821167	3.7
0.9189293503982386	3.8000000000000003
0.9293947561980893	3.9000000000000004
0.9423422061028932	4.0
0.9534546658645606	4.1000000000000005
0.9602222749766384	4.2
0.9665445397137606	4.3
0.9771721034116717	4.4
0.9805392926696852	4.5
0.9913922923937494	4.6000000000000005
0.987739845060911	4.7
0.987204954370627	4.800000000000001
0.990585992041621	4.9
0.9933256979937719	5.0
1.0	5.1000000000000005
0.9882254470073294	5.2
0.9717603054111661	5.300000000000001
0.9803380334157941	5.4
0.9810580369797196	5.5
0.9700925760103603	5.6000000000000005
0.953565788365532	5.7
0.9451523086447069	5.800000000000001
0.9391620519561057	5.9
0.9335543288418613	6.0
0.919116455935991	6.1000000000000005
0.902906513898912	6.2
0.8819657825758602	6.300000000000001
0.8799252023296159	6.4
0.8632924358973026	6.5
0.8504992661435095	6.6000000000000005
0.8279994101256443	6.7
0.8126957941114025	6.800000000000001
0.7916971808693013	6.9
0.7769967755331897	7.0
0.7595680468220902	7.1000000000000005
0.7344022457526371	7.2
0.7163729848786432	7.300000000000001
0.6934392784265047	7.4
0.674428805305032	7.5
0.6533256815250255	7.6000000000000005
0.6294589769333138	7.7
0.6126734130214343	7.800000000000001
0.591410975844342	7.9
0.5726849551086597	8.0
0.5505331658800374	8.1
0.5289382607240058	8.200000000000001
0.506872503589793	8.3
0.49029708631730784	8.4
0.4705885141369521	8.5
0.44961318009623813	8.6
0.4281376112442882	8.700000000000001
0.41059747490734044	8.8
0.3900114768607372	8.9
0.37346642777952854	9.0
0.3563334105531889	9.1
0.33819701371175126	9.200000000000001
0.32152512473493206	9.3
0.30351216850366874	9.4
0.2893029132785094	9.5
0.2751901617926443	9.600000000000001
0.25804121040014716	9.700000000000001
0.24228195922033954	9.8
0.2290832361611097	9.9
0.21872808468029592	10.0
0.20459815526313258	10.100000000000001
0.19028817468949966	10.200000000000001
0.17940876739618725	10.3
0.16833300613817384	10.4
0.16009860095354855	10.5
0.1474462474359418	10.600000000000001
0.13935310507407297	10.700000000000001
0.12928366004476885	10.8
0.12151719988870197	10.9
0.11277128933235321	11.0
0.10491157414701331	11.100000000000001
0.09746139039845898	11.200000000000001
0.09017651907143191	11.3
0.08383533967422195	11.4
0.07735457628786731	11.5
0.07170333970100605	11.600000000000001
0.0661355949432905	11.700000000000001
0.061284186568382804	11.8
0.05626348506102635	11.9
0.05183915439065688	12.0
0.04763211330001286	12.100000000000001
0.043739562954186385	12.200000000000001
0.04021655838027449	12.3
0.03667090833361601	12.4
0.03355110929628544	12.5
0.03074680032889234	12.600000000000001
0.02816981217990907	12.700000000000001
0.025622885556729976	12.8
0.023273408667733763	12.9
0.021273712922001503	13.0
0.019314660126262533	13.100000000000001
0.017524406178717568	13.200000000000001
0.01579075799465377	13.3
0.014332825965136298	13.4
0.012895501228844995	13.5
0.011574862009607894	13.600000000000001
0.010344605068937515	13.700000000000001
0.009153974186237207	13.8
0.002998370922302768	13.9
0.0	14.0
0.0	14.100000000000001
0.0	14.200000000000001
0.0	14.3
0.0	14.4
0.0	14.5
0.0	14.600000000000001
0.0	14.700000000000001
0.0	14.8
0.0	14.9
0.0	15.0
0.0	15.100000000000001
0.0	15.200000000000001
0.0	15.3
0.0	15.4
0.0	15.5
0.0	15.600000000000001
0.0	15.700000000000001
0.0	15.8
0.0	15.9
0.0	16.0
0.0	16.1
0.0	16.2
0.0	16.3
0.0	16.400000000000002
0.0	16.5
0.0	16.6
0.0	16.7
0.0	16.8
0.0	16.900000000000002
0.0	17.0
0.0	17.1
0.0	17.2
0.0	17.3
0.0	17.400000000000002
0.0	17.5
0.0	17.6
0.0	17.7
0.0	17.8
0.0	17.900000000000002
0.0	18.0
0.0	18.1
0.0	18.2
0.0	18.3
0.0	18.400000000000002
0.0	18.5
0.0	18.6
0.0	18.7
0.0	18.8
0.0	18.900000000000002
0.0	19.0
0.0	19.1
0.0	19.200000000000003
0.0	19.3
0.0	19.400000000000002
