a = 13370.816735228158 м
b = 9055.8346371172 м
x0 = 1201.596909604911 м
vr = 1888.5322995154925 м/с
A0 = 1.4795302162853188 м
Xmax = 13090.781823954463 м
sigmaX = 4408.436337398041 м
sigmaY = 4098.032518609089 м
M0 = 2.6360292851443178e+20 Н*м - интегральное значение сейсмического момента
Mr_max = 4.729031333756696e+19 Н*м/с - максимальное значение функции источника
1-ый столбец - отнормированная функция источника
2-ой столбец - время
0.0	0.0
2.3392763648029718e-05	0.1
0.003565719417735339	0.2
0.007124503793290377	0.30000000000000004
0.010800259211174354	0.4
0.014572246186409416	0.5
0.01858799884541041	0.6000000000000001
0.022770171010827317	0.7000000000000001
0.025764242149765824	0.8
0.029468109718236574	0.9
0.03366000172613483	1.0
0.03896227818505086	1.1
0.04466087864404685	1.2000000000000002
0.05036905452226601	1.3
0.057709975546360794	1.4000000000000001
0.06436477931504647	1.5
0.07278715480693065	1.6
0.08111843366599204	1.7000000000000002
0.09200417805405117	1.8
0.10263257029484216	1.9000000000000001
0.11285381405313377	2.0
0.12507066733097874	2.1
0.1376273594277477	2.2
0.15157204377029018	2.3000000000000003
0.1637337765396046	2.4000000000000004
0.18205078329405097	2.5
0.19958613555549493	2.6
0.21540775341976787	2.7
0.23171286323227389	2.8000000000000003
0.25409983150813437	2.9000000000000004
0.2726613268357179	3.0
0.29299956482215755	3.1
0.3151980129994719	3.2
0.3371598463163363	3.3000000000000003
0.3617207334573334	3.4000000000000004
0.381134840246543	3.5
0.40981688915451686	3.6
0.43253623228489146	3.7
0.4607287914046553	3.8000000000000003
0.48309459081691813	3.9000000000000004
0.5103992035033218	4.0
0.5380478481846527	4.1000000000000005
0.5598169305482049	4.2
0.5950061563025912	4.3
0.6176194594840181	4.4
0.6479779181512939	4.5
0.6690342090373527	4.6000000000000005
0.7051837327497209	4.7
0.7229181393920947	4.800000000000001
0.7537310661746278	4.9
0.7793710991449645	5.0
0.797412068659282	5.1000000000000005
0.8254585871476217	5.2
0.8504451151864209	5.300000000000001
0.8629152431459282	5.4
0.9003192271134697	5.5
0.9049823366193545	5.6000000000000005
0.9256400825752703	5.7
0.9377210167641776	5.800000000000001
0.952796823015851	5.9
0.9667598104558648	6.0
0.9663176326657315	6.1000000000000005
0.9813870680650146	6.2
0.9859471917357964	6.300000000000001
0.9969524354679403	6.4
0.9843382016344342	6.5
0.9971397704374949	6.6000000000000005
0.9971932035908586	6.7
1.0	6.800000000000001
0.9915493390424173	6.9
0.9866008993747674	7.0
0.9735103770913707	7.1000000000000005
0.9634038838743157	7.2
0.950888546462171	7.300000000000001
0.9322774272521434	7.4
0.927364888281777	7.5
0.8957438297958377	7.6000000000000005
0.8892933607077755	7.7
0.8625099141044446	7.800000000000001
0.842258257141483	7.9
0.8219197319681188	8.0
0.7982259543953734	8.1
0.7843527727439608	8.200000000000001
0.7481681872179713	8.3
0.7265699636515416	8.4
0.6994121188998651	8.5
0.6736740026305739	8.6
0.6473784179592783	8.700000000000001
0.6158798379201765	8.8
0.5907285899391864	8.9
0.5653242905539194	9.0
0.5417951003776901	9.1
0.5144296581223792	9.200000000000001
0.48608432734455	9.3
0.4584370372518426	9.4
0.43760469236203187	9.5
0.4106565907765143	9.600000000000001
0.38729986271722977	9.700000000000001
0.36543524246133713	9.8
0.3418512966834376	9.9
0.32126643035829333	10.0
0.29968524060923313	10.100000000000001
0.2775627988432212	10.200000000000001
0.2568088333896874	10.3
0.2397027109794766	10.4
0.22299133482083583	10.5
0.2054820511495752	10.600000000000001
0.19072761466227806	10.700000000000001
0.1731652652602765	10.8
0.16036749488981705	10.9
0.1450581000692997	11.0
0.13376919913936483	11.100000000000001
0.12142589260011895	11.200000000000001
0.10963972383313027	11.3
0.09949394672617513	11.4
0.09019784082891182	11.5
0.08228092683819657	11.600000000000001
0.07352324593886758	11.700000000000001
0.06543079816375248	11.8
0.05844120049005898	11.9
0.05231453596179683	12.0
0.046567017196546746	12.100000000000001
0.04092973753694011	12.200000000000001
0.03607936808145424	12.3
0.031449629394432126	12.4
0.027433444727636664	12.5
0.023941197808032614	12.600000000000001
0.020626201204438654	12.700000000000001
0.0176574410587068	12.8
0.01493405517418554	12.9
0.012484783519267934	13.0
0.01033888621802889	13.100000000000001
0.008359294325629747	13.200000000000001
0.006574013792399524	13.3
0.0049291823546794514	13.4
0.003293307454575894	13.5
0.0013169007942427458	13.600000000000001
0.0	13.700000000000001
0.0	13.8
0.0	13.9
0.0	14.0
0.0	14.100000000000001
0.0	14.200000000000001
0.0	14.3
0.0	14.4
0.0	14.5
