a = 6531.42205621854 м
b = 8271.931195794246 м
x0 = 4574.245341000779 м
vr = 1544.5590726982318 м/с
A0 = 0.7843019289614168 м
Xmax = 6843.5250625462695 м
sigmaX = 4561.045927639264 м
sigmaY = 4138.4955962754975 м
M0 = 1.1474590519244246e+20 Н*м - интегральное значение сейсмического момента
Mr_max = 3.1251862422338146e+19 Н*м/с - максимальное значение функции источника
1-ый столбец - отнормированная функция источника
2-ой столбец - время
0.0	0.0
0.0005137904854535549	0.1
0.0631694457506329	0.2
0.12463627799792429	0.30000000000000004
0.18716143460908724	0.4
0.24797783490313172	0.5
0.3064620798801879	0.6000000000000001
0.363854309009614	0.7000000000000001
0.41852564420464067	0.8
0.4743315222880262	0.9
0.5246083994402694	1.0
0.5709637143770505	1.1
0.6193518521079956	1.2000000000000002
0.6600997011373904	1.3
0.706062968987914	1.4000000000000001
0.7468074016704404	1.5
0.7795548538781578	1.6
0.8128777340168164	1.7000000000000002
0.8431506593277366	1.8
0.8708744096853742	1.9000000000000001
0.9026369235004322	2.0
0.9307104706169901	2.1
0.9381699173421146	2.2
0.9527464522147521	2.3000000000000003
0.9777139162502142	2.4000000000000004
0.9893069426401003	2.5
0.9896698579647304	2.6
1.0	2.7
0.9951577071392304	2.8000000000000003
0.9857890061299026	2.9000000000000004
0.9868452549308958	3.0
0.9469471633905656	3.1
0.9030805451800062	3.2
0.8791932888040325	3.3000000000000003
0.8569688804364729	3.4000000000000004
0.8290785041771529	3.5
0.806394142417165	3.6
0.7865754158259741	3.7
0.7555770453756001	3.8000000000000003
0.7367809839874928	3.9000000000000004
0.7183925568925309	4.0
0.688711216797961	4.1000000000000005
0.6668876089913705	4.2
0.6489963592897259	4.3
0.6195592833006102	4.4
0.5984340432523675	4.5
0.5820309731090173	4.6000000000000005
0.55566235208279	4.7
0.5321457810005277	4.800000000000001
0.5076593678030672	4.9
0.48520934559520973	5.0
0.4651118714032957	5.1000000000000005
0.44310462792353245	5.2
0.4197405767522833	5.300000000000001
0.39347167101852	5.4
0.37116687118559194	5.5
0.3218565053192558	5.6000000000000005
0.159382642777492	5.7
0.06865134276549337	5.800000000000001
0.0	5.9
0.0	6.0
0.0	6.1000000000000005
0.0	6.2
0.0	6.300000000000001
0.0	6.4
0.0	6.5
0.0	6.6000000000000005
0.0	6.7
0.0	6.800000000000001
0.0	6.9
0.0	7.0
0.0	7.1000000000000005
0.0	7.2
0.0	7.300000000000001
0.0	7.4
0.0	7.5
0.0	7.6000000000000005
0.0	7.7
0.0	7.800000000000001
0.0	7.9
0.0	8.0
0.0	8.1
0.0	8.200000000000001
0.0	8.3
0.0	8.4
0.0	8.5
0.0	8.6
0.0	8.700000000000001
