a = 13906.250430129865 м
b = 10470.873881844807 м
x0 = 11210.819416057264 м
vr = 1809.3342240686684 м/с
A0 = 0.7337723610019731 м
Xmax = 16824.424098782707 м
sigmaX = 4147.5448018206625 м
sigmaY = 4839.354580693438 м
M0 = 1.4870208302382675e+20 Н*м - интегральное значение сейсмического момента
Mr_max = 3.0710606910720066e+19 Н*м/с - максимальное значение функции источника
1-ый столбец - отнормированная функция источника
2-ой столбец - время
0.0	0.0
0.00025982653690674915	0.1
0.03793819302754864	0.2
0.07482212364756291	0.30000000000000004
0.11225546419401303	0.4
0.1489314307761856	0.5
0.18568832637594798	0.6000000000000001
0.2220168241022673	0.7000000000000001
0.2587191059476444	0.8
0.2930856504377724	0.9
0.33077132456136343	1.0
0.36689572025023526	1.1
0.40351336331754306	1.2000000000000002
0.43795317971246595	1.3
0.4745826374663558	1.4000000000000001
0.5063713692041302	1.5
0.5453472994557104	1.6
0.5719866122836308	1.7000000000000002
0.6094833971298622	1.8
0.640282234468331	1.9000000000000001
0.674541639990968	2.0
0.7007437377630618	2.1
0.7364565894894551	2.2
0.7552182184167372	2.3000000000000003
0.7853117719819164	2.4000000000000004
0.8059076760938212	2.5
0.8342443266005221	2.6
0.8654636523908139	2.7
0.8761960124070816	2.8000000000000003
0.8994246763738718	2.9000000000000004
0.9218294717329993	3.0
0.9424207590127779	3.1
0.9577058632360176	3.2
0.9717291409220276	3.3000000000000003
0.975691447476915	3.4000000000000004
0.9847158114888688	3.5
0.9905003136635674	3.6
0.9958553719827378	3.7
1.0	3.8000000000000003
0.9941075304144926	3.9000000000000004
0.9912386849824025	4.0
0.9843977818650452	4.1000000000000005
0.9845037304170182	4.2
0.9771216760913071	4.3
0.9693087933130169	4.4
0.9641829096648646	4.5
0.9325614756608465	4.6000000000000005
0.9237871252915103	4.7
0.9021885682906958	4.800000000000001
0.9018912844700757	4.9
0.8703420532850706	5.0
0.8458008716134888	5.1000000000000005
0.8256374762325747	5.2
0.8048091241971717	5.300000000000001
0.7885378066681532	5.4
0.7680375088806369	5.5
0.7395457250509566	5.6000000000000005
0.6952122887856793	5.7
0.6656460718249719	5.800000000000001
0.6311298632154362	5.9
0.6031764935270725	6.0
0.5690212004906077	6.1000000000000005
0.5321209408103964	6.2
0.5031301043129481	6.300000000000001
0.47039749045750573	6.4
0.4411325309196497	6.5
0.42411719611390053	6.6000000000000005
0.39129584466250344	6.7
0.3593280445644117	6.800000000000001
0.33072024422278207	6.9
0.30297792014494557	7.0
0.2820682227569736	7.1000000000000005
0.2559682630491428	7.2
0.23234387836562817	7.300000000000001
0.21204026031205148	7.4
0.19158459275781323	7.5
0.17218859751617868	7.6000000000000005
0.15482605152055326	7.7
0.13870146504132003	7.800000000000001
0.12400610638914994	7.9
0.10968315950053886	8.0
0.09759015662200626	8.1
0.08534624186506615	8.200000000000001
0.07444473075994497	8.3
0.06418066437228229	8.4
0.055328035757683205	8.5
0.046935014647494194	8.6
0.03923136407839453	8.700000000000001
0.03249865356123096	8.8
0.025967937000892533	8.9
0.020083990678111337	9.0
0.014534360512966514	9.1
0.008612567891533284	9.200000000000001
0.0	9.3
0.0	9.4
0.0	9.5
0.0	9.600000000000001
0.0	9.700000000000001
0.0	9.8
0.0	9.9
0.0	10.0
0.0	10.100000000000001
