a = 12951.913860404851 м
b = 8688.5534251058 м
x0 = 7808.687340440895 м
vr = 1939.7350066360232 м/с
A0 = 1.507599532872283 м
Xmax = 13164.443079175966 м
sigmaX = 4101.201002383602 м
sigmaY = 4723.23881355896 м
M0 = 2.8929693569906557e+20 Н*м - интегральное значение сейсмического момента
Mr_max = 6.780690391877453e+19 Н*м/с - максимальное значение функции источника
1-ый столбец - отнормированная функция источника
2-ой столбец - время
0.0	0.0
0.00027587362143836956	0.1
0.04280058129489732	0.2
0.08487946725959213	0.30000000000000004
0.12830070519058348	0.4
0.1682451853899494	0.5
0.21088784928550405	0.6000000000000001
0.25328120633410667	0.7000000000000001
0.2969293499236845	0.8
0.3354009416842195	0.9
0.37455394583659435	1.0
0.41449571691794	1.1
0.45557706627108263	1.2000000000000002
0.49480897798016465	1.3
0.5273138587650479	1.4000000000000001
0.5757584671251025	1.5
0.6038530609718143	1.6
0.6412818088806206	1.7000000000000002
0.6755626480253119	1.8
0.7011896047494446	1.9000000000000001
0.7442203617632691	2.0
0.763743683016763	2.1
0.8013937358215207	2.2
0.8256457998404507	2.3000000000000003
0.8582311831621809	2.4000000000000004
0.8833465316418647	2.5
0.8885951212315584	2.6
0.919811970972668	2.7
0.9353080304115972	2.8000000000000003
0.9536990369533779	2.9000000000000004
0.9667951200307093	3.0
0.9855769789741493	3.1
0.9904389062774811	3.2
0.9986424496286046	3.3000000000000003
1.0	3.4000000000000004
0.9954261148602765	3.5
0.9917250020090052	3.6
0.9957807859865878	3.7
0.9872145417013337	3.8000000000000003
0.9589216197939578	3.9000000000000004
0.9419135195984565	4.0
0.9102037043153437	4.1000000000000005
0.879040787222593	4.2
0.8664869796421146	4.3
0.8438218517357998	4.4
0.8187684917368654	4.5
0.7927939585169056	4.6000000000000005
0.7523288276927326	4.7
0.726652266145481	4.800000000000001
0.6968756419749712	4.9
0.6649476106306034	5.0
0.6374196051651374	5.1000000000000005
0.6105570392784148	5.2
0.5741331085818553	5.300000000000001
0.5401105809227337	5.4
0.5128096764794744	5.5
0.478331355656885	5.6000000000000005
0.4463742261321275	5.7
0.4168264362137088	5.800000000000001
0.39397779214116807	5.9
0.3634139854459761	6.0
0.3345680137643664	6.1000000000000005
0.3085834515379197	6.2
0.2848613279064963	6.300000000000001
0.2620293348753022	6.4
0.24193873534290938	6.5
0.2175341528635383	6.6000000000000005
0.19859379652621525	6.7
0.17953539648341862	6.800000000000001
0.16331177442882452	6.9
0.14740616648770213	7.0
0.13277577043247843	7.1000000000000005
0.11862045095603296	7.2
0.10534687294208425	7.300000000000001
0.0931292029144852	7.4
0.08298079031534214	7.5
0.07319752186505758	7.6000000000000005
0.0654755404211744	7.7
0.056396642881038454	7.800000000000001
0.049119121270393515	7.9
0.04297018607329689	8.0
0.03719673985269966	8.1
0.031856372591402074	8.200000000000001
0.027197477614013168	8.3
0.023015422522123893	8.4
0.01954365118392091	8.5
0.01637833046157915	8.6
0.013472883620063455	8.700000000000001
0.011033934938084801	8.8
0.008953092033133592	8.9
0.007040161297374241	9.0
0.005410811614905271	9.1
0.003964449604485383	9.200000000000001
0.002595305358745296	9.3
0.0010864786389042202	9.4
0.0	9.5
0.0	9.600000000000001
0.0	9.700000000000001
0.0	9.8
0.0	9.9
0.0	10.0
0.0	10.100000000000001
0.0	10.200000000000001
0.0	10.3
