a = 15137.79047965502 м
b = 13592.584665050443 м
x0 = 12933.49016368583 м
vr = 2071.9334087977963 м/с
A0 = 1.5341754651137436 м
Xmax = 18061.15402764869 м
sigmaX = 4708.930066869655 м
sigmaY = 4536.809226472706 м
M0 = 3.4635797021166803e+20 Н*м - интегральное значение сейсмического момента
Mr_max = 7.717847231856827e+19 Н*м/с - максимальное значение функции источника
1-ый столбец - отнормированная функция источника
2-ой столбец - время
0.0	0.0
0.0003415971963670595	0.1
0.05706239512647697	0.2
0.11290236015423673	0.30000000000000004
0.16885544479567477	0.4
0.22103030468805127	0.5
0.2750571254210603	0.6000000000000001
0.3298174739312375	0.7000000000000001
0.37920122738035367	0.8
0.4335151410091814	0.9
0.47907648765827615	1.0
0.5267655456629655	1.1
0.5696133975498093	1.2000000000000002
0.6103292062777086	1.3
0.6576097367405331	1.4000000000000001
0.6964484039394315	1.5
0.7367927462928646	1.6
0.770281070873459	1.7000000000000002
0.804208108974241	1.8
0.8325646781041552	1.9000000000000001
0.8591103420790881	2.0
0.8939378017141913	2.1
0.9167932649658129	2.2
0.9257343154223394	2.3000000000000003
0.9534250703863826	2.4000000000000004
0.9598615149591568	2.5
0.9812629077813443	2.6
0.9928734133947505	2.7
0.9919263992717207	2.8000000000000003
0.9964096123625652	2.9000000000000004
1.0	3.0
0.9941795688981993	3.1
0.9892171649732988	3.2
0.9884682163955184	3.3000000000000003
0.9857117705656626	3.4000000000000004
0.9699382580453723	3.5
0.963511651253391	3.6
0.9405490931832833	3.7
0.9283860050784692	3.8000000000000003
0.9136710267390794	3.9000000000000004
0.8825775247759904	4.0
0.8745155964798512	4.1000000000000005
0.8550462117812464	4.2
0.8267162692176322	4.3
0.8051119564310053	4.4
0.7746979078151788	4.5
0.7537201476655178	4.6000000000000005
0.7198688443243927	4.7
0.690490777774107	4.800000000000001
0.672850158010117	4.9
0.6391924069771241	5.0
0.6147833886672401	5.1000000000000005
0.5872975844808138	5.2
0.5558847654684681	5.300000000000001
0.5281641490174122	5.4
0.5004871406964114	5.5
0.477039876038259	5.6000000000000005
0.4498387143451265	5.7
0.4258523708159216	5.800000000000001
0.4006806956702124	5.9
0.37239797417026255	6.0
0.3520139812825505	6.1000000000000005
0.3281275515930195	6.2
0.30552275315759825	6.300000000000001
0.28136938806447503	6.4
0.2629547185471463	6.5
0.23971509899610136	6.6000000000000005
0.22115359117710395	6.7
0.20504072198256945	6.800000000000001
0.1869666216855593	6.9
0.16980376726992116	7.0
0.1552034415726204	7.1000000000000005
0.14067152288062884	7.2
0.1270864068801617	7.300000000000001
0.1143874823601782	7.4
0.10202883411310971	7.5
0.08987545587190188	7.6000000000000005
0.08072018658715703	7.7
0.07012646071323608	7.800000000000001
0.06082176122676313	7.9
0.0517128709526475	8.0
0.04288253934625709	8.1
0.03444308850041604	8.200000000000001
0.0257069213413563	8.3
0.015546941440364429	8.4
0.0	8.5
0.0	8.6
0.0	8.700000000000001
0.0	8.8
0.0	8.9
0.0	9.0
0.0	9.1
0.0	9.200000000000001
0.0	9.3
