a = 9266.360904915175 м
b = 9030.285179416023 м
x0 = 4623.756957695566 м
vr = 1634.5762724471685 м/с
A0 = 0.9567908160808568 м
Xmax = 11964.771693080973 м
sigmaX = 4530.554473597137 м
sigmaY = 4519.986552834058 м
M0 = 1.6692062609117554e+20 Н*м - интегральное значение сейсмического момента
Mr_max = 3.091049150359955e+19 Н*м/с - максимальное значение функции источника
1-ый столбец - отнормированная функция источника
2-ой столбец - время
0.0	0.0
0.00020430728515242146	0.1
0.026799065128365496	0.2
0.05299675498008736	0.30000000000000004
0.08028676994135177	0.4
0.10682079497909489	0.5
0.1329316732821178	0.6000000000000001
0.1590765395473295	0.7000000000000001
0.1854229790096131	0.8
0.21132191030738715	0.9
0.23778468643995399	1.0
0.26238972041590863	1.1
0.2919475442113141	1.2000000000000002
0.31820643760699313	1.3
0.344801288510803	1.4000000000000001
0.36994356069625217	1.5
0.39740484104840695	1.6
0.42426251939898374	1.7000000000000002
0.4539751276119211	1.8
0.4798419179357337	1.9000000000000001
0.5051588812548632	2.0
0.5361815050289123	2.1
0.5616102116459596	2.2
0.5871591474134414	2.3000000000000003
0.6053773472074753	2.4000000000000004
0.6365904355107866	2.5
0.6646091872592924	2.6
0.6835145408000316	2.7
0.7093202177317203	2.8000000000000003
0.7365009297417052	2.9000000000000004
0.753765638234478	3.0
0.7828158954127407	3.1
0.7856453167173489	3.2
0.8108668610616222	3.3000000000000003
0.8355166125376577	3.4000000000000004
0.8444944950530138	3.5
0.8565906960889277	3.6
0.8710202411242087	3.7
0.9002731000310683	3.8000000000000003
0.9150854643298894	3.9000000000000004
0.9250959081152771	4.0
0.9511935126354649	4.1000000000000005
0.9550606468312232	4.2
0.9641719842444677	4.3
0.9641082135807272	4.4
0.9755663253718275	4.5
0.9802883091673233	4.6000000000000005
0.9915723865961099	4.7
0.9907478650855761	4.800000000000001
0.9835449192454465	4.9
1.0	5.0
0.9851929163484286	5.1000000000000005
0.9895627111988976	5.2
0.9863865516567579	5.300000000000001
0.9767000358036948	5.4
0.9657705288671216	5.5
0.9593559340001545	5.6000000000000005
0.944443125268272	5.7
0.9291468231110608	5.800000000000001
0.921541613775209	5.9
0.903861671921137	6.0
0.8900273016854723	6.1000000000000005
0.8619885424189351	6.2
0.8622253165892454	6.300000000000001
0.831041347376804	6.4
0.8070187507134379	6.5
0.7912375705676843	6.6000000000000005
0.7593788999307259	6.7
0.7470338190887517	6.800000000000001
0.7230067753998097	6.9
0.6955476208550805	7.0
0.6669871458166308	7.1000000000000005
0.6322454691841293	7.2
0.6053075269165762	7.300000000000001
0.5803146273643617	7.4
0.548982622287669	7.5
0.5228411601955747	7.6000000000000005
0.4898059836826994	7.7
0.4570940299275416	7.800000000000001
0.4233807189349013	7.9
0.38880525302333535	8.0
0.35030886846875753	8.1
0.3103744274863386	8.200000000000001
0.2684552271367858	8.3
0.2187768191621699	8.4
0.15763750561248294	8.5
0.04963451628067008	8.6
0.0	8.700000000000001
0.0	8.8
0.0	8.9
0.0	9.0
0.0	9.1
0.0	9.200000000000001
0.0	9.3
0.0	9.4
0.0	9.5
