a = 17393.13114231751 м
b = 13776.277432034098 м
x0 = 5987.391121652216 м
vr = 1634.5330052845054 м/с
A0 = 1.832244189961658 м
Xmax = 15999.198093422187 м
sigmaX = 4549.813221088453 м
sigmaY = 4323.797712736848 м
M0 = 3.842140781724277e+20 Н*м - интегральное значение сейсмического момента
Mr_max = 5.847079081034357e+19 Н*м/с - максимальное значение функции источника
1-ый столбец - отнормированная функция источника
2-ой столбец - время
0.0	0.0
6.833116083096556e-05	0.1
0.009033054578561761	0.2
0.017850490576812154	0.30000000000000004
0.027066773550379057	0.4
0.036256048363382795	0.5
0.045415839213746395	0.6000000000000001
0.05500190496141492	0.7000000000000001
0.06467233351711557	0.8
0.07439961787060803	0.9
0.08541070163976783	1.0
0.09604612666395063	1.1
0.10601188651442724	1.2000000000000002
0.11800901125693174	1.3
0.13130409192075274	1.4000000000000001
0.14280362206128167	1.5
0.15579199169410113	1.6
0.16921923997390786	1.7000000000000002
0.1840839668155306	1.8
0.19813910482931482	1.9000000000000001
0.21482572493697	2.0
0.22923505693189786	2.1
0.2452102256925354	2.2
0.2622771061710023	2.3000000000000003
0.27798279519375896	2.4000000000000004
0.29967222697762097	2.5
0.3173450904647529	2.6
0.3364427433645748	2.7
0.3591896896640917	2.8000000000000003
0.3760862072484959	2.9000000000000004
0.39743145469658603	3.0
0.4181383957136451	3.1
0.43897600675634785	3.2
0.4609395452096448	3.3000000000000003
0.4812523959495563	3.4000000000000004
0.5056311655525413	3.5
0.5320649701375799	3.6
0.550490371891086	3.7
0.5700352922593052	3.8000000000000003
0.6001589826539495	3.9000000000000004
0.6212356010292083	4.0
0.6429759179299154	4.1000000000000005
0.6632429517573571	4.2
0.6824231781059555	4.3
0.7110477906666756	4.4
0.7359212958009589	4.5
0.7545702187464896	4.6000000000000005
0.7722564505377968	4.7
0.7868985123421619	4.800000000000001
0.8183026296348118	4.9
0.8326640305118008	5.0
0.8475281430225027	5.1000000000000005
0.8632608683705358	5.2
0.8849625785523275	5.300000000000001
0.8969710807214784	5.4
0.9166278559715029	5.5
0.927824803482137	5.6000000000000005
0.9424425475208967	5.7
0.9659589642793219	5.800000000000001
0.9594929376821523	5.9
0.9724330233599944	6.0
0.9743030778724993	6.1000000000000005
0.979234620542506	6.2
0.9911769031424169	6.300000000000001
0.9864150817452609	6.4
0.991460394707646	6.5
0.9904969735696879	6.6000000000000005
0.9985132722255522	6.7
1.0	6.800000000000001
0.9846638916000086	6.9
0.9835595793800123	7.0
0.9752227960189085	7.1000000000000005
0.9687750199540044	7.2
0.9575281461075807	7.300000000000001
0.9441858946355473	7.4
0.938444105746034	7.5
0.926328803222719	7.6000000000000005
0.9082239668739243	7.7
0.8973756947333296	7.800000000000001
0.8823702250198908	7.9
0.8553360698697331	8.0
0.8574202958460306	8.1
0.826518182792844	8.200000000000001
0.8032084620136056	8.3
0.7877235853590968	8.4
0.7672870763524714	8.5
0.7481182462243411	8.6
0.7293823406076871	8.700000000000001
0.706867039753971	8.8
0.6864726777173258	8.9
0.6688064988710236	9.0
0.6463262909639672	9.1
0.621254430615924	9.200000000000001
0.5968874264446645	9.3
0.57573725082037	9.4
0.5543481446883928	9.5
0.5324001865629541	9.600000000000001
0.512200385642106	9.700000000000001
0.4854893539417424	9.8
0.46430652058871874	9.9
0.44656320767788316	10.0
0.4250046776310038	10.100000000000001
0.40621385742699534	10.200000000000001
0.3857993038580616	10.3
0.3664424972646585	10.4
0.34750932918615773	10.5
0.3271111943179464	10.600000000000001
0.3126939055888818	10.700000000000001
0.29496339402052557	10.8
0.27958359654852916	10.9
0.26376731267234227	11.0
0.2485615591548676	11.100000000000001
0.23217807336931348	11.200000000000001
0.21925431605668755	11.3
0.20401319331175177	11.4
0.19200047629868638	11.5
0.18008890934958147	11.600000000000001
0.16664125196483093	11.700000000000001
0.1560064582747069	11.8
0.14535339670484243	11.9
0.135309083887575	12.0
0.1270171689795799	12.100000000000001
0.11692996098362407	12.200000000000001
0.10773164974766221	12.3
0.10016985395612968	12.4
0.09273929175286237	12.5
0.08506673737854431	12.600000000000001
0.07799593822156918	12.700000000000001
0.0722773389746166	12.8
0.06633746835392235	12.9
0.060693000948216044	13.0
0.055568042186300286	13.100000000000001
0.0511396865576258	13.200000000000001
0.04679802098111329	13.3
0.042273496869550134	13.4
0.038817165509893836	13.5
0.03516585843192295	13.600000000000001
0.03196950785997565	13.700000000000001
0.028920040843225036	13.8
0.02623869514769485	13.9
0.02381487785557533	14.0
0.021411457496330815	14.100000000000001
0.01926753869360866	14.200000000000001
0.01739357634825856	14.3
0.015697311395030836	14.4
0.014088352593937812	14.5
0.012579419196633941	14.600000000000001
0.01127782271184323	14.700000000000001
0.010046062300888378	14.8
0.00895837699182731	14.9
0.007992050079142218	15.0
0.007120963499119075	15.100000000000001
0.006299997095926739	15.200000000000001
0.0055494605619621565	15.3
0.004975315474119358	15.4
0.004359741241829403	15.5
0.0038430074238981317	15.600000000000001
0.0033814222108068974	15.700000000000001
0.0029619809642761853	15.8
0.0025751031497493033	15.9
0.002240536070280402	16.0
0.0019531264068450888	16.1
0.0016981826636691725	16.2
0.001470078628966358	16.3
0.0012672623622804115	16.400000000000002
0.0010898784404543007	16.5
0.0009302342598953794	16.6
0.0007887189182406758	16.7
0.0006670640205172541	16.8
0.0005619013929899218	16.900000000000002
0.0004701389033721835	17.0
0.00038513879336662477	17.1
0.0003135590789794111	17.2
0.000249778455004637	17.3
0.00019294661765239355	17.400000000000002
0.0001421413024235854	17.5
9.298411221467119e-05	17.6
3.427138050790059e-05	17.7
0.0	17.8
0.0	17.900000000000002
0.0	18.0
0.0	18.1
0.0	18.2
0.0	18.3
0.0	18.400000000000002
0.0	18.5
0.0	18.6
