a = 8251.987249576472 м
b = 9771.795148363664 м
x0 = 6988.044037995585 м
vr = 1710.1400268451305 м/с
A0 = 1.1475238516600812 м
Xmax = 9467.081353568716 м
sigmaX = 4789.142088076098 м
sigmaY = 4180.991920859777 м
M0 = 2.012942416382426e+20 Н*м - интегральное значение сейсмического момента
Mr_max = 5.2385765942703006e+19 Н*м/с - максимальное значение функции источника
1-ый столбец - отнормированная функция источника
2-ой столбец - время
0.0	0.0
0.0004915627235186897	0.1
0.06780044215100607	0.2
0.13387893650043933	0.30000000000000004
0.19942646527218183	0.4
0.2626264385439064	0.5
0.32313223990380624	0.6000000000000001
0.38499289948200704	0.7000000000000001
0.4422371518538049	0.8
0.5013346781721565	0.9
0.5510156377700854	1.0
0.5988409846435364	1.1
0.6557252856287675	1.2000000000000002
0.6949763712385294	1.3
0.7409357335997356	1.4000000000000001
0.77873432724165	1.5
0.811479815797168	1.6
0.8460092025765472	1.7000000000000002
0.8819151015380042	1.8
0.9013385233801995	1.9000000000000001
0.9313459921639498	2.0
0.9415507628642793	2.1
0.9615203066795365	2.2
0.9706182504675218	2.3000000000000003
0.9805768756846184	2.4000000000000004
0.9939544160730219	2.5
0.989748589025696	2.6
0.9912282111357295	2.7
1.0	2.8000000000000003
0.9841286425092505	2.9000000000000004
0.9728656092343441	3.0
0.9724219536112821	3.1
0.9622770260805363	3.2
0.9492142146189902	3.3000000000000003
0.935055684634344	3.4000000000000004
0.9101146903389701	3.5
0.8985738119976827	3.6
0.8811354029467713	3.7
0.8518331254939253	3.8000000000000003
0.8385127926095166	3.9000000000000004
0.8103773420627681	4.0
0.7891266497226945	4.1000000000000005
0.7501629808696808	4.2
0.6907128338898038	4.3
0.6592611363269149	4.4
0.62429389666875	4.5
0.5888455785004162	4.6000000000000005
0.5584202889010556	4.7
0.5298886626988135	4.800000000000001
0.5018210528366097	4.9
0.47724675771787717	5.0
0.4476701602199196	5.1000000000000005
0.4279019483564198	5.2
0.40071794899302	5.300000000000001
0.3802478157393303	5.4
0.35533682654584914	5.5
0.33154535658076084	5.6000000000000005
0.2209081765771763	5.7
0.12376840707137353	5.800000000000001
0.06354759022260946	5.9
0.0	6.0
0.0	6.1000000000000005
0.0	6.2
0.0	6.300000000000001
0.0	6.4
0.0	6.5
0.0	6.6000000000000005
0.0	6.7
0.0	6.800000000000001
0.0	6.9
0.0	7.0
0.0	7.1000000000000005
0.0	7.2
0.0	7.300000000000001
0.0	7.4
0.0	7.5
0.0	7.6000000000000005
0.0	7.7
0.0	7.800000000000001
0.0	7.9
0.0	8.0
0.0	8.1
0.0	8.200000000000001
0.0	8.3
