a = 11420.302707941908 м
b = 8551.971775577387 м
x0 = 6776.9442390223 м
vr = 1883.5547020387407 м/с
A0 = 0.9573437164124599 м
Xmax = 12948.96867277937 м
sigmaX = 4824.770615096539 м
sigmaY = 4586.104220393674 м
M0 = 1.9648854502601595e+20 Н*м - интегральное значение сейсмического момента
Mr_max = 4.115712103992201e+19 Н*м/с - максимальное значение функции источника
1-ый столбец - отнормированная функция источника
2-ой столбец - время
0.0	0.0
0.00029019788148998676	0.1
0.04411383365502973	0.2
0.08732639285754462	0.30000000000000004
0.1307882397030783	0.4
0.17388461559409157	0.5
0.21284453713369092	0.6000000000000001
0.2544359656709606	0.7000000000000001
0.29738504965238916	0.8
0.3398633187640053	0.9
0.37952934029800706	1.0
0.4201554991643543	1.1
0.4568448680791084	1.2000000000000002
0.49453668910554666	1.3
0.5299119227287041	1.4000000000000001
0.5609615608274376	1.5
0.600008291937881	1.6
0.6381523877679434	1.7000000000000002
0.6623689551503984	1.8
0.7002924391251656	1.9000000000000001
0.7339047204302408	2.0
0.7572220498820419	2.1
0.780781751090428	2.2
0.8129010344460638	2.3000000000000003
0.8326974959600406	2.4000000000000004
0.8514952362767823	2.5
0.8806561661319353	2.6
0.906306861508863	2.7
0.9167621197221093	2.8000000000000003
0.9336497564717448	2.9000000000000004
0.9494852012303947	3.0
0.9622334091933893	3.1
0.976401674426102	3.2
0.9799738587796614	3.3000000000000003
0.9863171824047301	3.4000000000000004
0.9997648403742762	3.5
1.0	3.6
0.9705235825259088	3.7
0.9659340554235075	3.8000000000000003
0.9528289609000092	3.9000000000000004
0.9359654782445097	4.0
0.9317037727076282	4.1000000000000005
0.9282465697110152	4.2
0.9163331406756253	4.3
0.8980408130241363	4.4
0.8779625471227803	4.5
0.8722779449838708	4.6000000000000005
0.8436904966717111	4.7
0.8280489594053883	4.800000000000001
0.8059854174092569	4.9
0.7845601130829069	5.0
0.7763939478354862	5.1000000000000005
0.7496844138968141	5.2
0.720963656628955	5.300000000000001
0.6889684187735279	5.4
0.6729862761937674	5.5
0.6469862750453633	5.6000000000000005
0.6239740331170315	5.7
0.5945816681259674	5.800000000000001
0.5745713093016254	5.9
0.547115126418298	6.0
0.5176829547852032	6.1000000000000005
0.49048658836463116	6.2
0.46497806345861886	6.300000000000001
0.44236349319391216	6.4
0.4192039176024486	6.5
0.39572756834258443	6.6000000000000005
0.3731805683836345	6.7
0.3444691491805429	6.800000000000001
0.32533381689973817	6.9
0.3021697244217657	7.0
0.28000486239415445	7.1000000000000005
0.2592196861419792	7.2
0.2390595084746158	7.300000000000001
0.2189747556484569	7.4
0.2006559521045302	7.5
0.18232344228706568	7.6000000000000005
0.16525348073793686	7.7
0.1488234451531771	7.800000000000001
0.13171058461376758	7.9
0.11588431149690588	8.0
0.10089380856304163	8.1
0.08555848899294005	8.200000000000001
0.07109619425467549	8.3
0.0557794860768514	8.4
0.03968848617995625	8.5
0.017984245077818872	8.6
0.0	8.700000000000001
0.0	8.8
0.0	8.9
0.0	9.0
0.0	9.1
0.0	9.200000000000001
0.0	9.3
0.0	9.4
0.0	9.5
