a = 14784.866483699392 м
b = 16361.339496930832 м
x0 = 6646.313874156917 м
vr = 1834.0744094481581 м/с
A0 = 0.5531925240861124 м
Xmax = 11377.052455884676 м
sigmaX = 4749.21901446888 м
sigmaY = 4950.464411549406 м
M0 = 1.410603307666613e+20 Н*м - интегральное значение сейсмического момента
Mr_max = 2.753570906264457e+19 Н*м/с - максимальное значение функции источника
1-ый столбец - отнормированная функция источника
2-ой столбец - время
0.0	0.0
0.0003367931950142111	0.1
0.04948459389229714	0.2
0.09920166759846134	0.30000000000000004
0.14733728100482607	0.4
0.19582187897920383	0.5
0.24468434147976625	0.6000000000000001
0.29114723464703973	0.7000000000000001
0.3344554925620442	0.8
0.38178367745278924	0.9
0.4260517150334324	1.0
0.46458520616517646	1.1
0.512314128241754	1.2000000000000002
0.5518655592921993	1.3
0.5909405351088288	1.4000000000000001
0.6239922479217112	1.5
0.6651109075717846	1.6
0.7016695720348474	1.7000000000000002
0.73406530260154	1.8
0.7580689404037677	1.9000000000000001
0.7989347125480011	2.0
0.8239698233331617	2.1
0.8474811831817138	2.2
0.8643111176333441	2.3000000000000003
0.8951165363309176	2.4000000000000004
0.9148589053095004	2.5
0.9280363843783598	2.6
0.9444615098657868	2.7
0.9623081651294719	2.8000000000000003
0.9787291324955563	2.9000000000000004
0.9838073656494284	3.0
0.9946799905209659	3.1
0.9999587365253675	3.2
1.0	3.3000000000000003
0.9964843270413437	3.4000000000000004
0.9933143857195428	3.5
0.9953856539979482	3.6
0.9960087202295036	3.7
0.9780828239669453	3.8000000000000003
0.9629143511105591	3.9000000000000004
0.9547899755856308	4.0
0.9445275682987829	4.1000000000000005
0.9280237784753246	4.2
0.9127447331730656	4.3
0.8998093790098973	4.4
0.8826641528909165	4.5
0.8630706642867898	4.6000000000000005
0.8468150061412386	4.7
0.8290404340368778	4.800000000000001
0.8073365066795811	4.9
0.7824049927774225	5.0
0.7593912983315689	5.1000000000000005
0.7386647060455466	5.2
0.7202505427255481	5.300000000000001
0.6994254494509312	5.4
0.6754239333218034	5.5
0.6520724406594269	5.6000000000000005
0.6224590779139948	5.7
0.5974099503210215	5.800000000000001
0.5721517534318397	5.9
0.5495603223763591	6.0
0.5291171277314622	6.1000000000000005
0.5054898974721466	6.2
0.480758335840829	6.300000000000001
0.4576000090822853	6.4
0.4322892213335214	6.5
0.41009004904689944	6.6000000000000005
0.38670093904359454	6.7
0.37029075439272907	6.800000000000001
0.3512647472431245	6.9
0.32981030926960336	7.0
0.3113763269169514	7.1000000000000005
0.2909958545253815	7.2
0.27440436026569026	7.300000000000001
0.2571960231320547	7.4
0.2380027795763823	7.5
0.22446274640486852	7.6000000000000005
0.2099123984428221	7.7
0.19598848741659128	7.800000000000001
0.18140024527410872	7.9
0.1677390148702437	8.0
0.15574815101167536	8.1
0.1440247299036416	8.200000000000001
0.1333233817745015	8.3
0.12315163309055552	8.4
0.1133341368375248	8.5
0.10498352898347554	8.6
0.09586451304232942	8.700000000000001
0.08810468701936806	8.8
0.08026124772043455	8.9
0.07199990778528405	9.0
0.06620621274047486	9.1
0.06042002581243672	9.200000000000001
0.05562538606847656	9.3
0.0501272551293506	9.4
0.045573995674024106	9.5
0.0408560444885364	9.600000000000001
0.03697199704465082	9.700000000000001
0.033163758454844	9.8
0.03014466301608078	9.9
0.027044239302922976	10.0
0.024222560573439172	10.100000000000001
0.021578920267594972	10.200000000000001
0.019402354074659994	10.3
0.017136424565171067	10.4
0.015207198069284243	10.5
0.013597961822168445	10.600000000000001
0.01189388493108846	10.700000000000001
0.01052916940205084	10.8
0.00927695312211902	10.9
0.008203651145987294	11.0
0.00714609413540766	11.100000000000001
0.006242174212957584	11.200000000000001
0.005480336430532459	11.3
0.004727066961674684	11.4
0.004087707070536672	11.5
0.0035208521636950355	11.600000000000001
0.0030034923089541825	11.700000000000001
0.0025535695998715126	11.8
0.0021578562355556797	11.9
0.0018023629912739022	12.0
0.0014828244519087541	12.100000000000001
0.0011972883268153954	12.200000000000001
0.0009349542765055116	12.3
0.0006914472279956377	12.4
0.00044372064274341447	12.5
7.890837466858752e-06	12.600000000000001
0.0	12.700000000000001
0.0	12.8
0.0	12.9
0.0	13.0
0.0	13.100000000000001
0.0	13.200000000000001
0.0	13.3
0.0	13.4
0.0	13.5
0.0	13.600000000000001
0.0	13.700000000000001
0.0	13.8
0.0	13.9
0.0	14.0
0.0	14.100000000000001
0.0	14.200000000000001
0.0	14.3
0.0	14.4
0.0	14.5
0.0	14.600000000000001
0.0	14.700000000000001
0.0	14.8
0.0	14.9
0.0	15.0
0.0	15.100000000000001
0.0	15.200000000000001
