a = 7911.689703967264 м
b = 5501.069349979243 м
x0 = 165.51331668173768 м
vr = 1917.0905100029765 м/с
A0 = 1.9748458455807723 м
Xmax = 9191.77394437147 м
sigmaX = 4921.670471934149 м
sigmaY = 4812.569802003074 м
M0 = 2.7965422528822428e+20 Н*м - интегральное значение сейсмического момента
Mr_max = 5.8147761240157676e+19 Н*м/с - максимальное значение функции источника
1-ый столбец - отнормированная функция источника
2-ой столбец - время
0.0	0.0
0.00018200634212358293	0.1
0.023255372723185126	0.2
0.03662947299842761	0.30000000000000004
0.05252022460606227	0.4
0.06858764786153787	0.5
0.08718588380726573	0.6000000000000001
0.10642948151838642	0.7000000000000001
0.1252678307690368	0.8
0.14590661658897014	0.9
0.16827282291005782	1.0
0.19111075957897744	1.1
0.21086048283591743	1.2000000000000002
0.23551893159625498	1.3
0.26359070682517516	1.4000000000000001
0.28847302556046694	1.5
0.3122994017457027	1.6
0.3415394814514173	1.7000000000000002
0.37168738738333307	1.8
0.39415549833811525	1.9000000000000001
0.4191233230558867	2.0
0.4508738514216581	2.1
0.4858661120085324	2.2
0.5110083469140857	2.3000000000000003
0.5406656991492366	2.4000000000000004
0.5654236102626479	2.5
0.6031006871356226	2.6
0.6316868783008142	2.7
0.648607067008942	2.8000000000000003
0.6826927222440338	2.9000000000000004
0.7123658123109492	3.0
0.7455996384738509	3.1
0.7429113433359068	3.2
0.7934744702020748	3.3000000000000003
0.8212196096051834	3.4000000000000004
0.84067727364852	3.5
0.860032846568232	3.6
0.8808808503910978	3.7
0.8940786415100139	3.8000000000000003
0.920347498118815	3.9000000000000004
0.9263155087383398	4.0
0.9521406578077328	4.1000000000000005
0.9592174753691717	4.2
0.969033531724823	4.3
0.9783609538068796	4.4
0.9828176169878129	4.5
0.992615477919144	4.6000000000000005
0.9939823126663674	4.7
0.9921726923703691	4.800000000000001
1.0	4.9
0.9893426504577741	5.0
0.9791486294143307	5.1000000000000005
0.9727365264631589	5.2
0.9566466737160543	5.300000000000001
0.9656311807336425	5.4
0.9315684580437855	5.5
0.935644251027859	5.6000000000000005
0.9045394483158165	5.7
0.897812437364264	5.800000000000001
0.8748048398078924	5.9
0.8509231378578616	6.0
0.8222863774951309	6.1000000000000005
0.8034913657419515	6.2
0.7686844266731662	6.300000000000001
0.7420371213162886	6.4
0.715636926973376	6.5
0.6947070255643437	6.6000000000000005
0.6549643191332535	6.7
0.6265950560186094	6.800000000000001
0.5912106880175411	6.9
0.564822458213583	7.0
0.5270163110983838	7.1000000000000005
0.49408632970633765	7.2
0.4607231271522776	7.300000000000001
0.42494710687073906	7.4
0.3900005653278576	7.5
0.3524609893458809	7.6000000000000005
0.3179004326720142	7.7
0.27832974704475455	7.800000000000001
0.24080147161203386	7.9
0.1974938404313224	8.0
0.15229794657107604	8.1
0.09366439801000465	8.200000000000001
0.0	8.3
0.0	8.4
0.0	8.5
0.0	8.6
0.0	8.700000000000001
0.0	8.8
0.0	8.9
0.0	9.0
0.0	9.1
