a = 12196.868686971573 м
b = 7798.412031429845 м
x0 = 2015.385702564749 м
vr = 1927.3086436754036 м/с
A0 = 0.6530057867537042 м
Xmax = 11414.572753643793 м
sigmaX = 4991.691186851154 м
sigmaY = 4609.332021997765 м
M0 = 1.352334823296332e+20 Н*м - интегральное значение сейсмического момента
Mr_max = 2.3544647079913636e+19 Н*м/с - максимальное значение функции источника
1-ый столбец - отнормированная функция источника
2-ой столбец - время
0.0	0.0
0.00013643128598123995	0.1
0.02088058681171279	0.2
0.04208516603510215	0.30000000000000004
0.06330786532431747	0.4
0.08433288859403136	0.5
0.1057701614663528	0.6000000000000001
0.12674725521970848	0.7000000000000001
0.14808476186571387	0.8
0.17052879891916853	0.9
0.19260094209211268	1.0
0.2130202760852915	1.1
0.22666082155890951	1.2000000000000002
0.24130780761850962	1.3
0.25988034816746175	1.4000000000000001
0.27840999148191925	1.5
0.29863307481182605	1.6
0.3210514411396875	1.7000000000000002
0.34483398144258315	1.8
0.36435657895472945	1.9000000000000001
0.38976964187108776	2.0
0.41391027318107	2.1
0.4410163005653584	2.2
0.46751491192189687	2.3000000000000003
0.4942858757964529	2.4000000000000004
0.5243883342783329	2.5
0.5464975954593608	2.6
0.5669891247996693	2.7
0.5975332120397915	2.8000000000000003
0.6294186210654796	2.9000000000000004
0.6558333184372511	3.0
0.6787317623661128	3.1
0.6925562177899307	3.2
0.7249417912827899	3.3000000000000003
0.7547968630353643	3.4000000000000004
0.7807468013091182	3.5
0.7986443195235998	3.6
0.8192395066924258	3.7
0.8403757003274112	3.8000000000000003
0.8658992900976644	3.9000000000000004
0.8829319605010367	4.0
0.8983408714927139	4.1000000000000005
0.905379069005076	4.2
0.9311495800816791	4.3
0.9357379995276505	4.4
0.9626207554514217	4.5
0.9614653179223882	4.6000000000000005
0.971480014704753	4.7
0.9643870833889985	4.800000000000001
0.9846203739506423	4.9
0.9902194115143883	5.0
1.0	5.1000000000000005
0.9858747269689961	5.2
0.9954344726719447	5.300000000000001
0.983890976236732	5.4
0.9952257933426449	5.5
0.9751877609326277	5.6000000000000005
0.9672051650069593	5.7
0.9550799026433618	5.800000000000001
0.9448184910722867	5.9
0.9298957990289906	6.0
0.9116670244872667	6.1000000000000005
0.9088547658325559	6.2
0.8893842907651727	6.300000000000001
0.8766668875362056	6.4
0.8501863124559362	6.5
0.8331001594345521	6.6000000000000005
0.8212617832122856	6.7
0.7914420956201274	6.800000000000001
0.7691934247875752	6.9
0.7427204562690682	7.0
0.7299354487637078	7.1000000000000005
0.7085601191551455	7.2
0.673118168149582	7.300000000000001
0.6516215740330604	7.4
0.6224244231504389	7.5
0.6030747733781121	7.6000000000000005
0.5711813064760054	7.7
0.5500157688043885	7.800000000000001
0.5318692151424362	7.9
0.5037284128382151	8.0
0.4855086948388078	8.1
0.4561897186879724	8.200000000000001
0.43430619281933075	8.3
0.4067039174757048	8.4
0.38708601238362306	8.5
0.3632696314809505	8.6
0.3429569925586203	8.700000000000001
0.32165389477567763	8.8
0.30183077345300124	8.9
0.2814352347697493	9.0
0.2645580107057802	9.1
0.24681558036647339	9.200000000000001
0.23010522712098722	9.3
0.21302613360871792	9.4
0.19626623962690035	9.5
0.1826439513373622	9.600000000000001
0.1667729738892885	9.700000000000001
0.15256631946945953	9.8
0.14109490375488656	9.9
0.12753513547551318	10.0
0.11625136033052866	10.100000000000001
0.10542159016141235	10.200000000000001
0.0948886733311783	10.3
0.08597676246415854	10.4
0.07696444278282125	10.5
0.06869616250635228	10.600000000000001
0.06097744588064392	10.700000000000001
0.05361333987204252	10.8
0.04733032408086636	10.9
0.04072022312198375	11.0
0.03516438035452403	11.100000000000001
0.02960885179913061	11.200000000000001
0.024588425222388657	11.3
0.019701855276975565	11.4
0.015029247479812286	11.5
0.010027813846186614	11.600000000000001
0.0030824420018851677	11.700000000000001
0.0	11.8
0.0	11.9
0.0	12.0
0.0	12.100000000000001
0.0	12.200000000000001
0.0	12.3
0.0	12.4
0.0	12.5
0.0	12.600000000000001
