a = 17850.65268802162 м
b = 19799.618641332432 м
x0 = 7157.048156620847 м
vr = 2245.012790268054 м/с
A0 = 1.454025181544493 м
Xmax = 22285.25632400953 м
sigmaX = 4614.304462772188 м
sigmaY = 4550.262081292446 м
M0 = 3.083852923882081e+20 Н*м - интегральное значение сейсмического момента
Mr_max = 6.1123852880751526e+19 Н*м/с - максимальное значение функции источника
1-ый столбец - отнормированная функция источника
2-ой столбец - время
0.0	0.0
3.7196006665429854e-06	0.1
0.0006735107125237333	0.2
0.0013631276495435663	0.30000000000000004
0.002093500479766361	0.4
0.002868728534720673	0.5
0.003755775423989773	0.6000000000000001
0.004730396056758837	0.7000000000000001
0.005827947242052985	0.8
0.007062027419378277	0.9
0.008493922718175598	1.0
0.01014428296605832	1.1
0.01190101382907129	1.2000000000000002
0.014178090047460656	1.3
0.016403078406522213	1.4000000000000001
0.019114224833238908	1.5
0.02258606948673546	1.6
0.02596034093841046	1.7000000000000002
0.030002954819523045	1.8
0.03425700057454447	1.9000000000000001
0.03907768135665783	2.0
0.04468490384424175	2.1
0.05131378863646462	2.2
0.05833123560590943	2.3000000000000003
0.06540534031846887	2.4000000000000004
0.07429048475807803	2.5
0.08416836733863613	2.6
0.09359743108779774	2.7
0.10412956746518692	2.8000000000000003
0.11640672601683819	2.9000000000000004
0.12979784661084584	3.0
0.14347187091252392	3.1
0.15859577469479008	3.2
0.174127089121311	3.3000000000000003
0.1911341840342606	3.4000000000000004
0.20883037806150315	3.5
0.22893044105833932	3.6
0.24813007153325134	3.7
0.2695443018026015	3.8000000000000003
0.29205210090167216	3.9000000000000004
0.3171964502403733	4.0
0.34504566508624407	4.1000000000000005
0.3667694193019203	4.2
0.3946908865400421	4.3
0.42176797892229173	4.4
0.45073364189990256	4.5
0.47875450905488937	4.6000000000000005
0.5110348572033875	4.7
0.5421818295930518	4.800000000000001
0.5645809778884784	4.9
0.599865191903769	5.0
0.6268121446076002	5.1000000000000005
0.6609293840228451	5.2
0.6883016850923585	5.300000000000001
0.7179696608121721	5.4
0.7465906282339038	5.5
0.7799032247070316	5.6000000000000005
0.7962963282686314	5.7
0.8305982266111885	5.800000000000001
0.8474050533826027	5.9
0.8755806033632741	6.0
0.9007703255923066	6.1000000000000005
0.9194772761467117	6.2
0.9422898830588623	6.300000000000001
0.9498314187010228	6.4
0.9671549007372207	6.5
0.977076140145105	6.6000000000000005
0.9817409374005085	6.7
0.9887864429065163	6.800000000000001
1.0	6.9
0.9986972907473863	7.0
0.9992160976841747	7.1000000000000005
0.9977144895393175	7.2
0.9844502126154236	7.300000000000001
0.9775518543028131	7.4
0.9684335981018721	7.5
0.9655100878220034	7.6000000000000005
0.945574966682973	7.7
0.9372821452222687	7.800000000000001
0.9194577501365275	7.9
0.8966622148638249	8.0
0.8776767169345524	8.1
0.8441744140385631	8.200000000000001
0.8271673843552402	8.3
0.8037592012936229	8.4
0.7724408634188032	8.5
0.744577339170536	8.6
0.7181631000142802	8.700000000000001
0.6911423297962208	8.8
0.6576539941636681	8.9
0.6262784128854938	9.0
0.6014077269104612	9.1
0.566489885629025	9.200000000000001
0.540351922052726	9.3
0.511437828840741	9.4
0.4809054940040851	9.5
0.45519274634056023	9.600000000000001
0.42563734424485383	9.700000000000001
0.3972224913515009	9.8
0.37148246678535013	9.9
0.3494043342124456	10.0
0.3247361489170368	10.100000000000001
0.2999127021669795	10.200000000000001
0.2773677552658369	10.3
0.2551563066168855	10.4
0.23651192357841155	10.5
0.21682543997170423	10.600000000000001
0.1976887038595282	10.700000000000001
0.18088336599381538	10.8
0.16507297424051698	10.9
0.15042418661301232	11.0
0.13675645206547538	11.100000000000001
0.1237225872028876	11.200000000000001
0.11184373531556059	11.3
0.10026137761762953	11.4
0.09045044494493733	11.5
0.08112300432372087	11.600000000000001
0.0724036261487987	11.700000000000001
0.0648053597767365	11.8
0.057596131684304254	11.9
0.050950137326194835	12.0
0.04516946416105846	12.100000000000001
0.03960033024007372	12.200000000000001
0.034682932422587985	12.3
0.02997778639141774	12.4
0.025502494354080977	12.5
0.020873111192363597	12.600000000000001
0.015551645768830776	12.700000000000001
0.005986607511866117	12.8
0.0	12.9
0.0	13.0
0.0	13.100000000000001
0.0	13.200000000000001
0.0	13.3
0.0	13.4
0.0	13.5
0.0	13.600000000000001
0.0	13.700000000000001
0.0	13.8
0.0	13.9
0.0	14.0
0.0	14.100000000000001
0.0	14.200000000000001
0.0	14.3
0.0	14.4
0.0	14.5
0.0	14.600000000000001
0.0	14.700000000000001
0.0	14.8
0.0	14.9
0.0	15.0
0.0	15.100000000000001
0.0	15.200000000000001
0.0	15.3
0.0	15.4
