a = 5034.544412480008 м
b = 5452.646976805852 м
x0 = 538.154493387233 м
vr = 1676.6462425725354 м/с
A0 = 0.7256735194780283 м
Xmax = 6085.921266037931 м
sigmaX = 4525.432432658926 м
sigmaY = 4661.684518435617 м
M0 = 7.399899162763721e+19 Н*м - интегральное значение сейсмического момента
Mr_max = 1.9628774097557262e+19 Н*м/с - максимальное значение функции источника
1-ый столбец - отнормированная функция источника
2-ой столбец - время
0.0	0.0
0.00043879099916094755	0.1
0.05885084682993728	0.2
0.11797073885342813	0.30000000000000004
0.1749021158443524	0.4
0.18969451457867473	0.5
0.21683293115648092	0.6000000000000001
0.2464770267566523	0.7000000000000001
0.27876247614445965	0.8
0.3059863016428103	0.9
0.3437060483774117	1.0
0.3758962938860964	1.1
0.4164533210755772	1.2000000000000002
0.4533072383131375	1.3
0.48210471947603545	1.4000000000000001
0.517636144796388	1.5
0.5560111539662907	1.6
0.5962680720616216	1.7000000000000002
0.6333351203822711	1.8
0.6596051131160624	1.9000000000000001
0.6938544026098803	2.0
0.7200033108772791	2.1
0.7554220294713921	2.2
0.7728020805785467	2.3000000000000003
0.8093030509056583	2.4000000000000004
0.834630105280988	2.5
0.856657149869383	2.6
0.8775309080310212	2.7
0.8887062281767996	2.8000000000000003
0.9289405167127162	2.9000000000000004
0.9381605491761735	3.0
0.9468451252008971	3.1
0.9692660321893276	3.2
0.9676451681139184	3.3000000000000003
0.9828325193276747	3.4000000000000004
0.9747727312451963	3.5
1.0	3.6
0.9870278504893065	3.7
0.9877718048841604	3.8000000000000003
0.9859108075042154	3.9000000000000004
0.9580028211277763	4.0
0.9675586239130355	4.1000000000000005
0.9362353447127695	4.2
0.9216241201326539	4.3
0.9113098087480017	4.4
0.8939285313711228	4.5
0.8632773806899833	4.6000000000000005
0.8352966669965072	4.7
0.809559320280797	4.800000000000001
0.7758776265559446	4.9
0.7416850176150727	5.0
0.6942145448212241	5.1000000000000005
0.6409486614435583	5.2
0.5975377195104494	5.300000000000001
0.5413901381619616	5.4
0.4636959011229825	5.5
0.3807464187412258	5.6000000000000005
0.26403259640378274	5.7
0.0	5.800000000000001
0.0	5.9
0.0	6.0
0.0	6.1000000000000005
0.0	6.2
0.0	6.300000000000001
0.0	6.4
0.0	6.5
0.0	6.6000000000000005
0.0	6.7
0.0	6.800000000000001
0.0	6.9
0.0	7.0
0.0	7.1000000000000005
