a = 11202.50441411299 м
b = 8934.221569153651 м
x0 = 286.0912306469091 м
vr = 1593.0879905095408 м/с
A0 = 1.4101596621294896 м
Xmax = 9953.055283375516 м
sigmaX = 4486.18133169653 м
sigmaY = 4876.929964346642 м
M0 = 2.8479286356688647e+20 Н*м - интегральное значение сейсмического момента
Mr_max = 4.459392754847026e+19 Н*м/с - максимальное значение функции источника
1-ый столбец - отнормированная функция источника
2-ой столбец - время
0.0	0.0
7.427787094821046e-05	0.1
0.009519095720665265	0.2
0.01648711601997811	0.30000000000000004
0.021267039521266934	0.4
0.027073928010412817	0.5
0.03363169815354124	0.6000000000000001
0.04061669637776917	0.7000000000000001
0.04856125233429759	0.8
0.05711228705171633	0.9
0.0651498295639264	1.0
0.07483778711035895	1.1
0.08479408518238264	1.2000000000000002
0.09552890070767754	1.3
0.10610836465543141	1.4000000000000001
0.11843194090165579	1.5
0.13073438050070113	1.6
0.1449918960368072	1.7000000000000002
0.15889714489651705	1.8
0.17471622234298873	1.9000000000000001
0.1870270884051262	2.0
0.2055605857286469	2.1
0.22007567118818774	2.2
0.240123369702668	2.3000000000000003
0.2561833023851363	2.4000000000000004
0.27596820315559595	2.5
0.2955954807010592	2.6
0.3163261268128411	2.7
0.3323495867521891	2.8000000000000003
0.3561667850683075	2.9000000000000004
0.37630177104857543	3.0
0.3956229615586607	3.1
0.4130802282834771	3.2
0.43951187447689494	3.3000000000000003
0.46591711353564896	3.4000000000000004
0.4925024140648405	3.5
0.5147145245156622	3.6
0.5345703866228226	3.7
0.561554303621888	3.8000000000000003
0.5854267667583626	3.9000000000000004
0.604495341028343	4.0
0.630306798242664	4.1000000000000005
0.6607040406138437	4.2
0.6819614377768983	4.3
0.7001870601801197	4.4
0.7230132839177407	4.5
0.7464443649143129	4.6000000000000005
0.7672890522582891	4.7
0.7853490605372543	4.800000000000001
0.8046565123095972	4.9
0.8305362294644084	5.0
0.8484019693676347	5.1000000000000005
0.8674712682512149	5.2
0.8728872019165372	5.300000000000001
0.9002895970555235	5.4
0.9115044571623738	5.5
0.9174213287811317	5.6000000000000005
0.9379766729293276	5.7
0.9566218475359677	5.800000000000001
0.9665597695117788	5.9
0.9741590265548282	6.0
0.976427068999741	6.1000000000000005
0.989941757542122	6.2
0.9901935061053735	6.300000000000001
0.9839591236258077	6.4
0.99126819862231	6.5
1.0	6.6000000000000005
0.9978724299757953	6.7
0.9858197805071466	6.800000000000001
0.9859667176970227	6.9
0.9876232884442562	7.0
0.9880927660508351	7.1000000000000005
0.9676983587330907	7.2
0.9611511302290154	7.300000000000001
0.947615220692225	7.4
0.9447418301805707	7.5
0.9321222243767414	7.6000000000000005
0.9098371261137443	7.7
0.9048983515945848	7.800000000000001
0.8830751490900266	7.9
0.8657122423567774	8.0
0.8412047628744166	8.1
0.8270607677661704	8.200000000000001
0.8096847034591402	8.3
0.7971103937867395	8.4
0.765801055398351	8.5
0.7498404266118976	8.6
0.731454231914094	8.700000000000001
0.7028751938703898	8.8
0.6814785070380542	8.9
0.6569602911947436	9.0
0.6403847997071168	9.1
0.6172488306476843	9.200000000000001
0.5924758814530984	9.3
0.5668931370890902	9.4
0.5475017406875712	9.5
0.5222242258725848	9.600000000000001
0.4985798218137797	9.700000000000001
0.47843905131436876	9.8
0.45707720217801584	9.9
0.43544720034709034	10.0
0.41059483205780484	10.100000000000001
0.38814884253038284	10.200000000000001
0.3769143251937627	10.3
0.3525496788016828	10.4
0.3319622030660837	10.5
0.3111052555077728	10.600000000000001
0.2970403966141947	10.700000000000001
0.2764291711751331	10.8
0.2612505121231171	10.9
0.2428031838609544	11.0
0.22849295539396394	11.100000000000001
0.21276560896359042	11.200000000000001
0.19721074791733206	11.3
0.18442941225045517	11.4
0.17061742854729306	11.5
0.1582907601658441	11.600000000000001
0.14517920298433468	11.700000000000001
0.13502274727318006	11.8
0.12300543324920026	11.9
0.11359256054834087	12.0
0.10331828722233082	12.100000000000001
0.0945158764316797	12.200000000000001
0.08631210956191024	12.3
0.07841216548608021	12.4
0.07049006731145943	12.5
0.06366907975303251	12.600000000000001
0.05769978995772241	12.700000000000001
0.05105748662512909	12.8
0.045600779511007675	12.9
0.040452790409179734	13.0
0.03564771711499946	13.100000000000001
0.031006528790212456	13.200000000000001
0.02678470237029075	13.3
0.023073885279663354	13.4
0.019325794269918414	13.5
0.015902455079603132	13.600000000000001
0.012603498566316823	13.700000000000001
0.009352490352312039	13.8
0.00585933919173164	13.9
0.0	14.0
0.0	14.100000000000001
0.0	14.200000000000001
0.0	14.3
0.0	14.4
0.0	14.5
0.0	14.600000000000001
0.0	14.700000000000001
0.0	14.8
