a = 17630.20109062323 м
b = 22000.320882704003 м
x0 = 7179.551538271062 м
vr = 1707.7016539697622 м/с
A0 = 0.5663623417421706 м
Xmax = 13976.165439811239 м
sigmaX = 4095.2493103027373 м
sigmaY = 4574.570477865826 м
M0 = 1.1725291415219628e+20 Н*м - интегральное значение сейсмического момента
Mr_max = 2.1338591517888164e+19 Н*м/с - максимальное значение функции источника
1-ый столбец - отнормированная функция источника
2-ой столбец - время
0.0	0.0
0.00017155520150641975	0.1
0.023888995014732132	0.2
0.04732317530158066	0.30000000000000004
0.07056087301922001	0.4
0.09390450127354909	0.5
0.11773155935928353	0.6000000000000001
0.14099101048006252	0.7000000000000001
0.1652028691570891	0.8
0.1908957561833633	0.9
0.21558698598816212	1.0
0.2411874051809938	1.1
0.2655084443261151	1.2000000000000002
0.2905966315899804	1.3
0.3172858529074088	1.4000000000000001
0.3420911163097587	1.5
0.37028931555351075	1.6
0.3975473291170394	1.7000000000000002
0.42240355061598883	1.8
0.45358693266482936	1.9000000000000001
0.4806955300042478	2.0
0.5103066280164396	2.1
0.5378748411782208	2.2
0.5637900420851167	2.3000000000000003
0.5950557349542452	2.4000000000000004
0.620323369194231	2.5
0.6491529389464543	2.6
0.6786267814733777	2.7
0.7045948568252427	2.8000000000000003
0.734144197044179	2.9000000000000004
0.7535413585725378	3.0
0.7706691226315221	3.1
0.8009522220793176	3.2
0.8280508554609703	3.3000000000000003
0.8379718327056623	3.4000000000000004
0.8711512143274718	3.5
0.894204304696181	3.6
0.9055368610496258	3.7
0.9189700877824432	3.8000000000000003
0.92965137108057	3.9000000000000004
0.9578868885195934	4.0
0.9646825128367958	4.1000000000000005
0.9692043646054962	4.2
0.9800947001131297	4.3
0.9830868228512366	4.4
0.9823701854431248	4.5
0.9940284268509421	4.6000000000000005
1.0	4.7
0.9869510559886051	4.800000000000001
0.9930035396939453	4.9
0.9819582427513289	5.0
0.9825640213285903	5.1000000000000005
0.9659754575190541	5.2
0.9585132059838084	5.300000000000001
0.9485698060306239	5.4
0.9298930297074549	5.5
0.916346319372146	5.6000000000000005
0.9095241722752948	5.7
0.8761776052735549	5.800000000000001
0.8611188146867778	5.9
0.8467836696170601	6.0
0.8209121652159532	6.1000000000000005
0.8020618297513019	6.2
0.7828608977438244	6.300000000000001
0.7536502260995896	6.4
0.7292849756083939	6.5
0.7039786160915233	6.6000000000000005
0.6832008707035466	6.7
0.6538150921549943	6.800000000000001
0.6300564894363277	6.9
0.6096309585874474	7.0
0.5776877712038313	7.1000000000000005
0.5498199343643989	7.2
0.5302470229561285	7.300000000000001
0.5031160249237935	7.4
0.47313809701782483	7.5
0.452868672501678	7.6000000000000005
0.4297826778185157	7.7
0.4062271004541846	7.800000000000001
0.3848965678536419	7.9
0.36172457634472127	8.0
0.3388470370349584	8.1
0.31881372257920754	8.200000000000001
0.29812956492428366	8.3
0.28090426974467575	8.4
0.2593835957406685	8.5
0.24371837600821064	8.6
0.22710750728666054	8.700000000000001
0.20745663229167766	8.8
0.19489466712397918	8.9
0.18060214607231398	9.0
0.1655814841965782	9.1
0.15441344617931405	9.200000000000001
0.14232851217370848	9.3
0.12960858654984536	9.4
0.11941294574254264	9.5
0.108993636476087	9.600000000000001
0.09994913204516075	9.700000000000001
0.09174046971139932	9.8
0.08311574155309735	9.9
0.07618014367754723	10.0
0.06861487336606387	10.100000000000001
0.06171932914697917	10.200000000000001
0.05611273069791528	10.3
0.05064195512957688	10.4
0.04590006972092026	10.5
0.04147234309808326	10.600000000000001
0.037018855615869505	10.700000000000001
0.03329872547312758	10.8
0.029682721461989442	10.9
0.026543319817948906	11.0
0.02358314574889867	11.100000000000001
0.021021021826562583	11.200000000000001
0.01881145499341782	11.3
0.016601948993459254	11.4
0.014681973822471134	11.5
0.013021199416738781	11.600000000000001
0.011475016369635134	11.700000000000001
0.010047054150641681	11.8
0.008958223491994034	11.9
0.007767964272380336	12.0
0.006824084394350586	12.100000000000001
0.0059629335631421095	12.200000000000001
0.005238244387526238	12.3
0.0045432769313050484	12.4
0.003984731345897877	12.5
0.003461734506652001	12.600000000000001
0.0029835083580546577	12.700000000000001
0.0025722739768673803	12.8
0.0022485055478862334	12.9
0.0019279656001579307	13.0
0.001665118801543013	13.100000000000001
0.0014296735615260262	13.200000000000001
0.001229198494344848	13.3
0.001041868901475384	13.4
0.0008937419607915972	13.5
0.0007664093433050769	13.600000000000001
0.0006532620902150231	13.700000000000001
0.0005548001258825676	13.8
0.0004701472587701961	13.9
0.0003978270075385006	14.0
0.00033648712481861617	14.100000000000001
0.0002845279600247502	14.200000000000001
0.0002404918766309126	14.3
0.00020299958309857467	14.4
0.00016932053686741666	14.5
0.00014258360144936977	14.600000000000001
0.00011917899224353098	14.700000000000001
9.903995589700811e-05	14.8
8.238481051902659e-05	14.9
6.855876131523526e-05	15.0
5.690117390603002e-05	15.100000000000001
4.721504245664332e-05	15.200000000000001
3.8889952580110874e-05	15.3
3.192933411447152e-05	15.4
2.6325320569456952e-05	15.5
2.1520067858544996e-05	15.600000000000001
1.757051135818483e-05	15.700000000000001
1.4262418115176366e-05	15.8
1.1505853632331241e-05	15.9
9.23347233498881e-06	16.0
7.336634108673006e-06	16.1
5.763088510553553e-06	16.2
4.421565133553471e-06	16.3
3.2306972166488293e-06	16.400000000000002
1.9354668766446857e-06	16.5
0.0	16.6
0.0	16.7
0.0	16.8
0.0	16.900000000000002
0.0	17.0
0.0	17.1
0.0	17.2
0.0	17.3
0.0	17.400000000000002
0.0	17.5
0.0	17.6
0.0	17.7
0.0	17.8
0.0	17.900000000000002
0.0	18.0
0.0	18.1
0.0	18.2
0.0	18.3
0.0	18.400000000000002
0.0	18.5
0.0	18.6
0.0	18.7
0.0	18.8
0.0	18.900000000000002
0.0	19.0
0.0	19.1
0.0	19.200000000000003
0.0	19.3
0.0	19.400000000000002
0.0	19.5
0.0	19.6
0.0	19.700000000000003
0.0	19.8
0.0	19.900000000000002
0.0	20.0
0.0	20.1
0.0	20.200000000000003
0.0	20.3
0.0	20.400000000000002
0.0	20.5
0.0	20.6
0.0	20.700000000000003
0.0	20.8
0.0	20.900000000000002
0.0	21.0
0.0	21.1
0.0	21.200000000000003
0.0	21.3
0.0	21.400000000000002
0.0	21.5
0.0	21.6
0.0	21.700000000000003
0.0	21.8
0.0	21.900000000000002
0.0	22.0
0.0	22.1
0.0	22.200000000000003
0.0	22.3
0.0	22.400000000000002
0.0	22.5
