a = 17593.59340214952 м
b = 11368.314566183422 м
x0 = 4788.52253814157 м
vr = 1996.088530073696 м/с
A0 = 1.6058742640085766 м
Xmax = 20991.35893822863 м
sigmaX = 4256.849728411998 м
sigmaY = 4710.836591561369 м
M0 = 3.173882193046662e+20 Н*м - интегральное значение сейсмического момента
Mr_max = 6.149354901956646e+19 Н*м/с - максимальное значение функции источника
1-ый столбец - отнормированная функция источника
2-ой столбец - время
0.0	0.0
5.593957041881836e-07	0.1
9.027872758103205e-05	0.2
0.00018392927318560992	0.30000000000000004
0.0002856659492117382	0.4
0.00039593753284602567	0.5
0.0005218303417647744	0.6000000000000001
0.0006698424273513347	0.7000000000000001
0.0008448328004458863	0.8
0.001052760811961494	0.9
0.00128882360558062	1.0
0.001571318021328737	1.1
0.0019029148276017648	1.2000000000000002
0.0022747764736377137	1.3
0.002750041407322732	1.4000000000000001
0.0032716095789527173	1.5
0.0038938009097218215	1.6
0.004593785313462171	1.7000000000000002
0.005406618808608753	1.8
0.006439057503482019	1.9000000000000001
0.007495622913439699	2.0
0.008797701839507207	2.1
0.010258179626760799	2.2
0.01194791846454231	2.3000000000000003
0.013947169557890193	2.4000000000000004
0.016025678804905297	2.5
0.01833183451855466	2.6
0.02124283688062131	2.7
0.02417956386996969	2.8000000000000003
0.02764803722442781	2.9000000000000004
0.03124570378336708	3.0
0.035938432581617996	3.1
0.040734978904674694	3.2
0.045846058288279146	3.3000000000000003
0.051699052355705086	3.4000000000000004
0.05823529154038074	3.5
0.06545497844120678	3.6
0.07276793144734031	3.7
0.0811070184483863	3.8000000000000003
0.09118304881187042	3.9000000000000004
0.10154587037422916	4.0
0.11193432297495409	4.1000000000000005
0.12355696929085848	4.2
0.1362204333475953	4.3
0.15015552917686936	4.4
0.16456062925792894	4.5
0.18078218349586156	4.6000000000000005
0.19808737650761638	4.7
0.2149496052940169	4.800000000000001
0.2335839802276266	4.9
0.2520127458620899	5.0
0.27492033893032486	5.1000000000000005
0.2936441495825339	5.2
0.31923939756793884	5.300000000000001
0.3404031997607483	5.4
0.3647614917593151	5.5
0.39055973847034614	5.6000000000000005
0.4157697125078683	5.7
0.44377086184982273	5.800000000000001
0.47232791868641444	5.9
0.500810908164005	6.0
0.5314008635494581	6.1000000000000005
0.5581407482680886	6.2
0.5783772234146304	6.300000000000001
0.6154795259522023	6.4
0.64302280832732	6.5
0.6697997719044231	6.6000000000000005
0.6961347906365797	6.7
0.7225965351212991	6.800000000000001
0.7603751191863396	6.9
0.7804682075230666	7.0
0.8031086429704551	7.1000000000000005
0.83909295719205	7.2
0.8540047756794389	7.300000000000001
0.8764786800752394	7.4
0.8922302311289624	7.5
0.9152805436938234	7.6000000000000005
0.9294480610242467	7.7
0.9463060145199002	7.800000000000001
0.956633174746333	7.9
0.9710616580114424	8.0
0.9785527093213411	8.1
0.9921719089937672	8.200000000000001
0.9919681903114348	8.3
0.9938992194180248	8.4
1.0	8.5
0.9851183566154115	8.6
0.9827487250081791	8.700000000000001
0.974441213839282	8.8
0.9732626860993959	8.9
0.9593173105420876	9.0
0.9481309187831568	9.1
0.9323152926462464	9.200000000000001
0.9151064954657443	9.3
0.8973596211617766	9.4
0.8729705999136234	9.5
0.8496996124380217	9.600000000000001
0.835965472686557	9.700000000000001
0.802022383953695	9.8
0.7820499658685839	9.9
0.7506634443814107	10.0
0.7234968086190121	10.100000000000001
0.695196097348902	10.200000000000001
0.666327405317985	10.3
0.6410050903010813	10.4
0.609309026224796	10.5
0.5826124266374177	10.600000000000001
0.5505306407325021	10.700000000000001
0.5217392861475065	10.8
0.4936190905548035	10.9
0.4659539812189167	11.0
0.4390270820220478	11.100000000000001
0.4122399501411533	11.200000000000001
0.3856807496598025	11.3
0.3609842000672357	11.4
0.33651412834612776	11.5
0.3125853060375916	11.600000000000001
0.28812154427780395	11.700000000000001
0.26703106773271995	11.8
0.24640258905347182	11.9
0.22668925345391744	12.0
0.2073312712082296	12.100000000000001
0.19147765533804315	12.200000000000001
0.17397152399969248	12.3
0.15881939032556555	12.4
0.1430969449649218	12.5
0.13042695983000346	12.600000000000001
0.11794881879944549	12.700000000000001
0.10519329163841001	12.8
0.09543379928771183	12.9
0.08483023895742915	13.0
0.07608221777241239	13.100000000000001
0.06762714237382998	13.200000000000001
0.05990949724030548	13.3
0.05286571999706324	13.4
0.04640188677894085	13.5
0.040543445927244764	13.600000000000001
0.03551391106666548	13.700000000000001
0.031036791474092586	13.8
0.026958001519259433	13.9
0.023244561586007663	14.0
0.019945768198288468	14.100000000000001
0.017012747210851165	14.200000000000001
0.014430385636560043	14.3
0.012193045992006959	14.4
0.01016340603004374	14.5
0.008417314941847016	14.600000000000001
0.006889533626375517	14.700000000000001
0.0055639630510112715	14.8
0.004392296275511704	14.9
0.0033726285532239488	15.0
0.002465356346563786	15.100000000000001
0.0016165088940360381	15.200000000000001
0.0006854633701783821	15.3
0.0	15.4
0.0	15.5
0.0	15.600000000000001
0.0	15.700000000000001
0.0	15.8
0.0	15.9
0.0	16.0
0.0	16.1
0.0	16.2
