a = 7669.090453079511 м
b = 9436.621640232052 м
x0 = 3059.074902199867 м
vr = 1942.3010202181945 м/с
A0 = 0.9520339333504921 м
Xmax = 8757.969089177988 м
sigmaX = 4980.045672473862 м
sigmaY = 4423.122607380101 м
M0 = 1.7063725484509725e+20 Н*м - интегральное значение сейсмического момента
Mr_max = 3.762281151813702e+19 Н*м/с - максимальное значение функции источника
1-ый столбец - отнормированная функция источника
2-ой столбец - время
0.0	0.0
0.0003831255057005048	0.1
0.05977258347053389	0.2
0.11795329963382406	0.30000000000000004
0.17538945526607222	0.4
0.23545254658934833	0.5
0.2925497931326792	0.6000000000000001
0.3457887435637511	0.7000000000000001
0.395803888036572	0.8
0.44905639151607996	0.9
0.5010792693049596	1.0
0.5530220538271392	1.1
0.5947010863398325	1.2000000000000002
0.6421742966398121	1.3
0.687172621607367	1.4000000000000001
0.730696458070334	1.5
0.7717318031796762	1.6
0.7948182314058536	1.7000000000000002
0.7979711982198868	1.8
0.8152672209709682	1.9000000000000001
0.8369545996456066	2.0
0.8608543679472681	2.1
0.8701664528577098	2.2
0.8888978227656512	2.3000000000000003
0.9052184372265671	2.4000000000000004
0.9141703154797763	2.5
0.9313733502386299	2.6
0.9411873987368813	2.7
0.9604080952160462	2.8000000000000003
0.9668963758048916	2.9000000000000004
0.9885055415039024	3.0
0.9880951254358722	3.1
1.0	3.2
0.9968442253864707	3.3000000000000003
0.994563797910007	3.4000000000000004
0.9896934917387149	3.5
0.9872440259289762	3.6
0.9915838140980691	3.7
0.9903066126556704	3.8000000000000003
0.9765175336971625	3.9000000000000004
0.9566950450785382	4.0
0.9395239327421357	4.1000000000000005
0.9290038162591185	4.2
0.911119256143168	4.3
0.901645504550938	4.4
0.8942896034149019	4.5
0.858485100263535	4.6000000000000005
0.8389979079393926	4.7
0.8235904382995871	4.800000000000001
0.7982110310850686	4.9
0.7745657997201414	5.0
0.7572772657838767	5.1000000000000005
0.7304001202462113	5.2
0.7038267781688897	5.300000000000001
0.6756873370662808	5.4
0.6473602657354154	5.5
0.6149276930676708	5.6000000000000005
0.5903303881274069	5.7
0.5635689884716261	5.800000000000001
0.5279467943546251	5.9
0.4992104247423752	6.0
0.4624248084798609	6.1000000000000005
0.42341010479616975	6.2
0.3669843182277072	6.300000000000001
0.22498422429505818	6.4
0.0	6.5
0.0	6.6000000000000005
0.0	6.7
0.0	6.800000000000001
0.0	6.9
0.0	7.0
0.0	7.1000000000000005
0.0	7.2
0.0	7.300000000000001
0.0	7.4
0.0	7.5
0.0	7.6000000000000005
0.0	7.7
0.0	7.800000000000001
0.0	7.9
0.0	8.0
0.0	8.1
0.0	8.200000000000001
0.0	8.3
0.0	8.4
0.0	8.5
0.0	8.6
0.0	8.700000000000001
0.0	8.8
0.0	8.9
0.0	9.0
0.0	9.1
