a = 13925.447111168747 м
b = 17424.14981235319 м
x0 = 10107.688394354322 м
vr = 2154.8792911460323 м/с
A0 = 1.7892521785938345 м
Xmax = 14326.042973861058 м
sigmaX = 4344.254411243952 м
sigmaY = 4940.843826348082 м
M0 = 4.141769827081958e+20 Н*м - интегральное значение сейсмического момента
Mr_max = 1.0110404784985645e+20 Н*м/с - максимальное значение функции источника
1-ый столбец - отнормированная функция источника
2-ой столбец - время
0.0	0.0
0.00035718903473972206	0.1
0.06213614094460801	0.2
0.12336916723462901	0.30000000000000004
0.18245860393452046	0.4
0.24083309551740673	0.5
0.29860029215398226	0.6000000000000001
0.3538153027437349	0.7000000000000001
0.41179890097413385	0.8
0.4639199033220151	0.9
0.5163710651273773	1.0
0.5670143569858651	1.1
0.6119546524828327	1.2000000000000002
0.6572885730878868	1.3
0.7022013135990344	1.4000000000000001
0.7478816630332238	1.5
0.7813109197069038	1.6
0.8208674617503112	1.7000000000000002
0.8540790319938819	1.8
0.8795872154011577	1.9000000000000001
0.8994720574588904	2.0
0.9335786055532818	2.1
0.9480320621643994	2.2
0.9603431665427011	2.3000000000000003
0.9712292704366455	2.4000000000000004
0.9927974827069699	2.5
0.9970759797605713	2.6
0.9875532634809583	2.7
0.9946753046986929	2.8000000000000003
1.0	2.9000000000000004
0.9946400869276739	3.0
0.9718195181807061	3.1
0.9704962239960209	3.2
0.9589885723579696	3.3000000000000003
0.9425896341026978	3.4000000000000004
0.9241578215257303	3.5
0.9057578083329989	3.6
0.88828370290984	3.7
0.8602188291179443	3.8000000000000003
0.8329531679646027	3.9000000000000004
0.8079251362960747	4.0
0.7745593320396746	4.1000000000000005
0.7487664085177576	4.2
0.7254561330253905	4.3
0.6875883690802452	4.4
0.6499265796325858	4.5
0.6181639391925022	4.6000000000000005
0.592896850123262	4.7
0.5595163709612196	4.800000000000001
0.5296977313871807	4.9
0.49615546371249736	5.0
0.4686746136982462	5.1000000000000005
0.4380762410997765	5.2
0.4141040728656718	5.300000000000001
0.3830033901818724	5.4
0.35766568074190347	5.5
0.3328620986792973	5.6000000000000005
0.3095750525479892	5.7
0.28505373570766424	5.800000000000001
0.2627745302715734	5.9
0.238172855443902	6.0
0.22338320470049555	6.1000000000000005
0.20063058986875618	6.2
0.18511318297859816	6.300000000000001
0.16746656116370431	6.4
0.15211389510449028	6.5
0.138168566562013	6.6000000000000005
0.12531318380354708	6.7
0.11264080801007413	6.800000000000001
0.10053154454014754	6.9
0.09023959102525374	7.0
0.0803934492739679	7.1000000000000005
0.07182591969957677	7.2
0.06412002172121542	7.300000000000001
0.05688822758737984	7.4
0.05090347928754735	7.5
0.04434347542058958	7.6000000000000005
0.039117942713862555	7.7
0.03429375218862742	7.800000000000001
0.030079524328312224	7.9
0.02624964464967967	8.0
0.022713392910992752	8.1
0.01976108711865112	8.200000000000001
0.016926972489511485	8.3
0.010232845074260949	8.4
0.006413621730093506	8.5
0.0036387148932241114	8.6
0.0007952361077340855	8.700000000000001
0.0	8.8
0.0	8.9
0.0	9.0
0.0	9.1
0.0	9.200000000000001
0.0	9.3
0.0	9.4
0.0	9.5
0.0	9.600000000000001
0.0	9.700000000000001
0.0	9.8
0.0	9.9
0.0	10.0
0.0	10.100000000000001
0.0	10.200000000000001
0.0	10.3
0.0	10.4
0.0	10.5
0.0	10.600000000000001
0.0	10.700000000000001
0.0	10.8
0.0	10.9
0.0	11.0
0.0	11.100000000000001
0.0	11.200000000000001
0.0	11.3
0.0	11.4
0.0	11.5
0.0	11.600000000000001
0.0	11.700000000000001
0.0	11.8
0.0	11.9
0.0	12.0
0.0	12.100000000000001
0.0	12.200000000000001
0.0	12.3
0.0	12.4
