a = 12727.674930131707 м
b = 13951.30723009711 м
x0 = 4115.2009122515165 м
vr = 2085.378956316972 м/с
A0 = 0.7030344693031447 м
Xmax = 12689.978566980013 м
sigmaX = 4303.786296391389 м
sigmaY = 4810.8604332277855 м
M0 = 1.5166897436774374e+20 Н*м - интегральное значение сейсмического момента
Mr_max = 3.153961678487771e+19 Н*м/с - максимальное значение функции источника
1-ый столбец - отнормированная функция источника
2-ой столбец - время
0.0	0.0
9.602363352498139e-05	0.1
0.01604760481601327	0.2
0.032124026638223065	0.30000000000000004
0.0482086095128402	0.4
0.06471148216568438	0.5
0.08164296512427546	0.6000000000000001
0.09932313094309078	0.7000000000000001
0.11767880017588724	0.8
0.13539539711385765	0.9
0.1547451773383129	1.0
0.17635567392613619	1.1
0.19645932080595355	1.2000000000000002
0.21874540558987762	1.3
0.24196765907180548	1.4000000000000001
0.2670697663524094	1.5
0.28891593661841025	1.6
0.3165586640435007	1.7000000000000002
0.34306702309434833	1.8
0.37267758708230764	1.9000000000000001
0.3955337156640139	2.0
0.42449822778213464	2.1
0.4578257437045357	2.2
0.48551358231148634	2.3000000000000003
0.5147668303789091	2.4000000000000004
0.5458811591201739	2.5
0.5779882159049042	2.6
0.605814748325869	2.7
0.6346130547216653	2.8000000000000003
0.6649649506612731	2.9000000000000004
0.7039636534855369	3.0
0.7295698224802328	3.1
0.7576457388411733	3.2
0.7912189198560706	3.3000000000000003
0.8169642752523805	3.4000000000000004
0.8380716628172513	3.5
0.8628121766108336	3.6
0.8876399877741099	3.7
0.9022247072412873	3.8000000000000003
0.9182276050307326	3.9000000000000004
0.9386847431524525	4.0
0.9660353402597746	4.1000000000000005
0.9794122567276409	4.2
0.9738716436228863	4.3
0.9769693405433085	4.4
0.9939475798400422	4.5
1.0	4.6000000000000005
0.9921462900261079	4.7
0.9840165280398695	4.800000000000001
0.9897416123775844	4.9
0.9682371513952579	5.0
0.9648564763884485	5.1000000000000005
0.943304507936052	5.2
0.9393610614266636	5.300000000000001
0.9199857814717961	5.4
0.9026391467923917	5.5
0.8886610062889228	5.6000000000000005
0.862195216374395	5.7
0.831119990006793	5.800000000000001
0.8131746253635773	5.9
0.7960859572597951	6.0
0.759938597032739	6.1000000000000005
0.730314537453975	6.2
0.7013780636565187	6.300000000000001
0.6682356248613337	6.4
0.6453028948660472	6.5
0.6129104173517055	6.6000000000000005
0.5791645782420597	6.7
0.5558731848798413	6.800000000000001
0.5277639770701253	6.9
0.49939860388875973	7.0
0.46830247534210995	7.1000000000000005
0.44226213233710143	7.2
0.41241669475121806	7.300000000000001
0.38302516378782037	7.4
0.35775479398969273	7.5
0.3302396228113856	7.6000000000000005
0.3091916986961613	7.7
0.28476835007213086	7.800000000000001
0.26400071035523387	7.9
0.2420126039089153	8.0
0.22395505636868498	8.1
0.2036496100770609	8.200000000000001
0.1881292314079959	8.3
0.16951663781820428	8.4
0.15282085072537852	8.5
0.13936269468530824	8.6
0.12525827732090158	8.700000000000001
0.11299321736590924	8.8
0.10128826797275199	8.9
0.09032523339014226	9.0
0.07990131076577284	9.1
0.07074161850851482	9.200000000000001
0.06225823002015225	9.3
0.05459595554154821	9.4
0.047550068901015916	9.5
0.04093885987402773	9.600000000000001
0.034907064128998265	9.700000000000001
0.029407590779052837	9.8
0.024415554215724156	9.9
0.019611613123087363	10.0
0.015099123814638083	10.100000000000001
0.01052637640523354	10.200000000000001
0.004918681731993071	10.3
0.0	10.4
0.0	10.5
0.0	10.600000000000001
0.0	10.700000000000001
0.0	10.8
0.0	10.9
0.0	11.0
0.0	11.100000000000001
0.0	11.200000000000001
0.0	11.3
0.0	11.4
0.0	11.5
0.0	11.600000000000001
0.0	11.700000000000001
0.0	11.8
0.0	11.9
0.0	12.0
0.0	12.100000000000001
0.0	12.200000000000001
0.0	12.3
0.0	12.4
