a = 6247.30872630214 м
b = 5028.206846857511 м
x0 = 877.6163144962824 м
vr = 2212.0560500976 м/с
A0 = 1.2472436508734355 м
Xmax = 5977.377395150847 м
sigmaX = 4346.313374967416 м
sigmaY = 4738.970372947423 м
M0 = 1.4206057264039682e+20 Н*м - интегральное значение сейсмического момента
Mr_max = 4.272991987933748e+19 Н*м/с - максимальное значение функции источника
1-ый столбец - отнормированная функция источника
2-ой столбец - время
0.0	0.0
0.00048688548901462946	0.1
0.08666885469151156	0.2
0.17231954103658975	0.30000000000000004
0.25422487701756724	0.4
0.32303993526113756	0.5
0.3399900656244055	0.6000000000000001
0.3748084462734908	0.7000000000000001
0.4282215075626036	0.8
0.4675797053714894	0.9
0.5198077165160104	1.0
0.5624724393598761	1.1
0.6116022955560085	1.2000000000000002
0.6583414411889505	1.3
0.7021379251472608	1.4000000000000001
0.7424193701379036	1.5
0.776840062663892	1.6
0.8234477460320024	1.7000000000000002
0.851383775445094	1.8
0.8974573911589417	1.9000000000000001
0.9112359430223745	2.0
0.9417310417811386	2.1
0.9709204901659547	2.2
0.9744654776050711	2.3000000000000003
0.982303821459774	2.4000000000000004
0.9782813496704107	2.5
1.0	2.6
0.9669688744133338	2.7
0.9800169809251372	2.8000000000000003
0.9736323778242995	2.9000000000000004
0.9563551617781408	3.0
0.9540752198082013	3.1
0.9217605438747487	3.2
0.9124265619218243	3.3000000000000003
0.8847424695359051	3.4000000000000004
0.8500580380461655	3.5
0.8201990089662069	3.6
0.7890858704427377	3.7
0.7477828694473698	3.8000000000000003
0.7193741302540719	3.9000000000000004
0.6681715594995282	4.0
0.6254671427319416	4.1000000000000005
0.5868903735362655	4.2
0.5407336119751598	4.3
0.5047550762204519	4.4
0.4548772634129299	4.5
0.41514622603967327	4.6000000000000005
0.3670577662097213	4.7
0.3247836101275376	4.800000000000001
0.28265956271374665	4.9
0.23694304254412119	5.0
0.19013292121700848	5.1000000000000005
0.14104463296518063	5.2
0.07883037367024526	5.300000000000001
0.0	5.4
0.0	5.5
0.0	5.6000000000000005
0.0	5.7
0.0	5.800000000000001
0.0	5.9
0.0	6.0
0.0	6.1000000000000005
0.0	6.2
