a = 12297.37031490436 м
b = 8768.366781464112 м
x0 = 7592.996060177365 м
vr = 2263.3002022549063 м/с
A0 = 1.9232600723569102 м
Xmax = 9657.705265655588 м
sigmaX = 4510.428210286514 м
sigmaY = 4581.194550359102 м
M0 = 3.9049210407810446e+20 Н*м - интегральное значение сейсмического момента
Mr_max = 1.2777629756242567e+20 Н*м/с - максимальное значение функции источника
1-ый столбец - отнормированная функция источника
2-ой столбец - время
0.0	0.0
0.0004602637643546907	0.1
0.08323148805599864	0.2
0.1654579156875426	0.30000000000000004
0.24572537388033272	0.4
0.32167842149625764	0.5
0.3993774745499885	0.6000000000000001
0.4735757501929978	0.7000000000000001
0.5418062796230485	0.8
0.607508845910509	0.9
0.6680290860824349	1.0
0.7227803144558588	1.1
0.7698194296383478	1.2000000000000002
0.8187516886594217	1.3
0.8602334394728329	1.4000000000000001
0.8959661112238955	1.5
0.9284644343593779	1.6
0.9515499831478313	1.7000000000000002
0.9704296823861287	1.8
0.9831138259578195	1.9000000000000001
0.9989585208125583	2.0
1.0	2.1
0.9942964363938341	2.2
0.9898287989939848	2.3000000000000003
0.9840415722164716	2.4000000000000004
0.9712517262512784	2.5
0.9451997569700075	2.6
0.9301169086357368	2.7
0.9116861158148654	2.8000000000000003
0.87795124427302	2.9000000000000004
0.8551448183971928	3.0
0.824189020260462	3.1
0.7893290941570753	3.2
0.7586555630146871	3.3000000000000003
0.6366714731736556	3.4000000000000004
0.5441703963248957	3.5
0.4951559102361178	3.6
0.4551520712227357	3.7
0.42113719251458914	3.8000000000000003
0.38615617696430565	3.9000000000000004
0.35864654626920817	4.0
0.3229071838790239	4.1000000000000005
0.2971831224299843	4.2
0.26835805806269175	4.3
0.2448055346973724	4.4
0.2204761553299083	4.5
0.20068385913619746	4.6000000000000005
0.1801222827231166	4.7
0.16146901115603865	4.800000000000001
0.1444435618311605	4.9
0.12814215178485844	5.0
0.11439896969491059	5.1000000000000005
0.10122329654919794	5.2
0.09000542097298646	5.300000000000001
0.07957737942564942	5.4
0.0705300418446277	5.5
0.06111096093112668	5.6000000000000005
0.05307258354033751	5.7
0.04583836050756199	5.800000000000001
0.039995719249699906	5.9
0.034212691908764484	6.0
0.02905165338746509	6.1000000000000005
0.02514598344024936	6.2
0.021306679249671834	6.300000000000001
0.01803015574865421	6.4
0.014990018489174991	6.5
0.01253131506333553	6.6000000000000005
0.01041956094410901	6.7
0.008564151065664825	6.800000000000001
0.007015855420309454	6.9
0.005562738122184481	7.0
0.004450737934776852	7.1000000000000005
0.0034220301528662483	7.2
0.0025663606446521994	7.300000000000001
0.0018206263810496921	7.4
0.0011395901175668343	7.5
0.0003326932876700416	7.6000000000000005
0.0	7.7
0.0	7.800000000000001
0.0	7.9
0.0	8.0
0.0	8.1
0.0	8.200000000000001
0.0	8.3
0.0	8.4
0.0	8.5
