a = 14124.514620086115 м
b = 16242.07504192364 м
x0 = 13300.670079125828 м
vr = 2253.4228538770017 м/с
A0 = 0.8720789557775254 м
Xmax = 16960.1733649269 м
sigmaX = 4654.165616065442 м
sigmaY = 4723.376577826581 м
M0 = 2.0168736679543374e+20 Н*м - интегральное значение сейсмического момента
Mr_max = 5.366109202006795e+19 Н*м/с - максимальное значение функции источника
1-ый столбец - отнормированная функция источника
2-ой столбец - время
0.0	0.0
0.00040355019193490625	0.1
0.0725838340061921	0.2
0.1443918103418627	0.30000000000000004
0.21319258523560636	0.4
0.28533526733232767	0.5
0.3497168357111053	0.6000000000000001
0.41700003081278914	0.7000000000000001
0.47654749355019704	0.8
0.5353739897206412	0.9
0.5960477517743247	1.0
0.647613023546456	1.1
0.69459006877801	1.2000000000000002
0.741774982497069	1.3
0.7899161363924897	1.4000000000000001
0.8198058162769245	1.5
0.8596074677047147	1.6
0.892611124457031	1.7000000000000002
0.9158113160219895	1.8
0.9411590932316746	1.9000000000000001
0.9569283444536384	2.0
0.9844094418698286	2.1
0.9919506081195607	2.2
0.9891378750722437	2.3000000000000003
0.9859817254204631	2.4000000000000004
1.0	2.5
0.9892528344986027	2.6
0.9794607273405234	2.7
0.9681846585304209	2.8000000000000003
0.9587413584777653	2.9000000000000004
0.9458713832452375	3.0
0.922593737008031	3.1
0.8968977040280387	3.2
0.8796673072619047	3.3000000000000003
0.8567582721081127	3.4000000000000004
0.8242634909591845	3.5
0.7977510202615433	3.6
0.7696844214379298	3.7
0.7430908517009337	3.8000000000000003
0.7041568697064269	3.9000000000000004
0.6772292334080086	4.0
0.6473248630165007	4.1000000000000005
0.6117432283818875	4.2
0.5810789628866526	4.3
0.5499030491812675	4.4
0.5195539681929304	4.5
0.48773370323910964	4.6000000000000005
0.4560868766199971	4.7
0.43204247117608	4.800000000000001
0.40278684407094734	4.9
0.372175394315597	5.0
0.3450219734498923	5.1000000000000005
0.323320912413021	5.2
0.29604506035486994	5.300000000000001
0.27309559841679504	5.4
0.25049290610147806	5.5
0.2317507413761291	5.6000000000000005
0.2102847630431337	5.7
0.19192811577874172	5.800000000000001
0.17492145640456108	5.9
0.15930615996676356	6.0
0.14476281639611838	6.1000000000000005
0.1289632169213085	6.2
0.11716918407828579	6.300000000000001
0.10481639291433059	6.4
0.09390043081401794	6.5
0.08430702953604538	6.6000000000000005
0.07524886320885116	6.7
0.04252998880368284	6.800000000000001
0.025922042887500694	6.9
0.016701849019326514	7.0
0.0104267395577105	7.1000000000000005
0.006010659997217387	7.2
0.0025508120589937937	7.300000000000001
0.0	7.4
0.0	7.5
0.0	7.6000000000000005
0.0	7.7
0.0	7.800000000000001
0.0	7.9
0.0	8.0
0.0	8.1
0.0	8.200000000000001
0.0	8.3
0.0	8.4
0.0	8.5
0.0	8.6
0.0	8.700000000000001
0.0	8.8
0.0	8.9
0.0	9.0
0.0	9.1
0.0	9.200000000000001
0.0	9.3
0.0	9.4
0.0	9.5
