a = 13078.843995583187 м
b = 15956.274276942488 м
x0 = 2185.9717205139928 м
vr = 1963.643861093261 м/с
A0 = 1.520142951987253 м
Xmax = 9786.577138065164 м
sigmaX = 4629.841091329686 м
sigmaY = 4822.823733715848 м
M0 = 3.560541175569483e+20 Н*м - интегральное значение сейсмического момента
Mr_max = 6.697924319080508e+19 Н*м/с - максимальное значение функции источника
1-ый столбец - отнормированная функция источника
2-ой столбец - время
0.0	0.0
0.0001739799502057597	0.1
0.02766453314087643	0.2
0.054667000671572485	0.30000000000000004
0.08143887193958237	0.4
0.10909893048715834	0.5
0.13689407357032998	0.6000000000000001
0.16275693255320334	0.7000000000000001
0.19141926086014707	0.8
0.2203158731283812	0.9
0.24691919637542706	1.0
0.2768346489941992	1.1
0.30448035635770704	1.2000000000000002
0.317389775211684	1.3
0.3395490967678599	1.4000000000000001
0.36587732986895605	1.5
0.3883308490535291	1.6
0.41804710021359076	1.7000000000000002
0.44624310938440437	1.8
0.46999401783440015	1.9000000000000001
0.5018985272133835	2.0
0.5289029503630366	2.1
0.5600476731903484	2.2
0.5899396371398417	2.3000000000000003
0.6165954030468129	2.4000000000000004
0.6432289156518812	2.5
0.6785297618582322	2.6
0.7055335227107251	2.7
0.7381764176284259	2.8000000000000003
0.7568623492005018	2.9000000000000004
0.7867810385994397	3.0
0.8199365249980428	3.1
0.832683684499445	3.2
0.8573729192047076	3.3000000000000003
0.8716823952649269	3.4000000000000004
0.8832988037754415	3.5
0.9113089046707791	3.6
0.9349136366570154	3.7
0.9423530868076821	3.8000000000000003
0.9658241103318692	3.9000000000000004
0.964903047001962	4.0
0.9832477461630966	4.1000000000000005
0.9880899727851644	4.2
0.9965270431631843	4.3
1.0	4.4
0.9979429418600152	4.5
0.9925455274328867	4.6000000000000005
0.9873154482349997	4.7
0.9929380632652552	4.800000000000001
0.977430690137188	4.9
0.9734546751117575	5.0
0.9470123562197622	5.1000000000000005
0.941294303434008	5.2
0.9271841595251421	5.300000000000001
0.925650767020888	5.4
0.9083291350109687	5.5
0.8747254461102754	5.6000000000000005
0.8553739139478913	5.7
0.8429519033747293	5.800000000000001
0.8212702978646064	5.9
0.7967178243180579	6.0
0.7650822108519807	6.1000000000000005
0.7393595860908895	6.2
0.7187186720648819	6.300000000000001
0.692053345691116	6.4
0.6679119844880121	6.5
0.6398495148366241	6.6000000000000005
0.6124351751646436	6.7
0.5867240079411815	6.800000000000001
0.5638659610002258	6.9
0.5360242387755462	7.0
0.5047024278889403	7.1000000000000005
0.48344083214475236	7.2
0.45670822849175596	7.300000000000001
0.43665680114327804	7.4
0.4078082951677556	7.5
0.3888963579734127	7.6000000000000005
0.3611297469434899	7.7
0.3406185653432318	7.800000000000001
0.3172352605829463	7.9
0.29761681858819966	8.0
0.2761413371958416	8.1
0.26057589466620273	8.200000000000001
0.2400320477079318	8.3
0.22360796283049097	8.4
0.20682912397208403	8.5
0.1918559944545032	8.6
0.17774567886079704	8.700000000000001
0.1624080114090562	8.8
0.14999300901421617	8.9
0.13854116053276466	9.0
0.12527792429898543	9.1
0.11457402929629515	9.200000000000001
0.1045778602868079	9.3
0.09570042156480302	9.4
0.08722907748625129	9.5
0.07912127003021073	9.600000000000001
0.07134967168968681	9.700000000000001
0.06481108277627248	9.8
0.05848061374504987	9.9
0.05233684938960088	10.0
0.046964164505487564	10.100000000000001
0.04204182611632911	10.200000000000001
0.0379639057072859	10.3
0.03383215486474785	10.4
0.029849214760690572	10.5
0.026618068089592415	10.600000000000001
0.023547059638916797	10.700000000000001
0.02096516941587707	10.8
0.018481222685616763	10.9
0.016276188819851264	11.0
0.014162568633747274	11.100000000000001
0.012502399487539036	11.200000000000001
0.010844654995267159	11.3
0.00945341613516033	11.4
0.008130532417831307	11.5
0.006982798566320389	11.600000000000001
0.005926163424840322	11.700000000000001
0.005009814775159877	11.8
0.00417039759174494	11.9
0.003371353245851367	12.0
0.0025983514154184558	12.100000000000001
0.0017867653863318633	12.200000000000001
0.000498686561595757	12.3
0.0	12.4
0.0	12.5
0.0	12.600000000000001
0.0	12.700000000000001
0.0	12.8
0.0	12.9
0.0	13.0
0.0	13.100000000000001
0.0	13.200000000000001
0.0	13.3
0.0	13.4
0.0	13.5
0.0	13.600000000000001
0.0	13.700000000000001
0.0	13.8
0.0	13.9
0.0	14.0
0.0	14.100000000000001
0.0	14.200000000000001
0.0	14.3
0.0	14.4
0.0	14.5
0.0	14.600000000000001
0.0	14.700000000000001
0.0	14.8
0.0	14.9
0.0	15.0
0.0	15.100000000000001
0.0	15.200000000000001
0.0	15.3
0.0	15.4
0.0	15.5
0.0	15.600000000000001
0.0	15.700000000000001
0.0	15.8
0.0	15.9
0.0	16.0
0.0	16.1
