a = 7930.667160276058 м
b = 8908.700841017187 м
x0 = 6981.374188042018 м
vr = 1731.5864579474464 м/с
A0 = 1.186751016730166 м
Xmax = 9744.918954103112 м
sigmaX = 4278.829192897037 м
sigmaY = 4518.11414626441 м
M0 = 1.9206554272627202e+20 Н*м - интегральное значение сейсмического момента
Mr_max = 5.235825009492304e+19 Н*м/с - максимальное значение функции источника
1-ый столбец - отнормированная функция источника
2-ой столбец - время
0.0	0.0
0.0004781524609403707	0.1
0.06594782112628644	0.2
0.13215243261406098	0.30000000000000004
0.19553139703630304	0.4
0.25790637900638175	0.5
0.3195401527335333	0.6000000000000001
0.37710338666641585	0.7000000000000001
0.43501577760044563	0.8
0.4897384897445422	0.9
0.5438021515475308	1.0
0.5954293781211525	1.1
0.6392153428589546	1.2000000000000002
0.6879863532362483	1.3
0.7247128220818986	1.4000000000000001
0.7701457944165562	1.5
0.8005609095971407	1.6
0.8394158940780594	1.7000000000000002
0.8665908457018855	1.8
0.8919023699913694	1.9000000000000001
0.9179796207096708	2.0
0.9311603065762317	2.1
0.956892387649642	2.2
0.9605086551917796	2.3000000000000003
0.9884963145434694	2.4000000000000004
0.9721091865826474	2.5
0.9831521374303285	2.6
1.0	2.7
0.9996289468729377	2.8000000000000003
0.9899168773969779	2.9000000000000004
0.9868761340792039	3.0
0.9746323308684308	3.1
0.9572673905565625	3.2
0.9523226287890002	3.3000000000000003
0.9370133406870987	3.4000000000000004
0.9241291592925597	3.5
0.9020403965942579	3.6
0.8850507111778082	3.7
0.8588818939531044	3.8000000000000003
0.8423795124654583	3.9000000000000004
0.8094762687101799	4.0
0.7920193145732957	4.1000000000000005
0.7372650812269099	4.2
0.7069352014170852	4.3
0.6708373161122401	4.4
0.6416784803341753	4.5
0.6081338237493096	4.6000000000000005
0.5732740224754532	4.7
0.5424594846497517	4.800000000000001
0.511879318121367	4.9
0.4822468494692193	5.0
0.44794860222714455	5.1000000000000005
0.4138490844734513	5.2
0.19134018774768663	5.300000000000001
0.0	5.4
0.0	5.5
0.0	5.6000000000000005
0.0	5.7
0.0	5.800000000000001
0.0	5.9
0.0	6.0
0.0	6.1000000000000005
0.0	6.2
0.0	6.300000000000001
0.0	6.4
0.0	6.5
0.0	6.6000000000000005
0.0	6.7
0.0	6.800000000000001
0.0	6.9
0.0	7.0
0.0	7.1000000000000005
0.0	7.2
