a = 16211.63258370028 м
b = 16914.396816933982 м
x0 = 10847.562972208696 м
vr = 1975.75580768776 м/с
A0 = 1.167000114124097 м
Xmax = 16545.568435520454 м
sigmaX = 4728.385162450138 м
sigmaY = 4539.88004917416 м
M0 = 2.7242375589727748e+20 Н*м - интегральное значение сейсмического момента
Mr_max = 5.515150791349633e+19 Н*м/с - максимальное значение функции источника
1-ый столбец - отнормированная функция источника
2-ой столбец - время
0.0	0.0
0.00030357858941823594	0.1
0.04857501004654723	0.2
0.09617832397511437	0.30000000000000004
0.14197995782929376	0.4
0.1893471564218863	0.5
0.23616904410252718	0.6000000000000001
0.28296478092571725	0.7000000000000001
0.32387217934092494	0.8
0.37170752860927353	0.9
0.41463834432347785	1.0
0.45743526347042424	1.1
0.49545648442953194	1.2000000000000002
0.534196222492147	1.3
0.5755862913365128	1.4000000000000001
0.6082928280626775	1.5
0.6572530229345594	1.6
0.6901847064492883	1.7000000000000002
0.7208070196610652	1.8
0.7526828403156328	1.9000000000000001
0.7824933740253865	2.0
0.8115471749133567	2.1
0.8315103306912127	2.2
0.8656387040272703	2.3000000000000003
0.8867998028910126	2.4000000000000004
0.9000767545196968	2.5
0.9236757610502849	2.6
0.9333637780956716	2.7
0.9605759995767893	2.8000000000000003
0.9627499995600963	2.9000000000000004
0.9727954508406332	3.0
0.984763991639194	3.1
0.9927000845080959	3.2
0.9940334029841101	3.3000000000000003
1.0	3.4000000000000004
0.9982962201449699	3.5
0.9950710407849849	3.6
0.9844112664083925	3.7
0.9777314920665623	3.8000000000000003
0.9672928425473406	3.9000000000000004
0.9641651126381815	4.0
0.9479206934627411	4.1000000000000005
0.9440584111269827	4.2
0.9206547827236498	4.3
0.903514435900962	4.4
0.8859544171771814	4.5
0.8671678011930123	4.6000000000000005
0.8523346885532566	4.7
0.8269633985785975	4.800000000000001
0.8036471566691503	4.9
0.7807063885723998	5.0
0.7548402135709464	5.1000000000000005
0.7292753970193133	5.2
0.6972696055850626	5.300000000000001
0.6705700855355868	5.4
0.6500440805554307	5.5
0.6199259134034373	5.6000000000000005
0.5914224651814971	5.7
0.5683499611980686	5.800000000000001
0.543647405017723	5.9
0.5219529771529124	6.0
0.4918860826577876	6.1000000000000005
0.4676033287650182	6.2
0.4397037487256148	6.300000000000001
0.419650122755796	6.4
0.39214288730550473	6.5
0.3729229824827613	6.6000000000000005
0.35019167580556176	6.7
0.32903406825571624	6.800000000000001
0.3092198134549571	6.9
0.2856536000685209	7.0
0.2697126064849288	7.1000000000000005
0.2521495602866735	7.2
0.23182643992644542	7.300000000000001
0.21715491907834275	7.4
0.20104716167382958	7.5
0.18511843270392184	7.6000000000000005
0.17206298107312334	7.7
0.1588555974438149	7.800000000000001
0.14419737537329014	7.9
0.13286860799404104	8.0
0.12269241293536318	8.1
0.11071899460995817	8.200000000000001
0.10198493510003154	8.3
0.09367989390919641	8.4
0.08470563580726863	8.5
0.0770618541408924	8.6
0.07055553204504103	8.700000000000001
0.06333649913185757	8.8
0.057002959137704486	8.9
0.05191029243387578	9.0
0.04651470545514627	9.1
0.041633271928084095	9.200000000000001
0.03758918410451922	9.3
0.03367915233829656	9.4
0.029770845103917486	9.5
0.02648902350563753	9.600000000000001
0.02366745283551751	9.700000000000001
0.020892653662448604	9.8
0.018387601799834955	9.9
0.016247452372121263	10.0
0.014303973735082274	10.100000000000001
0.01252001395487961	10.200000000000001
0.010906400548463566	10.3
0.009417888036222675	10.4
0.008057267446505067	10.5
0.0068029102857795455	10.600000000000001
0.005593662459524686	10.700000000000001
0.004423834656162514	10.8
0.003146873710036403	10.9
0.001284046873767712	11.0
0.0	11.100000000000001
0.0	11.200000000000001
0.0	11.3
0.0	11.4
0.0	11.5
0.0	11.600000000000001
0.0	11.700000000000001
0.0	11.8
0.0	11.9
0.0	12.0
0.0	12.100000000000001
0.0	12.200000000000001
0.0	12.3
0.0	12.4
0.0	12.5
0.0	12.600000000000001
