a = 5605.2077217759215 м
b = 4579.735956571058 м
x0 = 24.328661764351015 м
vr = 2110.1270924351197 м/с
A0 = 1.919061650542306 м
Xmax = 5055.6337790511025 м
sigmaX = 4142.399042366823 м
sigmaY = 4027.0207532905856 м
M0 = 1.78714946047052e+20 Н*м - интегральное значение сейсмического момента
Mr_max = 5.3922131722902946e+19 Н*м/с - максимальное значение функции источника
1-ый столбец - отнормированная функция источника
2-ой столбец - время
0.0	0.0
0.0005388486426108576	0.1
0.04927460486139507	0.2
0.09880632997565855	0.30000000000000004
0.1476684716123433	0.4
0.1985544596996359	0.5
0.25206000244086174	0.6000000000000001
0.3035325949329802	0.7000000000000001
0.3542323053242675	0.8
0.4117203370743089	0.9
0.4552574090615914	1.0
0.5165629520699324	1.1
0.5694709161466673	1.2000000000000002
0.5991295367918796	1.3
0.6686555509999593	1.4000000000000001
0.696895170967696	1.5
0.7355066782563581	1.6
0.7963687717839877	1.7000000000000002
0.8275236457468054	1.8
0.863230541833476	1.9000000000000001
0.9036362137233626	2.0
0.9176582876658719	2.1
0.9252599423012446	2.2
0.9760428316986842	2.3000000000000003
0.9840600830697991	2.4000000000000004
0.987847189882656	2.5
0.9894281194291846	2.6
1.0	2.7
0.9924654535949519	2.8000000000000003
0.9824188069722471	2.9000000000000004
0.9856687249217824	3.0
0.9689012283691374	3.1
0.9579514558600157	3.2
0.9426177573960887	3.3000000000000003
0.9093622514620651	3.4000000000000004
0.8730241356365969	3.5
0.8597162436650497	3.6
0.8299854071551948	3.7
0.7968064551211544	3.8000000000000003
0.7600567385723233	3.9000000000000004
0.7046331580890091	4.0
0.6739630090189409	4.1000000000000005
0.6353063032093571	4.2
0.5869102994851061	4.3
0.5418592010857701	4.4
0.5068519290901736	4.5
0.46124135717419396	4.6000000000000005
0.41893869436120706	4.7
0.3709346518465741	4.800000000000001
0.32474250558888795	4.9
0.2775777599376547	5.0
0.23110006738610442	5.1000000000000005
0.1807892911283122	5.2
0.12285663446227167	5.300000000000001
0.017551659162997477	5.4
0.0	5.5
0.0	5.6000000000000005
0.0	5.7
0.0	5.800000000000001
0.0	5.9
0.0	6.0
0.0	6.1000000000000005
0.0	6.2
0.0	6.300000000000001
