a = 16666.409034437173 м
b = 11164.434427226604 м
x0 = 3584.789065493754 м
vr = 1954.4238397046747 м/с
A0 = 0.8797017529064479 м
Xmax = 18137.14365535941 м
sigmaX = 4648.37201031367 м
sigmaY = 4160.148133544402 м
M0 = 1.7158569377706174e+20 Н*м - интегральное значение сейсмического момента
Mr_max = 2.9674382888758895e+19 Н*м/с - максимальное значение функции источника
1-ый столбец - отнормированная функция источника
2-ой столбец - время
0.0	0.0
6.4698295322865515e-06	0.1
0.0010346687788055765	0.2
0.0020703865415157676	0.30000000000000004
0.003146855061083463	0.4
0.0042632308544451	0.5
0.0054348484818600145	0.6000000000000001
0.00680713931200609	0.7000000000000001
0.008179423806139037	0.8
0.009750043450523917	0.9
0.011445909008324871	1.0
0.013378125843809176	1.1
0.015412193324138112	1.2000000000000002
0.0179574353860043	1.3
0.020589183082649586	1.4000000000000001
0.023615809720838408	1.5
0.026429611578635496	1.6
0.03044976690704896	1.7000000000000002
0.03432026692096906	1.8
0.03830057378760728	1.9000000000000001
0.043241948560375214	2.0
0.04793119019295107	2.1
0.054031339006853495	2.2
0.060427371765391195	2.3000000000000003
0.06695639066402546	2.4000000000000004
0.07468233383994397	2.5
0.08090524425452633	2.6
0.09124469781938586	2.7
0.10097663352824489	2.8000000000000003
0.10980073258088258	2.9000000000000004
0.12152360779268952	3.0
0.13203952869009708	3.1
0.14467072496895522	3.2
0.15885736753607993	3.3000000000000003
0.17105699671336655	3.4000000000000004
0.18864261105093527	3.5
0.2022397071120492	3.6
0.218790929683155	3.7
0.23614606834190607	3.8000000000000003
0.25395137200137163	3.9000000000000004
0.27389999307153545	4.0
0.2922703048040512	4.1000000000000005
0.31486371800426316	4.2
0.3365630156433406	4.3
0.3545550108829863	4.4
0.3784479114607198	4.5
0.40108813645818064	4.6000000000000005
0.42571669522819566	4.7
0.4535029507356654	4.800000000000001
0.4785363394417204	4.9
0.5025205173482931	5.0
0.525477269193831	5.1000000000000005
0.5590565832615119	5.2
0.5782645803002021	5.300000000000001
0.6065115242863767	5.4
0.6331397748543663	5.5
0.6525184174454778	5.6000000000000005
0.6815051396327616	5.7
0.7092395519596074	5.800000000000001
0.7309457792021185	5.9
0.7546426600516046	6.0
0.7841875758850924	6.1000000000000005
0.8021579779862156	6.2
0.8199279816266817	6.300000000000001
0.8520392117258565	6.4
0.8778749686322559	6.5
0.8848203058392128	6.6000000000000005
0.9030697900014519	6.7
0.9267063608510336	6.800000000000001
0.9358740085060456	6.9
0.9534385918541598	7.0
0.9659784175403021	7.1000000000000005
0.9694296222860838	7.2
0.9803687024220189	7.300000000000001
0.9871748775425555	7.4
0.9920507971683795	7.5
0.988554771862411	7.6000000000000005
0.9952662014418898	7.7
1.0	7.800000000000001
0.9958620041817812	7.9
0.9867733174469587	8.0
0.9746184632958482	8.1
0.9763536665091749	8.200000000000001
0.9719869144798065	8.3
0.9621685917413054	8.4
0.9430229903603567	8.5
0.9282745436625475	8.6
0.9169108318378457	8.700000000000001
0.8904592309768781	8.8
0.8792812362172825	8.9
0.8530797210259105	9.0
0.8381247057676856	9.1
0.8138139578389927	9.200000000000001
0.7881687868524622	9.3
0.765423754010123	9.4
0.7436116552202676	9.5
0.7275199853161444	9.600000000000001
0.6967868295113838	9.700000000000001
0.6650457848244918	9.8
0.6484963606070949	9.9
0.6233286843304285	10.0
0.5957376379380099	10.100000000000001
0.5713966266805491	10.200000000000001
0.5455688048182509	10.3
0.5155230172416243	10.4
0.4913867164131024	10.5
0.46576684992769224	10.600000000000001
0.4413533420591346	10.700000000000001
0.4158840212463233	10.8
0.39589909336670676	10.9
0.37033050584087696	11.0
0.3472124567640414	11.100000000000001
0.32656540351845864	11.200000000000001
0.3068197333330634	11.3
0.28630132240240697	11.4
0.26696000282850335	11.5
0.24780269739341493	11.600000000000001
0.23256069191936798	11.700000000000001
0.21511134434210458	11.8
0.1986191843571778	11.9
0.18282421999556805	12.0
0.16878987269447399	12.100000000000001
0.15589971108375805	12.200000000000001
0.14280149011263985	12.3
0.1307391658837583	12.4
0.12033971120421653	12.5
0.11014367149417748	12.600000000000001
0.10031488285977888	12.700000000000001
0.09102690108561551	12.8
0.08207989644967155	12.9
0.07502896450551408	13.0
0.06684159099801974	13.100000000000001
0.06055140634673407	13.200000000000001
0.05409452083255096	13.3
0.04876637131055096	13.4
0.04310109116060952	13.5
0.03865809088787572	13.600000000000001
0.03423290992420664	13.700000000000001
0.030162946639315173	13.8
0.026591559842133336	13.9
0.02332480970478191	14.0
0.02042050587638621	14.100000000000001
0.017739105935810167	14.200000000000001
0.015341821188743991	14.3
0.01324065889238858	14.4
0.011282554920869013	14.5
0.009578209595167416	14.600000000000001
0.00799192891735191	14.700000000000001
0.0066018928301217385	14.8
0.005338911286998973	14.9
0.004195725254113294	15.0
0.00311838596240039	15.100000000000001
0.0020710203104712644	15.200000000000001
0.0007939907979098231	15.3
0.0	15.4
0.0	15.5
0.0	15.600000000000001
0.0	15.700000000000001
0.0	15.8
0.0	15.9
0.0	16.0
0.0	16.1
0.0	16.2
