a = 14301.129641917556 м
b = 15049.839595804 м
x0 = 1269.8984100149898 м
vr = 1727.7596984531397 м/с
A0 = 0.6522538273377017 м
Xmax = 17594.701072150187 м
sigmaX = 4216.1219257457005 м
sigmaY = 4953.781613607482 м
M0 = 1.340564883120456e+20 Н*м - интегральное значение сейсмического момента
Mr_max = 2.261457492133035e+19 Н*м/с - максимальное значение функции источника
1-ый столбец - отнормированная функция источника
2-ой столбец - время
0.0	0.0
4.150467836100904e-07	0.1
5.821303330477175e-05	0.2
0.00011879535978751691	0.30000000000000004
0.00018158193135641004	0.4
0.0002504565175624343	0.5
0.00032805777608586715	0.6000000000000001
0.00041667601799877537	0.7000000000000001
0.0005098526513442234	0.8
0.0006107240209716425	0.9
0.0007374462156542573	1.0
0.0008931618950717553	1.1
0.0010609824193118567	1.2000000000000002
0.0012482591104633351	1.3
0.0014897980564790318	1.4000000000000001
0.001772240217205428	1.5
0.0020731071621078244	1.6
0.002437154184820874	1.7000000000000002
0.0028690790792949648	1.8
0.0033586184477253905	1.9000000000000001
0.0038466416303568757	2.0
0.004546182664866193	2.1
0.005223131595481497	2.2
0.006037334839088949	2.3000000000000003
0.00695702035033187	2.4000000000000004
0.007993429300459244	2.5
0.009184080888686117	2.6
0.010365182820640787	2.7
0.011818659573702922	2.8000000000000003
0.013541294683495027	2.9000000000000004
0.015362868545773482	3.0
0.017210700623004418	3.1
0.019665698966762388	3.2
0.022226609302247458	3.3000000000000003
0.025032519149607156	3.4000000000000004
0.027669917885647547	3.5
0.03160640244549549	3.6
0.03473787491074912	3.7
0.038838986413298277	3.8000000000000003
0.04304789964182695	3.9000000000000004
0.048557454637576936	4.0
0.0539732017340637	4.1000000000000005
0.05888382611103812	4.2
0.06552068027771975	4.3
0.07239416375303888	4.4
0.08039252559767288	4.5
0.08691233478397661	4.6000000000000005
0.09642708209924179	4.7
0.10518783838647996	4.800000000000001
0.11465725548003244	4.9
0.12557584411819675	5.0
0.13717775047503183	5.1000000000000005
0.14825892550854403	5.2
0.160258898129849	5.300000000000001
0.17316876332142714	5.4
0.189702258955962	5.5
0.20327812948534504	5.6000000000000005
0.21775382455346864	5.7
0.23603226400269428	5.800000000000001
0.25383106083688506	5.9
0.26838404606067384	6.0
0.2873045552431671	6.1000000000000005
0.30687933161451014	6.2
0.32829979699988465	6.300000000000001
0.3454280684197229	6.4
0.36910465971314915	6.5
0.39457533106594067	6.6000000000000005
0.4164775425960309	6.7
0.4353195209664718	6.800000000000001
0.45959225076244414	6.9
0.48825223983302174	7.0
0.5090452903093269	7.1000000000000005
0.5338659619631911	7.2
0.56031927622211	7.300000000000001
0.5841412685768889	7.4
0.6061716419915758	7.5
0.636506818304886	7.6000000000000005
0.6550276275196503	7.7
0.6907312860094658	7.800000000000001
0.7043627463380302	7.9
0.7365149332829127	8.0
0.7562755714674902	8.1
0.7804613581742367	8.200000000000001
0.7995140598107505	8.3
0.8140257241631029	8.4
0.8506025755482457	8.5
0.8665364541031118	8.6
0.8785765505980664	8.700000000000001
0.8995257614920388	8.8
0.9165383956692894	8.9
0.9248097948973308	9.0
0.9530372525001857	9.1
0.9583874482037669	9.200000000000001
0.9651926828619014	9.3
0.9736720993642934	9.4
0.9828249790796107	9.5
0.9789343106105051	9.600000000000001
0.9858450454001889	9.700000000000001
0.9964944034429976	9.8
0.9928549848381129	9.9
1.0	10.0
0.9850436441421735	10.100000000000001
0.9860426364722789	10.200000000000001
0.9787207405141143	10.3
0.9686056758198921	10.4
0.9660613065429515	10.5
0.9476909840513611	10.600000000000001
0.9388983883175146	10.700000000000001
0.9274916679511267	10.8
0.9136458659641457	10.9
0.8929789304625393	11.0
0.8701421492025654	11.100000000000001
0.8554725542277289	11.200000000000001
0.8342661306182283	11.3
0.8132540423929302	11.4
0.7960149170286259	11.5
0.7758952619038262	11.600000000000001
0.7504689907498884	11.700000000000001
0.7234019871260443	11.8
0.7004470857576554	11.9
0.677669588671394	12.0
0.6524583085055993	12.100000000000001
0.6224306642490869	12.200000000000001
0.5951128025098003	12.3
0.5723273986087373	12.4
0.5513517735764898	12.5
0.5201776362814516	12.600000000000001
0.4993381444030596	12.700000000000001
0.47576567590698415	12.8
0.4537975632475564	12.9
0.43074676749599894	13.0
0.40742922647126506	13.100000000000001
0.38264502143050916	13.200000000000001
0.3607509601440217	13.3
0.338903266414673	13.4
0.3194547709487138	13.5
0.29906308026588196	13.600000000000001
0.2805280788115664	13.700000000000001
0.26172853823079467	13.8
0.24342414943081117	13.9
0.22556873848702577	14.0
0.20981720127411782	14.100000000000001
0.19417195148907493	14.200000000000001
0.17914430141470672	14.3
0.16442877111403295	14.4
0.15108129072268955	14.5
0.13784370487953232	14.600000000000001
0.1254371869784389	14.700000000000001
0.11345857120347035	14.8
0.10275956320478248	14.9
0.09236394857926519	15.0
0.08247074685395142	15.100000000000001
0.07296664952767162	15.200000000000001
0.06385638000856055	15.3
0.05520595616263692	15.4
0.04676325373769979	15.5
0.03864655687074385	15.600000000000001
0.03019158940893938	15.700000000000001
0.021012086295057922	15.8
0.0082812455739776	15.9
0.0	16.0
0.0	16.1
0.0	16.2
0.0	16.3
0.0	16.400000000000002
0.0	16.5
0.0	16.6
0.0	16.7
0.0	16.8
0.0	16.900000000000002
0.0	17.0
0.0	17.1
0.0	17.2
0.0	17.3
0.0	17.400000000000002
0.0	17.5
0.0	17.6
