a = 17729.370652422775 м
b = 19764.667717454293 м
x0 = 16507.916932899378 м
vr = 1964.8369832595833 м/с
A0 = 1.9781603307845368 м
Xmax = 21571.926343922645 м
sigmaX = 4499.760202559116 м
sigmaY = 4099.726501368889 м
M0 = 3.955838710571409e+20 Н*м - интегральное значение сейсмического момента
Mr_max = 8.708577677108167e+19 Н*м/с - максимальное значение функции источника
1-ый столбец - отнормированная функция источника
2-ой столбец - время
0.0	0.0
0.00035558060077507295	0.1
0.05617635892776922	0.2
0.11183034280881318	0.30000000000000004
0.16508629862896038	0.4
0.2217943397037875	0.5
0.2736421080667578	0.6000000000000001
0.3236335865500349	0.7000000000000001
0.37571282075906653	0.8
0.4265676209443832	0.9
0.47577460385047415	1.0
0.5216068445400734	1.1
0.565827785783172	1.2000000000000002
0.61054999418768	1.3
0.6467299872910617	1.4000000000000001
0.6922014944525572	1.5
0.7241066717272755	1.6
0.7620329447739174	1.7000000000000002
0.793776773862259	1.8
0.825719746844844	1.9000000000000001
0.8544521180078861	2.0
0.8737401645357898	2.1
0.90497778693511	2.2
0.920970619502425	2.3000000000000003
0.9393987787385796	2.4000000000000004
0.9427677339178951	2.5
0.9662105658374441	2.6
0.9798655576291648	2.7
0.9835159447189199	2.8000000000000003
0.9851125426121738	2.9000000000000004
0.9937766936225175	3.0
1.0	3.1
0.9815366921397856	3.2
0.9790934470857442	3.3000000000000003
0.9791353270088159	3.4000000000000004
0.9653524991696215	3.5
0.9580451402292998	3.6
0.9371520981933026	3.7
0.9314664903478941	3.8000000000000003
0.9121990705784861	3.9000000000000004
0.8860846667126915	4.0
0.8773443067831562	4.1000000000000005
0.8426531492992828	4.2
0.8329869334668382	4.3
0.7971845602832296	4.4
0.7882300681287814	4.5
0.7497665808916496	4.6000000000000005
0.7176384546879357	4.7
0.6940941355512453	4.800000000000001
0.6686905442388656	4.9
0.6489920095505319	5.0
0.617851149046122	5.1000000000000005
0.5942714281758783	5.2
0.5645208541094954	5.300000000000001
0.5305812278842099	5.4
0.5065253358055634	5.5
0.4782038785630728	5.6000000000000005
0.4576974030263254	5.7
0.4313196760798514	5.800000000000001
0.4098146538166602	5.9
0.38046949528406826	6.0
0.35868862525376205	6.1000000000000005
0.3355126679191145	6.2
0.3111842226331502	6.300000000000001
0.2938437306417085	6.4
0.27250176993740305	6.5
0.25252070796331205	6.6000000000000005
0.2370376637916743	6.7
0.2164876626354385	6.800000000000001
0.20118783648056815	6.9
0.18518073723110287	7.0
0.16901764943835162	7.1000000000000005
0.15622504059840467	7.2
0.1455777195848457	7.300000000000001
0.13229899583656995	7.4
0.12040964009545387	7.5
0.10991950112920827	7.6000000000000005
0.09894768519118943	7.7
0.09115451279719387	7.800000000000001
0.08184604690029922	7.9
0.07419373212986587	8.0
0.06687477610860022	8.1
0.06054862471874988	8.200000000000001
0.05456255392851452	8.3
0.04854646340801044	8.4
0.0436826996608906	8.5
0.03902499818336399	8.6
0.034873932101555816	8.700000000000001
0.030979857001540833	8.8
0.0276301883903486	8.9
0.0245081472506347	9.0
0.021695350881497693	9.1
0.019140275957494342	9.200000000000001
0.01693003916999433	9.3
0.014891354915505061	9.4
0.013052511102248962	9.5
0.01149523128742416	9.600000000000001
0.01006531124477484	9.700000000000001
0.0036695727727256273	9.8
0.0012435087706732073	9.9
0.0004577198274688206	10.0
0.00015768204309769682	10.100000000000001
4.188328478361262e-05	10.200000000000001
0.0	10.3
0.0	10.4
0.0	10.5
0.0	10.600000000000001
0.0	10.700000000000001
0.0	10.8
0.0	10.9
0.0	11.0
0.0	11.100000000000001
0.0	11.200000000000001
0.0	11.3
0.0	11.4
0.0	11.5
0.0	11.600000000000001
0.0	11.700000000000001
0.0	11.8
0.0	11.9
0.0	12.0
0.0	12.100000000000001
0.0	12.200000000000001
0.0	12.3
0.0	12.4
0.0	12.5
0.0	12.600000000000001
0.0	12.700000000000001
