a = 12227.940270640092 м
b = 9694.697619294207 м
x0 = 6599.469691004345 м
vr = 2475.9023201648433 м/с
A0 = 1.218779429503746 м
Xmax = 11149.222645291178 м
sigmaX = 4461.423701677152 м
sigmaY = 4649.533214088442 м
M0 = 2.5586387152915936e+20 Н*м - интегральное значение сейсмического момента
Mr_max = 7.6187913610759e+19 Н*м/с - максимальное значение функции источника
1-ый столбец - отнормированная функция источника
2-ой столбец - время
0.0	0.0
0.00035325289434787963	0.1
0.0703057968402296	0.2
0.13927032566161893	0.30000000000000004
0.20784815983626323	0.4
0.27509537949861484	0.5
0.3367067053714251	0.6000000000000001
0.4022163225627294	0.7000000000000001
0.4617425814959117	0.8
0.5188808305127699	0.9
0.5726859502181777	1.0
0.6256100172217325	1.1
0.6834003144666705	1.2000000000000002
0.7329421383279218	1.3
0.7680783743764141	1.4000000000000001
0.8052098309509951	1.5
0.8498156532728395	1.6
0.8829579565835819	1.7000000000000002
0.9040819605295084	1.8
0.9390627275757186	1.9000000000000001
0.9539119983730745	2.0
0.9682008663890339	2.1
0.9756835623525557	2.2
1.0	2.3000000000000003
0.9925387481996502	2.4000000000000004
0.9926125747738889	2.5
0.9811989855478722	2.6
0.9791256073310554	2.7
0.9555799552787033	2.8000000000000003
0.9115425332599223	2.9000000000000004
0.896273067332585	3.0
0.8701577691652932	3.1
0.8349098433979963	3.2
0.8037225348150676	3.3000000000000003
0.7818057239722893	3.4000000000000004
0.7449591987553037	3.5
0.7101233449028179	3.6
0.67054672834123	3.7
0.6434384063898787	3.8000000000000003
0.600304275712258	3.9000000000000004
0.5656624133290686	4.0
0.5339429202952269	4.1000000000000005
0.5011999484914892	4.2
0.4619093631097506	4.3
0.4267725717379211	4.4
0.3968818740678818	4.5
0.36424916542674174	4.6000000000000005
0.3319380098684334	4.7
0.3050956861447177	4.800000000000001
0.2749094351130024	4.9
0.24984506400844067	5.0
0.22467344428580058	5.1000000000000005
0.20272641196907287	5.2
0.18208490829887028	5.300000000000001
0.16007556391798478	5.4
0.14120775740980224	5.5
0.1256606227820281	5.6000000000000005
0.11037637960554432	5.7
0.09668648660101838	5.800000000000001
0.08371829628979771	5.9
0.07240231119590923	6.0
0.061733109592643345	6.1000000000000005
0.05284062647143537	6.2
0.044703328277017965	6.300000000000001
0.03782985079237806	6.4
0.03133560271493982	6.5
0.025918827701814716	6.6000000000000005
0.021132317203706025	6.7
0.0167364487854892	6.800000000000001
0.01313627324999646	6.9
0.009996754762759323	7.0
0.007150246073069873	7.1000000000000005
0.004494289418563539	7.2
0.0013363614362884345	7.300000000000001
0.0	7.4
0.0	7.5
0.0	7.6000000000000005
0.0	7.7
0.0	7.800000000000001
0.0	7.9
0.0	8.0
0.0	8.1
0.0	8.200000000000001
