a = 13682.256547615387 м
b = 10499.047420208031 м
x0 = 1045.1919498860143 м
vr = 2262.8034079041477 м/с
A0 = 0.9849536505390468 м
Xmax = 16218.100930568144 м
sigmaX = 4965.361700687578 м
sigmaY = 4828.5866030492525 м
M0 = 2.2142635120502496e+20 Н*м - интегральное значение сейсмического момента
Mr_max = 4.329330649624182e+19 Н*м/с - максимальное значение функции источника
1-ый столбец - отнормированная функция источника
2-ой столбец - время
0.0	0.0
7.267429278424482e-06	0.1
0.0013263198343282962	0.2
0.0026627439406304936	0.30000000000000004
0.0040485727157225475	0.4
0.005547235510697399	0.5
0.006649432106681112	0.6000000000000001
0.008026542699249729	0.7000000000000001
0.00953178396549214	0.8
0.01150990569395823	0.9
0.013627075920523465	1.0
0.01596012010016861	1.1
0.018876989929494905	1.2000000000000002
0.022096856084754028	1.3
0.025818125800427465	1.4000000000000001
0.029850601025985146	1.5
0.033963282424924766	1.6
0.03915434904834902	1.7000000000000002
0.04459306541371965	1.8
0.05065333805052857	1.9000000000000001
0.05786608866111746	2.0
0.0645560893475823	2.1
0.07257972917273045	2.2
0.08165142004431246	2.3000000000000003
0.09109993711151311	2.4000000000000004
0.10233063042334041	2.5
0.11238993734539163	2.6
0.12474942729991455	2.7
0.13778788479479612	2.8000000000000003
0.150767726795604	2.9000000000000004
0.1664382986996798	3.0
0.18186515668806727	3.1
0.19979558336841324	3.2
0.21666847107566903	3.3000000000000003
0.23633599715443124	3.4000000000000004
0.25718517166434246	3.5
0.27467928100346106	3.6
0.29664215066764715	3.7
0.32341804096329446	3.8000000000000003
0.3445636449242319	3.9000000000000004
0.3712219394255507	4.0
0.3960908248570393	4.1000000000000005
0.418027899046885	4.2
0.44725048978498555	4.3
0.4750429201449254	4.4
0.5014222774154824	4.5
0.5309557804773228	4.6000000000000005
0.5558529765477472	4.7
0.5824857096731902	4.800000000000001
0.6153903220136331	4.9
0.6432693354544569	5.0
0.6724046475815788	5.1000000000000005
0.7021859117343902	5.2
0.723134359147356	5.300000000000001
0.7552690676273659	5.4
0.7795580644581543	5.5
0.7999555318918807	5.6000000000000005
0.8304682804750113	5.7
0.8498463603957377	5.800000000000001
0.875267710665327	5.9
0.8958309247434068	6.0
0.9154512515159416	6.1000000000000005
0.9253086617924364	6.2
0.942153210601173	6.300000000000001
0.9610332619524602	6.4
0.9686340943884424	6.5
0.9806796803931438	6.6000000000000005
0.9825199828369819	6.7
0.995604094459144	6.800000000000001
0.9955366946966687	6.9
0.9905221163531905	7.0
1.0	7.1000000000000005
0.9891176914207968	7.2
0.977610061990119	7.300000000000001
0.9799019509012037	7.4
0.9662351955593173	7.5
0.9468014542338857	7.6000000000000005
0.9343941071792473	7.7
0.9257149735333634	7.800000000000001
0.9057335587364674	7.9
0.8768922815733375	8.0
0.8631883779008332	8.1
0.8397220484094621	8.200000000000001
0.8152396352335025	8.3
0.7933089557169984	8.4
0.7678956433596392	8.5
0.7384587453534021	8.6
0.7086653872096412	8.700000000000001
0.6799773856625231	8.8
0.6475723590259028	8.9
0.6255408595940647	9.0
0.5942874699181883	9.1
0.56431876786774	9.200000000000001
0.5337940292325615	9.3
0.5046620810709818	9.4
0.4740303077610578	9.5
0.4489128487348966	9.600000000000001
0.42056462875121225	9.700000000000001
0.394528761977494	9.8
0.36528736301638465	9.9
0.33835352268097874	10.0
0.31261911776987117	10.100000000000001
0.2901140521079611	10.200000000000001
0.26723388501337786	10.3
0.24304208418474244	10.4
0.22229377949528278	10.5
0.20156753200241648	10.600000000000001
0.18120161176376443	10.700000000000001
0.16253497538413972	10.8
0.1441985555125557	10.9
0.12750709062462687	11.0
0.11129244773393883	11.100000000000001
0.09530639013682342	11.200000000000001
0.08041469951200901	11.3
0.06597484496893184	11.4
0.05129278892093574	11.5
0.03607015993457489	11.600000000000001
0.0166086412838287	11.700000000000001
0.0	11.8
0.0	11.9
0.0	12.0
0.0	12.100000000000001
0.0	12.200000000000001
0.0	12.3
0.0	12.4
0.0	12.5
0.0	12.600000000000001
