a = 6249.4515958063785 м
b = 4628.193608486839 м
x0 = 4501.305264627567 м
vr = 1707.5127437525903 м/с
A0 = 1.2898258216007263 м
Xmax = 4558.890790613875 м
sigmaX = 4829.677494728627 м
sigmaY = 4367.0385694005545 м
M0 = 1.381733772406533e+20 Н*м - интегральное значение сейсмического момента
Mr_max = 6.315008171109374e+19 Н*м/с - максимальное значение функции источника
1-ый столбец - отнормированная функция источника
2-ой столбец - время
0.0	0.0
0.0005231007306138106	0.1
0.07161426906794956	0.2
0.14240648674539727	0.30000000000000004
0.2100042879535043	0.4
0.27416404750605133	0.5
0.34287974192602816	0.6000000000000001
0.4045429240507724	0.7000000000000001
0.46559094173341775	0.8
0.5218084207531971	0.9
0.578971986168213	1.0
0.6294104080460289	1.1
0.6809293644341748	1.2000000000000002
0.7274255135121634	1.3
0.7697468167298205	1.4000000000000001
0.8116067890499931	1.5
0.835576099699104	1.6
0.8773960111928347	1.7000000000000002
0.9111206168141616	1.8
0.9259134233924111	1.9000000000000001
0.9451654155969201	2.0
0.963125608594155	2.1
0.9742979663566389	2.2
0.9926120334784866	2.3000000000000003
0.9993946465631403	2.4000000000000004
1.0	2.5
0.8196821024201802	2.6
0.6008585952856207	2.7
0.45412083387598967	2.8000000000000003
0.4220133926402506	2.9000000000000004
0.3884659044204944	3.0
0.35511263671553195	3.1
0.32878365460545883	3.2
0.30499225456969686	3.3000000000000003
0.27903421814047724	3.4000000000000004
0.2570181616157475	3.5
0.23478901286250525	3.6
0.2151300077941761	3.7
0.19439486225112276	3.8000000000000003
0.17547028822281333	3.9000000000000004
0.15947579113545388	4.0
0.1405962007610604	4.1000000000000005
0.12422457498360974	4.2
0.10769209395544199	4.3
0.09138139459484901	4.4
0.07567035166834654	4.5
0.05764481904724677	4.6000000000000005
0.03738003688796275	4.7
0.0	4.800000000000001
0.0	4.9
0.0	5.0
0.0	5.1000000000000005
0.0	5.2
0.0	5.300000000000001
0.0	5.4
0.0	5.5
0.0	5.6000000000000005
