a = 15401.50153708071 м
b = 16458.452755765204 м
x0 = 8576.54159150769 м
vr = 2191.0593885985345 м/с
A0 = 1.95986727469054 м
Xmax = 19649.813535396137 м
sigmaX = 4905.60563251116 м
sigmaY = 4337.962858932304 м
M0 = 4.224344877534452e+20 Н*м - интегральное значение сейсмического момента
Mr_max = 8.034995577450371e+19 Н*м/с - максимальное значение функции источника
1-ый столбец - отнормированная функция источника
2-ой столбец - время
0.0	0.0
6.284272021526318e-05	0.1
0.011079892353146615	0.2
0.022175932423308717	0.30000000000000004
0.03318185793013241	0.4
0.04438842799672792	0.5
0.056598915129069505	0.6000000000000001
0.06830308832523915	0.7000000000000001
0.08103050001691474	0.8
0.093656725974036	0.9
0.10769231209956845	1.0
0.12124737341625352	1.1
0.13656748002677338	1.2000000000000002
0.15304006315950913	1.3
0.17016207613494466	1.4000000000000001
0.18795790296294101	1.5
0.20698404100321455	1.6
0.22529141256834267	1.7000000000000002
0.24585533085486352	1.8
0.26672360583847904	1.9000000000000001
0.28720313164198064	2.0
0.3098701168472348	2.1
0.33463049468209216	2.2
0.358688401622547	2.3000000000000003
0.38391668509652066	2.4000000000000004
0.41251369172979474	2.5
0.43909298261817836	2.6
0.4648870931942416	2.7
0.49163498237813347	2.8000000000000003
0.5169163870703234	2.9000000000000004
0.5463559430420583	3.0
0.5778578972142373	3.1
0.6040092737380525	3.2
0.635462804538059	3.3000000000000003
0.6582535358318822	3.4000000000000004
0.6894872846226648	3.5
0.7130106828848362	3.6
0.7424956951337497	3.7
0.7663632641453577	3.8000000000000003
0.7959759357243466	3.9000000000000004
0.8211522889970272	4.0
0.8348933639291317	4.1000000000000005
0.8621553956785165	4.2
0.8768598934284215	4.3
0.9030302022218604	4.4
0.9133753498784508	4.5
0.9395092834788394	4.6000000000000005
0.9468970019016933	4.7
0.9570318171629524	4.800000000000001
0.9793828414680323	4.9
0.9864385325806374	5.0
0.988996620761534	5.1000000000000005
0.9902689513304707	5.2
1.0	5.300000000000001
0.9856196849593839	5.4
0.9947556303602447	5.5
0.9952187121342175	5.6000000000000005
0.979976394901709	5.7
0.9807724217912112	5.800000000000001
0.9721104579963382	5.9
0.9580229503126989	6.0
0.9397036400242078	6.1000000000000005
0.9320222495050506	6.2
0.9111943404519365	6.300000000000001
0.8860934232257587	6.4
0.8753561925646409	6.5
0.8470211393037108	6.6000000000000005
0.8197873294122808	6.7
0.8032391455933161	6.800000000000001
0.7749161456339521	6.9
0.7488950051427135	7.0
0.722453924526713	7.1000000000000005
0.6968164204611998	7.2
0.6690927626417978	7.300000000000001
0.6406892067436794	7.4
0.6112949410242493	7.5
0.584838363981098	7.6000000000000005
0.5606313537577915	7.7
0.5316926267116289	7.800000000000001
0.5078993828188935	7.9
0.48300703631699843	8.0
0.451225633049803	8.1
0.4260170998002793	8.200000000000001
0.40345745663612537	8.3
0.3786271274623046	8.4
0.3548085237089502	8.5
0.33163535697229785	8.6
0.3112573942172665	8.700000000000001
0.28924444197214966	8.8
0.2689933885464322	8.9
0.2507714055441289	9.0
0.23153463159797438	9.1
0.21330879357250787	9.200000000000001
0.19719254578969894	9.3
0.18176698911838918	9.4
0.1659464376752281	9.5
0.15164439474974986	9.600000000000001
0.13769959501470264	9.700000000000001
0.12439413884812474	9.8
0.11087941984612702	9.9
0.09561819263788612	10.0
0.07751106927537338	10.100000000000001
0.04705482525068217	10.200000000000001
0.0	10.3
0.0	10.4
0.0	10.5
0.0	10.600000000000001
0.0	10.700000000000001
0.0	10.8
0.0	10.9
0.0	11.0
0.0	11.100000000000001
0.0	11.200000000000001
0.0	11.3
0.0	11.4
0.0	11.5
0.0	11.600000000000001
0.0	11.700000000000001
0.0	11.8
0.0	11.9
0.0	12.0
0.0	12.100000000000001
