a = 14650.978289330165 м
b = 18383.942782121612 м
x0 = 7431.874538768594 м
vr = 1901.4163587657672 м/с
A0 = 1.682098455381399 м
Xmax = 13389.605726752863 м
sigmaX = 4846.638091025625 м
sigmaY = 4235.451713299497 м
M0 = 3.741286127158993e+20 Н*м - интегральное значение сейсмического момента
Mr_max = 7.2041227574565e+19 Н*м/с - максимальное значение функции источника
1-ый столбец - отнормированная функция источника
2-ой столбец - время
0.0	0.0
0.00031308429307180276	0.1
0.048210830148202724	0.2
0.09570364657840916	0.30000000000000004
0.14240373735721662	0.4
0.18812953980747962	0.5
0.23500501437366086	0.6000000000000001
0.2787414296429859	0.7000000000000001
0.32339897771034365	0.8
0.36699283196076044	0.9
0.41067199330591736	1.0
0.4521185875160495	1.1
0.4898424577864879	1.2000000000000002
0.5301062139780077	1.3
0.5722362505223363	1.4000000000000001
0.6084639855776153	1.5
0.6422927561673449	1.6
0.6772788414348434	1.7000000000000002
0.7108904870042433	1.8
0.7368990903698309	1.9000000000000001
0.7708401484237705	2.0
0.8020728477393961	2.1
0.8254814281353641	2.2
0.851774741044019	2.3000000000000003
0.8739035950547173	2.4000000000000004
0.8914110498810753	2.5
0.9178347619926892	2.6
0.9317401015279502	2.7
0.9450874432524508	2.8000000000000003
0.9588246228783084	2.9000000000000004
0.9746540297200256	3.0
0.9825569901135942	3.1
0.9887744407877722	3.2
0.9967213476960333	3.3000000000000003
1.0	3.4000000000000004
0.9936353686975343	3.5
0.9991157099690203	3.6
0.9886757555172241	3.7
0.9823613666968225	3.8000000000000003
0.9749048067524122	3.9000000000000004
0.9794505831329634	4.0
0.9619631892484892	4.1000000000000005
0.9425081543494811	4.2
0.9341684349853022	4.3
0.9135949022233025	4.4
0.9005741192208031	4.5
0.8884064472633164	4.6000000000000005
0.8630302559100478	4.7
0.8457219141497734	4.800000000000001
0.8369820893346462	4.9
0.8138746710074842	5.0
0.7867218402373504	5.1000000000000005
0.7641624276598592	5.2
0.7515127164806791	5.300000000000001
0.7251677472940534	5.4
0.7012884468345697	5.5
0.6720421821373204	5.6000000000000005
0.651520726369707	5.7
0.6248492088685946	5.800000000000001
0.6049129079063116	5.9
0.5783480386733311	6.0
0.5568279700782401	6.1000000000000005
0.5296071700238595	6.2
0.5105670580372216	6.300000000000001
0.484495164888512	6.4
0.46612490896310904	6.5
0.4361951597282953	6.6000000000000005
0.4149037422699641	6.7
0.3975469035830522	6.800000000000001
0.3732265460772908	6.9
0.35207735988745276	7.0
0.33400456160355985	7.1000000000000005
0.3146276385344772	7.2
0.29446253699782515	7.300000000000001
0.276997725293115	7.4
0.2594559582739201	7.5
0.24279382738516583	7.6000000000000005
0.2276810350667829	7.7
0.21396833940369941	7.800000000000001
0.19786069374275964	7.9
0.1848937313636668	8.0
0.1716664820492017	8.1
0.15958948799886602	8.200000000000001
0.14665386914463946	8.3
0.134958646850331	8.4
0.12579826271246192	8.5
0.11566544719988658	8.6
0.10737344811922736	8.700000000000001
0.0981576408021598	8.8
0.0906563207565698	8.9
0.08179158629785852	9.0
0.07493194204155244	9.1
0.06874229840356073	9.200000000000001
0.06295762326603908	9.3
0.05681565545331842	9.4
0.05218260186190612	9.5
0.047079864450208835	9.600000000000001
0.04255081786951878	9.700000000000001
0.038333429868181654	9.8
0.034864942227331	9.9
0.03138845295978258	10.0
0.02827297597965057	10.100000000000001
0.02527609091079348	10.200000000000001
0.02281556341504345	10.3
0.020441536583529173	10.4
0.018265829055616068	10.5
0.016305168300877516	10.600000000000001
0.01456091773940728	10.700000000000001
0.013008077849979323	10.8
0.01153742027348793	10.9
0.010246914570879609	11.0
0.00903667834574706	11.100000000000001
0.007997890653899196	11.200000000000001
0.007103817211924802	11.3
0.006245390745436183	11.4
0.005438018301659618	11.5
0.004670005463113061	11.600000000000001
0.0	11.700000000000001
0.0	11.8
0.0	11.9
0.0	12.0
0.0	12.100000000000001
0.0	12.200000000000001
0.0	12.3
0.0	12.4
0.0	12.5
0.0	12.600000000000001
0.0	12.700000000000001
0.0	12.8
0.0	12.9
0.0	13.0
0.0	13.100000000000001
0.0	13.200000000000001
0.0	13.3
0.0	13.4
0.0	13.5
0.0	13.600000000000001
0.0	13.700000000000001
0.0	13.8
0.0	13.9
0.0	14.0
0.0	14.100000000000001
0.0	14.200000000000001
0.0	14.3
0.0	14.4
0.0	14.5
0.0	14.600000000000001
0.0	14.700000000000001
0.0	14.8
0.0	14.9
0.0	15.0
0.0	15.100000000000001
0.0	15.200000000000001
0.0	15.3
0.0	15.4
0.0	15.5
0.0	15.600000000000001
0.0	15.700000000000001
0.0	15.8
0.0	15.9
0.0	16.0
0.0	16.1
0.0	16.2
0.0	16.3
0.0	16.400000000000002
