a = 8454.568049062036 м
b = 8103.3165619200745 м
x0 = 6089.931528482809 м
vr = 2490.8727490168053 м/с
A0 = 1.493514701928277 м
Xmax = 8428.310072437174 м
sigmaX = 4610.174781855917 м
sigmaY = 4272.889008192728 м
M0 = 2.5770922352671533e+20 Н*м - интегральное значение сейсмического момента
Mr_max = 1.0110765893834763e+20 Н*м/с - максимальное значение функции источника
1-ый столбец - отнормированная функция источника
2-ой столбец - время
0.0	0.0
0.0004852944387953893	0.1
0.09599374819784566	0.2
0.18778199084220462	0.30000000000000004
0.2811559660339984	0.4
0.3698660931366087	0.5
0.4485932301286966	0.6000000000000001
0.5383032543972774	0.7000000000000001
0.6169572618597138	0.8
0.6639114690502842	0.9
0.7398997985693077	1.0
0.7940545517122025	1.1
0.8350422094565995	1.2000000000000002
0.8893077955329445	1.3
0.9068415791179528	1.4000000000000001
0.9696331041165475	1.5
0.9632580477582172	1.6
0.9842171414357045	1.7000000000000002
0.9997002544326539	1.8
0.989114380598732	1.9000000000000001
1.0	2.0
0.9899108305381578	2.1
0.9808633687589086	2.2
0.9569172526415054	2.3000000000000003
0.9199313517477876	2.4000000000000004
0.8965771644675401	2.5
0.8068939893476634	2.6
0.7334200389493262	2.7
0.6792477593055821	2.8000000000000003
0.6364767968616609	2.9000000000000004
0.5802974499315413	3.0
0.5381325456004407	3.1
0.49393133390730853	3.2
0.45255734495003236	3.3000000000000003
0.4077825121408359	3.4000000000000004
0.37359674245061386	3.5
0.33684160947377983	3.6
0.2996314296788577	3.7
0.2640001209327214	3.8000000000000003
0.22819776912362555	3.9000000000000004
0.1961846630392613	4.0
0.16436089190959524	4.1000000000000005
0.13120538158145195	4.2
0.0961040750382317	4.3
0.05141605156041627	4.4
0.0	4.5
0.0	4.6000000000000005
0.0	4.7
0.0	4.800000000000001
0.0	4.9
0.0	5.0
0.0	5.1000000000000005
0.0	5.2
0.0	5.300000000000001
