a = 8553.113628945175 м
b = 5624.3442847800125 м
x0 = 566.6144762447271 м
vr = 1821.065029246173 м/с
A0 = 1.5927170356597082 м
Xmax = 7066.784900614395 м
sigmaX = 4322.804176273995 м
sigmaY = 4418.079514030619 м
M0 = 2.191634472310583e+20 Н*м - интегральное значение сейсмического момента
Mr_max = 4.601521468374893e+19 Н*м/с - максимальное значение функции источника
1-ый столбец - отнормированная функция источника
2-ой столбец - время
0.0	0.0
0.0003056153539708926	0.1
0.04492256409459746	0.2
0.08904383714426095	0.30000000000000004
0.13255524007182184	0.4
0.14392534101657956	0.5
0.16857264535690986	0.6000000000000001
0.19084404003351	0.7000000000000001
0.22165559671435184	0.8
0.2492213704159031	0.9
0.2781329830167921	1.0
0.30969953756678076	1.1
0.34316099223241414	1.2000000000000002
0.37374680547137284	1.3
0.40742932893123834	1.4000000000000001
0.4436291742086741	1.5
0.4759568448201553	1.6
0.5116662358412741	1.7000000000000002
0.5353424733967537	1.8
0.5761702126830524	1.9000000000000001
0.6016670520615989	2.0
0.6389070514268901	2.1
0.6735563459854224	2.2
0.7064922752891731	2.3000000000000003
0.7221292688385755	2.4000000000000004
0.7550738132533967	2.5
0.7845170840329773	2.6
0.8032175350584216	2.7
0.8409977864035213	2.8000000000000003
0.8558705606746707	2.9000000000000004
0.8798508399037438	3.0
0.9069256374521362	3.1
0.9165947052241122	3.2
0.9471240278978303	3.3000000000000003
0.9296196430278697	3.4000000000000004
0.9653782414492008	3.5
0.9560867198512359	3.6
0.9755130558129039	3.7
0.9597259812885696	3.8000000000000003
1.0	3.9000000000000004
0.9687661759644347	4.0
0.9769029672213998	4.1000000000000005
0.9628069048900878	4.2
0.9759357564781522	4.3
0.9656797990452473	4.4
0.9524960330460455	4.5
0.9398266069093055	4.6000000000000005
0.9133356342004214	4.7
0.9062810202633248	4.800000000000001
0.8970752712820469	4.9
0.8691174976641268	5.0
0.8495076550112434	5.1000000000000005
0.8178354781855619	5.2
0.8013053343438709	5.300000000000001
0.7807104836676697	5.4
0.7516697850637296	5.5
0.7280029012980338	5.6000000000000005
0.6976769113428628	5.7
0.6747929074223211	5.800000000000001
0.6370483687512102	5.9
0.6150934026917663	6.0
0.588426046185823	6.1000000000000005
0.5571733921610396	6.2
0.5284706497460852	6.300000000000001
0.5017273850926918	6.4
0.47217929618909704	6.5
0.44479227903874907	6.6000000000000005
0.42391208612359327	6.7
0.39530869000338076	6.800000000000001
0.3697686974080183	6.9
0.3411481522037351	7.0
0.31952599522909797	7.1000000000000005
0.29552700569582513	7.2
0.27592336755938773	7.300000000000001
0.2554913829198633	7.4
0.23263013373463381	7.5
0.2113770950378638	7.6000000000000005
0.19237289816224243	7.7
0.17511283732830774	7.800000000000001
0.15931844789336702	7.9
0.14141845615066106	8.0
0.12789884581966923	8.1
0.11255012228565955	8.200000000000001
0.1000849988188787	8.3
0.0878745291499975	8.4
0.07646348776166358	8.5
0.06519585354233248	8.6
0.0550319898012561	8.700000000000001
0.045367449724701935	8.8
0.036099533563809454	8.9
0.02666641809386423	9.0
0.016541470309404994	9.1
0.0	9.200000000000001
0.0	9.3
0.0	9.4
0.0	9.5
0.0	9.600000000000001
0.0	9.700000000000001
0.0	9.8
0.0	9.9
0.0	10.0
