a = 9370.316819950676 м
b = 7809.49557433365 м
x0 = 3990.0628760024965 м
vr = 1874.1399955717475 м/с
A0 = 0.9839636414222412 м
Xmax = 10968.64412205196 м
sigmaX = 4331.558841033171 м
sigmaY = 4803.971376705332 м
M0 = 1.7151347692391167e+20 Н*м - интегральное значение сейсмического момента
Mr_max = 3.6995372268422005e+19 Н*м/с - максимальное значение функции источника
1-ый столбец - отнормированная функция источника
2-ой столбец - время
0.0	0.0
0.0002045899552185189	0.1
0.030684525587301358	0.2
0.06028291709992495	0.30000000000000004
0.09091921701617559	0.4
0.12093233389217577	0.5
0.15080852296262068	0.6000000000000001
0.18259739281850454	0.7000000000000001
0.21086660163085033	0.8
0.24255540365998357	0.9
0.2744478558840952	1.0
0.3028773445871128	1.1
0.3357618803154126	1.2000000000000002
0.3697844486902085	1.3
0.3992031599241949	1.4000000000000001
0.4356258929158578	1.5
0.45672892559286554	1.6
0.4947499443762565	1.7000000000000002
0.5275566342630698	1.8
0.5691872905388656	1.9000000000000001
0.5989483800139332	2.0
0.6204008226920464	2.1
0.6604737377098884	2.2
0.68122632222055	2.3000000000000003
0.7126665430673128	2.4000000000000004
0.7351867788300087	2.5
0.7523266159604463	2.6
0.775659507869176	2.7
0.809078035774771	2.8000000000000003
0.8320331758527502	2.9000000000000004
0.8580485045140794	3.0
0.8638070223778773	3.1
0.8992076649969823	3.2
0.9071009295827902	3.3000000000000003
0.940448988254869	3.4000000000000004
0.9571220684930406	3.5
0.9684121726807791	3.6
0.9711518701238314	3.7
0.9828728445118249	3.8000000000000003
0.9899151816366857	3.9000000000000004
0.9953119219280536	4.0
0.9914574898176076	4.1000000000000005
1.0	4.2
0.9944831904999686	4.3
0.9933600846294456	4.4
0.9866910902938947	4.5
0.9616240576095496	4.6000000000000005
0.9585226001143504	4.7
0.9394958989727684	4.800000000000001
0.933276717573064	4.9
0.8983749831776844	5.0
0.8933388212595145	5.1000000000000005
0.8707609743020421	5.2
0.8461640587745799	5.300000000000001
0.8171508036417844	5.4
0.797770038200386	5.5
0.7654827644387783	5.6000000000000005
0.7317158788313555	5.7
0.7023952218704921	5.800000000000001
0.666812471314133	5.9
0.6426418511409226	6.0
0.6043548085092482	6.1000000000000005
0.570931438794988	6.2
0.5494037662932592	6.300000000000001
0.5118089394086776	6.4
0.47696095956260937	6.5
0.4434500175166461	6.6000000000000005
0.41399367193748066	6.7
0.3820144794719099	6.800000000000001
0.34991373723872815	6.9
0.3194419333906701	7.0
0.29154666142703717	7.1000000000000005
0.2618233844121284	7.2
0.23163476952765127	7.300000000000001
0.20388286955494386	7.4
0.17582399245000147	7.5
0.1488941795123978	7.6000000000000005
0.12014602382709146	7.7
0.09054864296823241	7.800000000000001
0.05552504183844626	7.9
0.0	8.0
0.0	8.1
0.0	8.200000000000001
0.0	8.3
0.0	8.4
0.0	8.5
0.0	8.6
0.0	8.700000000000001
0.0	8.8
