a = 10094.4494336737 м
b = 11193.210024982316 м
x0 = 582.5973308846065 м
vr = 2335.910980302349 м/с
A0 = 1.9760356699973955 м
Xmax = 8157.622371493841 м
sigmaX = 4610.386595730976 м
sigmaY = 4590.753533496561 м
M0 = 4.031337912788957e+20 Н*м - интегральное значение сейсмического момента
Mr_max = 9.34784127977134e+19 Н*м/с - максимальное значение функции источника
1-ый столбец - отнормированная функция источника
2-ой столбец - время
0.0	0.0
0.00019222070275787262	0.1
0.0359876650712202	0.2
0.07186771140634224	0.30000000000000004
0.09177756649874101	0.4
0.11182938838934545	0.5
0.13517987137333526	0.6000000000000001
0.1622947750688851	0.7000000000000001
0.1880803670057077	0.8
0.21810618834057366	0.9
0.24841234765388723	1.0
0.28451616041869715	1.1
0.31502111213619405	1.2000000000000002
0.34884300140741337	1.3
0.37988884408803814	1.4000000000000001
0.4244709020491008	1.5
0.4630811026008348	1.6
0.4966799717326588	1.7000000000000002
0.5379151256100885	1.8
0.577222170152063	1.9000000000000001
0.6103367595749167	2.0
0.6466724621424556	2.1
0.6786034731270814	2.2
0.7198692489264187	2.3000000000000003
0.7498951262270018	2.4000000000000004
0.7824156851501394	2.5
0.8150672974822843	2.6
0.8497989239722803	2.7
0.8799001256347441	2.8000000000000003
0.8896431708624629	2.9000000000000004
0.9279815863382385	3.0
0.9489467683034887	3.1
0.9645694046267054	3.2
0.9735513850294985	3.3000000000000003
0.9853989937575268	3.4000000000000004
0.9963435191062523	3.5
0.9861825246433222	3.6
0.9998683114906526	3.7
0.9959773114894279	3.8000000000000003
1.0	3.9000000000000004
0.976352830899456	4.0
0.9756297856986171	4.1000000000000005
0.9694604343768053	4.2
0.9561238912230094	4.3
0.9290796752831855	4.4
0.9198762300757581	4.5
0.8916172518472938	4.6000000000000005
0.8760821275199363	4.7
0.8482004498556583	4.800000000000001
0.8162511458121052	4.9
0.7880439548075252	5.0
0.754956603767844	5.1000000000000005
0.7274391274585511	5.2
0.6912635896220758	5.300000000000001
0.6669907548017263	5.4
0.6332500706998623	5.5
0.5979782793574518	5.6000000000000005
0.5697767238871843	5.7
0.5345586381699305	5.800000000000001
0.504464738667692	5.9
0.4730726076961166	6.0
0.44223030434034016	6.1000000000000005
0.4154960459566782	6.2
0.3818756177690879	6.300000000000001
0.35681371835875775	6.4
0.32690376121136655	6.5
0.2992656947936317	6.6000000000000005
0.27746272967340346	6.7
0.2541702359997003	6.800000000000001
0.23129258045829135	6.9
0.20884677930012727	7.0
0.1918357663678172	7.1000000000000005
0.1715742739362629	7.2
0.1543253002287773	7.300000000000001
0.13779444985732558	7.4
0.12282227355735095	7.5
0.10828308347549441	7.6000000000000005
0.09485491075208331	7.7
0.08314274055265375	7.800000000000001
0.07119214780855211	7.9
0.06072637965535105	8.0
0.05048570035326009	8.1
0.04063186224486451	8.200000000000001
0.03080764489386801	8.3
0.020178888207395645	8.4
0.0	8.5
0.0	8.6
0.0	8.700000000000001
0.0	8.8
0.0	8.9
0.0	9.0
0.0	9.1
0.0	9.200000000000001
0.0	9.3
0.0	9.4
0.0	9.5
0.0	9.600000000000001
0.0	9.700000000000001
0.0	9.8
0.0	9.9
0.0	10.0
0.0	10.100000000000001
0.0	10.200000000000001
0.0	10.3
