a = 11257.128601566585 м
b = 12817.017804781726 м
x0 = 3147.149504819893 м
vr = 2278.453245652475 м/с
A0 = 1.9287480258396794 м
Xmax = 12417.486427286456 м
sigmaX = 4757.00824735899 м
sigmaY = 4782.713115972135 м
M0 = 4.331983680284865e+20 Н*м - интегральное значение сейсмического момента
Mr_max = 9.225102920771119e+19 Н*м/с - максимальное значение функции источника
1-ый столбец - отнормированная функция источника
2-ой столбец - время
0.0	0.0
0.00010712177442566234	0.1
0.01950952858699368	0.2
0.03938511537080817	0.30000000000000004
0.05869113752368034	0.4
0.07813174417717911	0.5
0.09916245150269311	0.6000000000000001
0.11966463779694884	0.7000000000000001
0.14032011881062983	0.8
0.15976594936834188	0.9
0.18623103650990247	1.0
0.20927185712340432	1.1
0.2323897566408502	1.2000000000000002
0.259241469095033	1.3
0.28221052584890927	1.4000000000000001
0.3074529765900577	1.5
0.328937983305613	1.6
0.35501833651128417	1.7000000000000002
0.3795532921775613	1.8
0.40702138050200076	1.9000000000000001
0.43875652656683156	2.0
0.4705443946909276	2.1
0.5014979570314456	2.2
0.5284800349215938	2.3000000000000003
0.5609209652617098	2.4000000000000004
0.5923722600850795	2.5
0.6232375604671101	2.6
0.6536058568046196	2.7
0.6798222771981154	2.8000000000000003
0.7132535853928212	2.9000000000000004
0.7497537957414946	3.0
0.7753905828923353	3.1
0.8012367130964134	3.2
0.8266764188853294	3.3000000000000003
0.8537279438878811	3.4000000000000004
0.879736334753511	3.5
0.8959103890489225	3.6
0.9192139347499215	3.7
0.9312483675405403	3.8000000000000003
0.9461999814255313	3.9000000000000004
0.9606083443945873	4.0
0.9747223544685596	4.1000000000000005
0.9889382041854237	4.2
0.9903989137288318	4.3
0.9981725359495649	4.4
1.0	4.5
0.9945437478643603	4.6000000000000005
0.9812376372040079	4.7
0.978044719364199	4.800000000000001
0.9670312931333219	4.9
0.9601036628695255	5.0
0.9526581609141856	5.1000000000000005
0.9372000706571296	5.2
0.923693679815632	5.300000000000001
0.8906208003645097	5.4
0.8817091699012821	5.5
0.8453998920454864	5.6000000000000005
0.8249622938879804	5.7
0.8018998126822657	5.800000000000001
0.7705894214848249	5.9
0.7463342033460689	6.0
0.7169941089482456	6.1000000000000005
0.6977564212161774	6.2
0.6552788528218009	6.300000000000001
0.6292602207517426	6.4
0.6006864870431805	6.5
0.5675227555926362	6.6000000000000005
0.5398397786287878	6.7
0.506289553600862	6.800000000000001
0.4841000283636034	6.9
0.45118552898194203	7.0
0.4232485341269821	7.1000000000000005
0.39732765454847496	7.2
0.3680902247861901	7.300000000000001
0.3422060256872192	7.4
0.317932352861578	7.5
0.29286206232424716	7.6000000000000005
0.2689038311991498	7.7
0.24383692485794461	7.800000000000001
0.22193521524221418	7.9
0.1993839557598737	8.0
0.1774106077560344	8.1
0.1568285329293843	8.200000000000001
0.1334732729248589	8.3
0.10817814324918432	8.4
0.07719943250521297	8.5
0.008397056742811758	8.6
0.0	8.700000000000001
0.0	8.8
0.0	8.9
0.0	9.0
0.0	9.1
0.0	9.200000000000001
0.0	9.3
0.0	9.4
0.0	9.5
0.0	9.600000000000001
0.0	9.700000000000001
0.0	9.8
0.0	9.9
0.0	10.0
0.0	10.100000000000001
0.0	10.200000000000001
0.0	10.3
0.0	10.4
0.0	10.5
0.0	10.600000000000001
0.0	10.700000000000001
0.0	10.8
