a = 17227.10086022033 м
b = 14242.259185625328 м
x0 = 10052.627647414667 м
vr = 2171.276223153132 м/с
A0 = 1.123973101935954 м
Xmax = 18114.988785520716 м
sigmaX = 4186.55651345243 м
sigmaY = 4398.722741376773 м
M0 = 2.2281044402308173e+20 Н*м - интегральное значение сейсмического момента
Mr_max = 4.92682105662928e+19 Н*м/с - максимальное значение функции источника
1-ый столбец - отнормированная функция источника
2-ой столбец - время
0.0	0.0
0.00011645442078142996	0.1
0.020299428448237275	0.2
0.04074724581641083	0.30000000000000004
0.06110317770023163	0.4
0.0820712512457237	0.5
0.1031871623865947	0.6000000000000001
0.1246077396789829	0.7000000000000001
0.14752948466205454	0.8
0.17061656683584073	0.9
0.19521347384679635	1.0
0.21986923512863607	1.1
0.24567629023827037	1.2000000000000002
0.2728200319010529	1.3
0.3012107537463449	1.4000000000000001
0.33130480759977443	1.5
0.36113084708795185	1.6
0.3915274133223237	1.7000000000000002
0.4212300698013182	1.8
0.4567758544601129	1.9000000000000001
0.4904801377666244	2.0
0.5192010961415394	2.1
0.5538409899122682	2.2
0.5902326509261162	2.3000000000000003
0.6199639472093991	2.4000000000000004
0.6596203844391548	2.5
0.6980162016902267	2.6
0.7238397004157233	2.7
0.7546406247353361	2.8000000000000003
0.7815141413442905	2.9000000000000004
0.8119090761632091	3.0
0.8434518920969577	3.1
0.8681481156888918	3.2
0.8958092787350608	3.3000000000000003
0.9174437723874597	3.4000000000000004
0.9415781871121751	3.5
0.9630270576732132	3.6
0.968054073262362	3.7
0.9891856563166118	3.8000000000000003
0.9872905168798534	3.9000000000000004
0.9950297339409164	4.0
0.9925238834620675	4.1000000000000005
0.9938612419532578	4.2
1.0	4.3
0.996079008186971	4.4
0.997282740757502	4.5
0.9743622345867056	4.6000000000000005
0.9659277835483235	4.7
0.9502303351263972	4.800000000000001
0.9209779637936026	4.9
0.9106177950803558	5.0
0.8815270392418554	5.1000000000000005
0.8609803486249055	5.2
0.8391229168441208	5.300000000000001
0.8104376901093978	5.4
0.7842277547040089	5.5
0.7544003183164745	5.6000000000000005
0.7164482984218006	5.7
0.681868707073723	5.800000000000001
0.6566422752958785	5.9
0.6172046440138798	6.0
0.5852525317707412	6.1000000000000005
0.5558488856744848	6.2
0.5215424025775164	6.300000000000001
0.4951520049616342	6.4
0.4582207744073596	6.5
0.43413045373766984	6.6000000000000005
0.4024851762789423	6.7
0.3734853947877766	6.800000000000001
0.34737588476715914	6.9
0.3194681439521168	7.0
0.29482612363035415	7.1000000000000005
0.27148896149207974	7.2
0.24850472563828246	7.300000000000001
0.2284719982256437	7.4
0.207061220943212	7.5
0.1886656340155723	7.6000000000000005
0.17057222778108294	7.7
0.1531582130780134	7.800000000000001
0.13859895384486073	7.9
0.12406470700577096	8.0
0.11213821816164299	8.1
0.09872153949576006	8.200000000000001
0.08787946252480873	8.3
0.07772653141376103	8.4
0.06923568505391309	8.5
0.060811758106574715	8.6
0.05366448999208433	8.700000000000001
0.046631286952793546	8.8
0.0408783575041109	8.9
0.0357646401681192	9.0
0.030693840138924115	9.1
0.026536514952033994	9.200000000000001
0.023015930407172105	9.3
0.01962640458060076	9.4
0.016813183576333376	9.5
0.014287958136808233	9.600000000000001
0.012170154544058827	9.700000000000001
0.01020742232747437	9.8
0.008585889355956068	9.9
0.007187215230135263	10.0
0.005980098197151258	10.100000000000001
0.004969496422446508	10.200000000000001
0.004062402651144797	10.3
0.003316529313323207	10.4
0.0026728052000529337	10.5
0.002148453042453667	10.600000000000001
0.0017032152600838528	10.700000000000001
0.0013300487538645156	10.8
0.0010126393554487482	10.9
0.0007554420172696214	11.0
0.0005372916168052343	11.100000000000001
0.0003457099592041685	11.200000000000001
0.00015484527386097342	11.3
0.0	11.4
0.0	11.5
0.0	11.600000000000001
0.0	11.700000000000001
0.0	11.8
0.0	11.9
0.0	12.0
0.0	12.100000000000001
0.0	12.200000000000001
