a = 14693.774482258736 м
b = 14449.954658419478 м
x0 = 9138.698539451245 м
vr = 1899.531036581525 м/с
A0 = 1.8602909475598908 м
Xmax = 16750.351022980387 м
sigmaX = 4679.613318625355 м
sigmaY = 4290.897057389818 м
M0 = 3.936255886728177e+20 Н*м - интегральное значение сейсмического момента
Mr_max = 7.2206186918230245e+19 Н*м/с - максимальное значение функции источника
1-ый столбец - отнормированная функция источника
2-ой столбец - время
0.0	0.0
0.0001956309579234484	0.1
0.029761187397774922	0.2
0.059553875111213204	0.30000000000000004
0.08875481107467258	0.4
0.11863896215406369	0.5
0.14753280691547058	0.6000000000000001
0.17612905072815963	0.7000000000000001
0.206094556499622	0.8
0.23674433249264054	0.9
0.26433796609807303	1.0
0.29356925700610703	1.1
0.32436578521793547	1.2000000000000002
0.3535945149743046	1.3
0.38489364475985643	1.4000000000000001
0.4154730762957465	1.5
0.44428750016375657	1.6
0.4701799959850358	1.7000000000000002
0.5024837323699052	1.8
0.5310569307855867	1.9000000000000001
0.5642157892879901	2.0
0.588645196011818	2.1
0.6168287146622581	2.2
0.6463886412740901	2.3000000000000003
0.6756743771923739	2.4000000000000004
0.7007000075382563	2.5
0.7288902198360417	2.6
0.7544882997872113	2.7
0.7780584662240545	2.8000000000000003
0.7916496036467197	2.9000000000000004
0.8257983602858036	3.0
0.84505742964661	3.1
0.8660366435569619	3.2
0.8783085202340717	3.3000000000000003
0.9043835071037004	3.4000000000000004
0.9189367256026049	3.5
0.9291604744840074	3.6
0.9459347175738189	3.7
0.9668440499958997	3.8000000000000003
0.9701021145939099	3.9000000000000004
0.9759698587584864	4.0
0.9818628878306934	4.1000000000000005
0.9848943201232501	4.2
0.9884242444644941	4.3
0.9844216228406015	4.4
1.0	4.5
0.981375898512773	4.6000000000000005
0.9769131629861202	4.7
0.9707974687591515	4.800000000000001
0.9670895153332826	4.9
0.9537017759752545	5.0
0.9323018234518206	5.1000000000000005
0.937658199185735	5.2
0.9141729865048603	5.300000000000001
0.9038183910182656	5.4
0.8872720987178856	5.5
0.8712603313457193	5.6000000000000005
0.8531974722447581	5.7
0.8234391155610566	5.800000000000001
0.807371552425922	5.9
0.7917908778248677	6.0
0.7630985266026881	6.1000000000000005
0.7398576612028908	6.2
0.714667359554662	6.300000000000001
0.6909194245533599	6.4
0.6603099651013	6.5
0.6363119620931309	6.6000000000000005
0.6130453256542896	6.7
0.5947774471037679	6.800000000000001
0.5673189020586714	6.9
0.542618895566345	7.0
0.5242986120366868	7.1000000000000005
0.4910507555992906	7.2
0.46976348829560644	7.300000000000001
0.4474343950919376	7.4
0.42203342064696336	7.5
0.3990239235635497	7.6000000000000005
0.3767787194470402	7.7
0.3581369044413283	7.800000000000001
0.3368688121763948	7.9
0.3126137052812297	8.0
0.29408369399727285	8.1
0.2767100050252422	8.200000000000001
0.26147768017195194	8.3
0.2423836416954382	8.4
0.22848873274278517	8.5
0.21047130719913215	8.6
0.19378470268853515	8.700000000000001
0.1809315121610281	8.8
0.1659922651975168	8.9
0.1530504786065188	9.0
0.14157740686542988	9.1
0.1309206006982396	9.200000000000001
0.1197606211529828	9.3
0.10915987659287603	9.4
0.09978014343967825	9.5
0.0914461523186265	9.600000000000001
0.08229868662488805	9.700000000000001
0.07446142876463652	9.8
0.06709209004866382	9.9
0.059929451649651064	10.0
0.05319246143104398	10.100000000000001
0.04687584856129269	10.200000000000001
0.040515826244267555	10.3
0.03455322978282469	10.4
0.02827825923683612	10.5
0.021562571373059822	10.600000000000001
0.012918245230226432	10.700000000000001
0.0	10.8
0.0	10.9
0.0	11.0
0.0	11.100000000000001
0.0	11.200000000000001
0.0	11.3
0.0	11.4
0.0	11.5
0.0	11.600000000000001
