a = 7916.773003395698 м
b = 9089.852282580929 м
x0 = 6294.159928328803 м
vr = 1764.6113400870645 м/с
A0 = 0.5455407910182668 м
Xmax = 6549.131187801103 м
sigmaX = 4659.066630554603 м
sigmaY = 4300.091796234909 м
M0 = 9.35945758397842e+19 Н*м - интегральное значение сейсмического момента
Mr_max = 2.78838250278484e+19 Н*м/с - максимальное значение функции источника
1-ый столбец - отнормированная функция источника
2-ой столбец - время
0.0	0.0
0.0005170935799875122	0.1
0.07388845980575014	0.2
0.14433920162026356	0.30000000000000004
0.21515227620789865	0.4
0.28393139402610945	0.5
0.3534541703090931	0.6000000000000001
0.4112527225741775	0.7000000000000001
0.4742767756137643	0.8
0.5356743556635426	0.9
0.5917421708003191	1.0
0.6427796187593253	1.1
0.6969259597151776	1.2000000000000002
0.7410375830739048	1.3
0.7820350178086624	1.4000000000000001
0.8189914227181155	1.5
0.8493008640135778	1.6
0.890929491028962	1.7000000000000002
0.9184188902760101	1.8
0.9356152678605757	1.9000000000000001
0.9494850510982266	2.0
0.9675857139708377	2.1
0.9794763325682291	2.2
0.9857848669140273	2.3000000000000003
0.993576897068188	2.4000000000000004
0.9949342494049124	2.5
1.0	2.6
0.9885900389822239	2.7
0.9875369752642118	2.8000000000000003
0.9675937920727385	2.9000000000000004
0.9481250835652608	3.0
0.9311178397939858	3.1
0.9135860921340684	3.2
0.8970921609568396	3.3000000000000003
0.8798580152274675	3.4000000000000004
0.8476665297681637	3.5
0.8296934542207155	3.6
0.7440790912612055	3.7
0.6677449651590129	3.8000000000000003
0.6139027362161904	3.9000000000000004
0.5595940180833652	4.0
0.5155924066360744	4.1000000000000005
0.4798624150368023	4.2
0.4419953392461926	4.3
0.40738143039560665	4.4
0.37597158264925745	4.5
0.3454376732142733	4.6000000000000005
0.3174609039443173	4.7
0.29258747428014925	4.800000000000001
0.2660049796312671	4.9
0.24070259284834106	5.0
0.21897610881036175	5.1000000000000005
0.19749842654806293	5.2
0.1753410070152819	5.300000000000001
0.15362583245753697	5.4
0.1301779099512586	5.5
0.0	5.6000000000000005
0.0	5.7
0.0	5.800000000000001
0.0	5.9
0.0	6.0
0.0	6.1000000000000005
0.0	6.2
0.0	6.300000000000001
0.0	6.4
0.0	6.5
0.0	6.6000000000000005
0.0	6.7
0.0	6.800000000000001
0.0	6.9
0.0	7.0
0.0	7.1000000000000005
0.0	7.2
0.0	7.300000000000001
0.0	7.4
0.0	7.5
0.0	7.6000000000000005
0.0	7.7
