a = 10460.95057769832 м
b = 8145.318110629345 м
x0 = 3315.1518628720773 м
vr = 1920.1616887294374 м/с
A0 = 0.7312867505529647 м
Xmax = 9671.483639263828 м
sigmaX = 4643.989848726692 м
sigmaY = 4862.606306529988 м
M0 = 1.4716785362278279e+20 Н*м - интегральное значение сейсмического момента
Mr_max = 2.954428280778672e+19 Н*м/с - максимальное значение функции источника
1-ый столбец - отнормированная функция источника
2-ой столбец - время
0.0	0.0
0.0002798078682364492	0.1
0.043064233632214934	0.2
0.08586212403926752	0.30000000000000004
0.1291999062691364	0.4
0.1695248566970031	0.5
0.21281644236029731	0.6000000000000001
0.2550341686383305	0.7000000000000001
0.29369532249712255	0.8
0.3379772248969973	0.9
0.37442144131636984	1.0
0.4152947907381112	1.1
0.4586025410447888	1.2000000000000002
0.4980360464378076	1.3
0.5325556021345028	1.4000000000000001
0.5733777735586714	1.5
0.6049694649287751	1.6
0.6403357728361914	1.7000000000000002
0.6833059501601095	1.8
0.6960750026922983	1.9000000000000001
0.7160464690103499	2.0
0.7366218603767383	2.1
0.7613176540811557	2.2
0.7856317254815599	2.3000000000000003
0.797411597103636	2.4000000000000004
0.8253663937589858	2.5
0.8589171508341117	2.6
0.8671902269498872	2.7
0.8898163506755496	2.8000000000000003
0.9119822468035221	2.9000000000000004
0.9304948347871921	3.0
0.9424432499941836	3.1
0.9600439546772985	3.2
0.9615452525389518	3.3000000000000003
0.9836855435536217	3.4000000000000004
0.9912141733082149	3.5
1.0	3.6
0.9896421973199699	3.7
0.9927685856409043	3.8000000000000003
0.9932871926587105	3.9000000000000004
0.9825249757659206	4.0
0.9910948159217488	4.1000000000000005
0.9792558502296936	4.2
0.9776919988110925	4.3
0.965765769739077	4.4
0.9462326687247598	4.5
0.9299448398352926	4.6000000000000005
0.9136052662542842	4.7
0.9040225068811267	4.800000000000001
0.8702027117896395	4.9
0.8532579567659109	5.0
0.8371603189917706	5.1000000000000005
0.8200143123412194	5.2
0.7796334429238363	5.300000000000001
0.7627142922668917	5.4
0.7363794711480754	5.5
0.7022117877530613	5.6000000000000005
0.6781290315624019	5.7
0.6529849396147035	5.800000000000001
0.6295188938719614	5.9
0.5995506513472423	6.0
0.5715726054068548	6.1000000000000005
0.5348420481497591	6.2
0.5129591832097128	6.300000000000001
0.4878504403155872	6.4
0.4549148997695811	6.5
0.4311897429238807	6.6000000000000005
0.4026342805217824	6.7
0.3754096267498505	6.800000000000001
0.35112094746005035	6.9
0.3341910985222938	7.0
0.3045054678642531	7.1000000000000005
0.2855989348309033	7.2
0.26466702891898747	7.300000000000001
0.24190332188523478	7.4
0.22193648077953562	7.5
0.20429589003692164	7.6000000000000005
0.18636796227821553	7.7
0.16902729687994628	7.800000000000001
0.15320347682033775	7.9
0.13878601725411713	8.0
0.1248324714722574	8.1
0.11196574299226497	8.200000000000001
0.09880490696715874	8.3
0.08762618654227745	8.4
0.07671465105509366	8.5
0.06551899666843007	8.6
0.05629004161175032	8.700000000000001
0.04739007213760868	8.8
0.03868967062679644	8.9
0.030517571952345487	9.0
0.0223276597230754	9.1
0.01322730202412096	9.200000000000001
0.0	9.3
0.0	9.4
0.0	9.5
0.0	9.600000000000001
0.0	9.700000000000001
0.0	9.8
0.0	9.9
0.0	10.0
0.0	10.100000000000001
