a = 13931.668175391016 м
b = 15258.100672265353 м
x0 = 11415.948984056922 м
vr = 1805.3017276592718 м/с
A0 = 0.8268896277355933 м
Xmax = 15088.615181200032 м
sigmaX = 4927.487096320188 м
sigmaY = 4179.041847233401 м
M0 = 1.821953642296604e+20 Н*м - интегральное значение сейсмического момента
Mr_max = 3.945007196300903e+19 Н*м/с - максимальное значение функции источника
1-ый столбец - отнормированная функция источника
2-ой столбец - время
0.0	0.0
0.0004302033068341547	0.1
0.06277548691137619	0.2
0.1244479227248525	0.30000000000000004
0.1826313559898508	0.4
0.2437210206586718	0.5
0.3003416064977667	0.6000000000000001
0.360982436114645	0.7000000000000001
0.41484886924573766	0.8
0.4671450544987425	0.9
0.5182908082563419	1.0
0.5717432400663571	1.1
0.6160383492939968	1.2000000000000002
0.6598394292338349	1.3
0.700954510595147	1.4000000000000001
0.7322995027001254	1.5
0.7742677776951107	1.6
0.804606067654395	1.7000000000000002
0.8494969234092319	1.8
0.8700787631216909	1.9000000000000001
0.8958876626004496	2.0
0.9106940553174633	2.1
0.9375581120724077	2.2
0.9562638594736346	2.3000000000000003
0.9698593256962854	2.4000000000000004
0.9798992889284631	2.5
0.989314694458391	2.6
0.9923244689991245	2.7
1.0	2.8000000000000003
0.9927486409265094	2.9000000000000004
0.9912385708542854	3.0
0.9862635889548906	3.1
0.9766383483696932	3.2
0.9646821543249162	3.3000000000000003
0.9606713832254832	3.4000000000000004
0.9468105125290924	3.5
0.9352674189670175	3.6
0.9113619152899031	3.7
0.9004883657948228	3.8000000000000003
0.8777051085421737	3.9000000000000004
0.8626237095506629	4.0
0.8425589332420125	4.1000000000000005
0.8219209954968197	4.2
0.7968696182852206	4.3
0.7715641232134234	4.4
0.74858189575101	4.5
0.7179803383936767	4.6000000000000005
0.6942031030081682	4.7
0.6651977635274803	4.800000000000001
0.6433596881798325	4.9
0.6156135723515965	5.0
0.5905733864596332	5.1000000000000005
0.5713265078719278	5.2
0.5478925714509412	5.300000000000001
0.5224286992547188	5.4
0.49373791369501796	5.5
0.47577388860197445	5.6000000000000005
0.45179689521231503	5.7
0.42803228217841927	5.800000000000001
0.4035105439852695	5.9
0.38375418634667335	6.0
0.3630895964554622	6.1000000000000005
0.34033650050152114	6.2
0.3224125438785741	6.300000000000001
0.30529439650575835	6.4
0.28249448843712205	6.5
0.26217059869052384	6.6000000000000005
0.24556397324996437	6.7
0.23108401622466668	6.800000000000001
0.21659127085514593	6.9
0.19957714771512108	7.0
0.18710158444516	7.1000000000000005
0.17420596298473423	7.2
0.16236107954901405	7.300000000000001
0.15157504252373946	7.4
0.13930003977816588	7.5
0.1291097413638401	7.6000000000000005
0.1195431668669956	7.7
0.11058568896741743	7.800000000000001
0.10201449269635494	7.9
0.09426005240584485	8.0
0.08673169513457923	8.1
0.07984819002164693	8.200000000000001
0.07268842529362578	8.3
0.06715234108148815	8.4
0.061210349190168246	8.5
0.05608612859862857	8.6
0.051176835906305	8.700000000000001
0.04653024426407053	8.8
0.04248425465520975	8.9
0.038309166258205976	9.0
0.03438415026690818	9.1
0.028594429121261523	9.200000000000001
0.0	9.3
0.0	9.4
0.0	9.5
0.0	9.600000000000001
0.0	9.700000000000001
0.0	9.8
0.0	9.9
0.0	10.0
0.0	10.100000000000001
0.0	10.200000000000001
0.0	10.3
0.0	10.4
0.0	10.5
0.0	10.600000000000001
0.0	10.700000000000001
0.0	10.8
0.0	10.9
0.0	11.0
0.0	11.100000000000001
0.0	11.200000000000001
0.0	11.3
0.0	11.4
0.0	11.5
