a = 17614.09350676932 м
b = 11648.664010315704 м
x0 = 13399.689387455255 м
vr = 1898.4693892719451 м/с
A0 = 1.5185657712201108 м
Xmax = 19452.34782103535 м
sigmaX = 4762.930498801301 м
sigmaY = 4234.495216464728 м
M0 = 3.298421215718532e+20 Н*м - интегральное значение сейсмического момента
Mr_max = 6.377338265026067e+19 Н*м/с - максимальное значение функции источника
1-ый столбец - отнормированная функция источника
2-ой столбец - время
0.0	0.0
0.00030245123924841385	0.1
0.04598904783529647	0.2
0.0916153837666239	0.30000000000000004
0.1351864283386618	0.4
0.18229312007054632	0.5
0.22576353325887397	0.6000000000000001
0.2688810247796546	0.7000000000000001
0.3111405317974749	0.8
0.3546513974198468	0.9
0.39337710608960846	1.0
0.4394237632910031	1.1
0.47783067459665635	1.2000000000000002
0.5162305948763601	1.3
0.5559353050743917	1.4000000000000001
0.596920642390332	1.5
0.6282205486306018	1.6
0.6610016756337114	1.7000000000000002
0.6930400282771146	1.8
0.7289686792278711	1.9000000000000001
0.7511963125999144	2.0
0.783630782280446	2.1
0.8229933952922394	2.2
0.8382882236209467	2.3000000000000003
0.865670459407241	2.4000000000000004
0.8827349368156021	2.5
0.9111961956723218	2.6
0.9130074795811564	2.7
0.9396729938406772	2.8000000000000003
0.9483096651720083	2.9000000000000004
0.957163310773399	3.0
0.9693819139226353	3.1
0.9835217325223368	3.2
0.9891398154188815	3.3000000000000003
0.9979973081050063	3.4000000000000004
1.0	3.5
0.9973491827705121	3.6
0.9943946609653398	3.7
0.9936213306639944	3.8000000000000003
0.9932298119616357	3.9000000000000004
0.97459604671726	4.0
0.9749313918915399	4.1000000000000005
0.9666682969601266	4.2
0.9572991066014771	4.3
0.9419848000052545	4.4
0.9273215135505704	4.5
0.9094939555205567	4.6000000000000005
0.8857121568038628	4.7
0.87337850510024	4.800000000000001
0.8506049981809822	4.9
0.8266299640339277	5.0
0.8135155711765233	5.1000000000000005
0.7928542174838867	5.2
0.76695220380853	5.300000000000001
0.7485755295979476	5.4
0.723169080670757	5.5
0.6965256242638929	5.6000000000000005
0.6748833733113929	5.7
0.6431020043603549	5.800000000000001
0.6212756527668846	5.9
0.588759760409256	6.0
0.5631757713592025	6.1000000000000005
0.5347087956591147	6.2
0.5109538339199672	6.300000000000001
0.49084609234447285	6.4
0.46209270454473994	6.5
0.43895220654502304	6.6000000000000005
0.4192443742656934	6.7
0.396213831849526	6.800000000000001
0.3713929475754958	6.9
0.3516960010698599	7.0
0.3287848085369299	7.1000000000000005
0.3099263040179276	7.2
0.29069896633987313	7.300000000000001
0.2732892773625384	7.4
0.254350222435064	7.5
0.23572000982399907	7.6000000000000005
0.2187877239251725	7.7
0.20472094763954077	7.800000000000001
0.18896140046448778	7.9
0.17562014086890093	8.0
0.16145147749587496	8.1
0.14985698190215765	8.200000000000001
0.13829047496319047	8.3
0.12670280838123654	8.4
0.11680284445543403	8.5
0.10540898210118188	8.6
0.09640592535655439	8.700000000000001
0.08806761782987044	8.8
0.07962621834116293	8.9
0.07289867614372171	9.0
0.06606281656836716	9.1
0.05957474727657796	9.200000000000001
0.05390432911109651	9.3
0.048658724418573024	9.4
0.043337610325702186	9.5
0.039225707701405405	9.600000000000001
0.03505068219402435	9.700000000000001
0.031247676355830502	9.8
0.027439545620683674	9.9
0.024526089056077314	10.0
0.021521004757730493	10.100000000000001
0.01883392039801681	10.200000000000001
0.01655326781721901	10.3
0.014425715966321624	10.4
0.012538031886176233	10.5
0.010859901952412487	10.600000000000001
0.009272902774331319	10.700000000000001
0.007956682236826508	10.8
0.006676886531331601	10.9
0.005569648918188877	11.0
0.004583507424049242	11.100000000000001
0.0036849332254071895	11.200000000000001
0.0028755680134429917	11.3
0.002104133248098761	11.4
0.0013324738083212995	11.5
0.0	11.600000000000001
0.0	11.700000000000001
0.0	11.8
0.0	11.9
0.0	12.0
0.0	12.100000000000001
0.0	12.200000000000001
0.0	12.3
0.0	12.4
