a = 13342.989114446853 м
b = 16368.426920529984 м
x0 = 11008.096227927244 м
vr = 1860.0665619328126 м/с
A0 = 1.6019214156434227 м
Xmax = 15727.158699095926 м
sigmaX = 4145.615704313573 м
sigmaY = 4338.152133548437 м
M0 = 3.058977592331143e+20 Н*м - интегральное значение сейсмического момента
Mr_max = 6.684444574269187e+19 Н*м/с - максимальное значение функции источника
1-ый столбец - отнормированная функция источника
2-ой столбец - время
0.0	0.0
0.000349982391538314	0.1
0.05214967846716461	0.2
0.10423400139169568	0.30000000000000004
0.1554885552601726	0.4
0.20462989445079025	0.5
0.2561363071659477	0.6000000000000001
0.3024631955028163	0.7000000000000001
0.3516775227969515	0.8
0.4011101046638444	0.9
0.44382410520569215	1.0
0.4901430645287473	1.1
0.536207527391408	1.2000000000000002
0.5739157693342151	1.3
0.614915065093932	1.4000000000000001
0.6553879292806961	1.5
0.6919005908551683	1.6
0.7302108564995794	1.7000000000000002
0.7590372822459236	1.8
0.7962166789655413	1.9000000000000001
0.8263949629419401	2.0
0.8557441209160058	2.1
0.8794948042141422	2.2
0.8975641659071097	2.3000000000000003
0.9258596712642133	2.4000000000000004
0.9385458001704647	2.5
0.9552740263671972	2.6
0.9670623972260455	2.7
0.9720700357718132	2.8000000000000003
1.0	2.9000000000000004
0.9925610184923193	3.0
0.9820914145238864	3.1
0.9994257291656904	3.2
0.9890035375669536	3.3000000000000003
0.9931011187078094	3.4000000000000004
0.9939353678135795	3.5
0.9701959102726868	3.6
0.963881149598938	3.7
0.9506388632736088	3.8000000000000003
0.9305617669451142	3.9000000000000004
0.9219440540229191	4.0
0.9075795522714694	4.1000000000000005
0.8854752516307621	4.2
0.8633239227587034	4.3
0.8383993830092908	4.4
0.8204368732357049	4.5
0.7873638090827054	4.6000000000000005
0.7676227250048814	4.7
0.7357972771058388	4.800000000000001
0.7116203129027745	4.9
0.6825001812263694	5.0
0.6499125820567345	5.1000000000000005
0.6321969937666604	5.2
0.5968293226612985	5.300000000000001
0.5681063266875949	5.4
0.5432222672689162	5.5
0.5148557192706413	5.6000000000000005
0.4897138831146658	5.7
0.46132486551417157	5.800000000000001
0.4323447606796347	5.9
0.4114567582942379	6.0
0.38473247050499765	6.1000000000000005
0.3578046624966112	6.2
0.3364267604078827	6.300000000000001
0.3098371084907845	6.4
0.2907325817816917	6.5
0.27161601117743567	6.6000000000000005
0.2510678503912989	6.7
0.2323897265274828	6.800000000000001
0.21400773832144046	6.9
0.1977385454378357	7.0
0.18232360901913194	7.1000000000000005
0.16657959053224433	7.2
0.1525716000298363	7.300000000000001
0.1390877691922654	7.4
0.12705239980064978	7.5
0.11617752195920053	7.6000000000000005
0.1045569472986817	7.7
0.09546431724918664	7.800000000000001
0.08603067342132344	7.9
0.07745866694315012	8.0
0.06983955951208655	8.1
0.06290462059237664	8.200000000000001
0.056416410885518804	8.3
0.050279968572126854	8.4
0.044934989661158733	8.5
0.02438025906115379	8.6
0.01484621429767929	8.700000000000001
0.00934768925497529	8.8
0.005759213727008488	8.9
0.0032959716688780935	9.0
0.001537073210519827	9.1
0.0	9.200000000000001
0.0	9.3
0.0	9.4
0.0	9.5
0.0	9.600000000000001
0.0	9.700000000000001
0.0	9.8
0.0	9.9
0.0	10.0
0.0	10.100000000000001
0.0	10.200000000000001
0.0	10.3
0.0	10.4
0.0	10.5
0.0	10.600000000000001
0.0	10.700000000000001
0.0	10.8
0.0	10.9
0.0	11.0
0.0	11.100000000000001
0.0	11.200000000000001
0.0	11.3
0.0	11.4
0.0	11.5
0.0	11.600000000000001
0.0	11.700000000000001
0.0	11.8
0.0	11.9
0.0	12.0
0.0	12.100000000000001
0.0	12.200000000000001
0.0	12.3
0.0	12.4
0.0	12.5
0.0	12.600000000000001
