a = 14812.660243144019 м
b = 13449.085746232433 м
x0 = 5791.977919932456 м
vr = 2068.7438386328013 м/с
A0 = 0.7189265941344478 м
Xmax = 15580.760189986699 м
sigmaX = 4401.925968412933 м
sigmaY = 4204.137802195621 м
M0 = 1.3928195621892699e+20 Н*м - интегральное значение сейсмического момента
Mr_max = 2.760730315045321e+19 Н*м/с - максимальное значение функции источника
1-ый столбец - отнормированная функция источника
2-ой столбец - время
0.0	0.0
6.82833130161702e-05	0.1
0.011230285641065832	0.2
0.022824313471542162	0.30000000000000004
0.03435052438535353	0.4
0.04593679013628027	0.5
0.05794831648474802	0.6000000000000001
0.07098241235427453	0.7000000000000001
0.08386866938935995	0.8
0.09825207427467612	0.9
0.1119550457302144	1.0
0.1269495231995317	1.1
0.14296398974787136	1.2000000000000002
0.16059548257107742	1.3
0.176658354635289	1.4000000000000001
0.19821822295319752	1.5
0.21723705056446077	1.6
0.2370121635965654	1.7000000000000002
0.2614985788722674	1.8
0.28544385444142595	1.9000000000000001
0.3069395681544616	2.0
0.3285872598547212	2.1
0.35709510221444424	2.2
0.3876030898968083	2.3000000000000003
0.41287889202292954	2.4000000000000004
0.4408784218275599	2.5
0.4694257582112683	2.6
0.49595937334516277	2.7
0.5258490012502752	2.8000000000000003
0.5579889868912014	2.9000000000000004
0.5943624644829384	3.0
0.6139721449689848	3.1
0.64515493223668	3.2
0.6737816381012998	3.3000000000000003
0.7050730997902899	3.4000000000000004
0.737757970270993	3.5
0.7630019905955417	3.6
0.792068039831439	3.7
0.8121841459858742	3.8000000000000003
0.8357192510201208	3.9000000000000004
0.8655977114215023	4.0
0.8941938002724733	4.1000000000000005
0.9045388809279667	4.2
0.9269128983407926	4.3
0.9448677574217745	4.4
0.9568220916545208	4.5
0.9623769713274785	4.6000000000000005
0.984173078558417	4.7
0.9838592472975743	4.800000000000001
0.9991106599365494	4.9
0.9984135557666209	5.0
1.0	5.1000000000000005
0.9970087039670426	5.2
0.9860226669162001	5.300000000000001
0.9854792110408287	5.4
0.9813078791747829	5.5
0.9596959382051992	5.6000000000000005
0.9551547939005891	5.7
0.9424599841273633	5.800000000000001
0.9285290436698522	5.9
0.9040600306146813	6.0
0.885614285800033	6.1000000000000005
0.8627712722641323	6.2
0.841941867724398	6.300000000000001
0.8038218677787756	6.4
0.7845505186089178	6.5
0.7651601309752193	6.6000000000000005
0.7394234717415525	6.7
0.7070367157729761	6.800000000000001
0.6784631469700054	6.9
0.6509700763735102	7.0
0.6229240490041814	7.1000000000000005
0.5946295973656246	7.2
0.5668605852984125	7.300000000000001
0.5391844408045336	7.4
0.5075515501566671	7.5
0.47840940479024274	7.6000000000000005
0.4511944052560743	7.7
0.4254367524274995	7.800000000000001
0.4014127779926683	7.9
0.3738782921326306	8.0
0.34893742139667416	8.1
0.3254767486226261	8.200000000000001
0.3006030139400492	8.3
0.28088894460594827	8.4
0.25930337234983153	8.5
0.2396574245825439	8.6
0.22044629233675844	8.700000000000001
0.20215572614575977	8.8
0.18480461944155113	8.9
0.1697156519541788	9.0
0.15412704216420034	9.1
0.1404207325893649	9.200000000000001
0.12719897408070022	9.3
0.1148096198340421	9.4
0.10394974943886885	9.5
0.09473126411351968	9.600000000000001
0.08429817290377378	9.700000000000001
0.07540683842902283	9.8
0.06739144310184894	9.9
0.06009229489210882	10.0
0.05328519500385746	10.100000000000001
0.0465366237613307	10.200000000000001
0.04143718543631866	10.3
0.03624936090443096	10.4
0.03170614810346011	10.5
0.027635946256428394	10.600000000000001
0.023805686834098037	10.700000000000001
0.02044841372211639	10.8
0.01745738853285727	10.9
0.014631597385281088	11.0
0.012173446275532926	11.100000000000001
0.009918676546101414	11.200000000000001
0.00787711936232217	11.3
0.0059447279474700914	11.4
0.003976915878652188	11.5
0.001532215159162031	11.600000000000001
0.0	11.700000000000001
0.0	11.8
0.0	11.9
0.0	12.0
0.0	12.100000000000001
0.0	12.200000000000001
0.0	12.3
0.0	12.4
0.0	12.5
