a = 9753.01209816039 м
b = 7556.143351698473 м
x0 = 8004.598596371151 м
vr = 1728.6914305608693 м/с
A0 = 1.8695073030218672 м
Xmax = 11494.61820345565 м
sigmaX = 4433.547255345872 м
sigmaY = 4435.364108598294 м
M0 = 3.203468089460947e+20 Н*м - интегральное значение сейсмического момента
Mr_max = 8.170901746504765e+19 Н*м/с - максимальное значение функции источника
1-ый столбец - отнормированная функция источника
2-ой столбец - время
0.0	0.0
0.0004352507567082431	0.1
0.06006638602579437	0.2
0.11996417223825674	0.30000000000000004
0.17784617025880553	0.4
0.23505184151090247	0.5
0.2916532263766951	0.6000000000000001
0.34740075624078914	0.7000000000000001
0.40284386215604046	0.8
0.45561729706988785	0.9
0.5011947391673082	1.0
0.5508758703313157	1.1
0.5986613513836103	1.2000000000000002
0.641840758180189	1.3
0.6825910853550272	1.4000000000000001
0.721041250572928	1.5
0.7645163154814887	1.6
0.7930510264638633	1.7000000000000002
0.81540150604439	1.8
0.8532948054795524	1.9000000000000001
0.8750447123584643	2.0
0.9040210220243824	2.1
0.9310810535019463	2.2
0.9439667540831558	2.3000000000000003
0.9610439079980847	2.4000000000000004
0.9633704639451282	2.5
0.973237432631922	2.6
0.9772318923170765	2.7
0.9845828879704261	2.8000000000000003
0.9874844370971363	2.9000000000000004
0.9969049407383593	3.0
1.0	3.1
0.982647421511535	3.2
0.9891872955739938	3.3000000000000003
0.971262724048417	3.4000000000000004
0.9531467623440611	3.5
0.937350931456741	3.6
0.9286093117390943	3.7
0.8953129221137619	3.8000000000000003
0.9024282646124956	3.9000000000000004
0.8770251053481584	4.0
0.8541719444131247	4.1000000000000005
0.8470982109292078	4.2
0.7969543242390813	4.3
0.7043290344723606	4.4
0.6496183950605715	4.5
0.6088503581300788	4.6000000000000005
0.5536071916218879	4.7
0.5173594164960839	4.800000000000001
0.483309067852908	4.9
0.4543976893516961	5.0
0.4250553334709998	5.1000000000000005
0.40146923727353817	5.2
0.36631738211347364	5.300000000000001
0.3402733788876959	5.4
0.3141180587650184	5.5
0.2885282075128974	5.6000000000000005
0.2621724215516821	5.7
0.2400673816749188	5.800000000000001
0.21424871471625825	5.9
0.19077801162981076	6.0
0.17280662498256524	6.1000000000000005
0.15024381180978094	6.2
0.12773609382869758	6.300000000000001
0.10722954698612569	6.4
0.08658721658372184	6.5
0.06421708742665089	6.6000000000000005
0.03597641927254294	6.7
0.0	6.800000000000001
0.0	6.9
0.0	7.0
0.0	7.1000000000000005
0.0	7.2
0.0	7.300000000000001
0.0	7.4
0.0	7.5
0.0	7.6000000000000005
