a = 12752.221989273952 м
b = 12328.85082678378 м
x0 = 3159.3276941564054 м
vr = 2064.400735166785 м/с
A0 = 0.5685256954855353 м
Xmax = 12406.297621743928 м
sigmaX = 4124.113819309671 м
sigmaY = 4551.920181292383 м
M0 = 1.106358661941193e+20 Н*м - интегральное значение сейсмического момента
Mr_max = 2.342680795425799e+19 Н*м/с - максимальное значение функции источника
1-ый столбец - отнормированная функция источника
2-ой столбец - время
0.0	0.0
6.087088415121312e-05	0.1
0.010204938395079417	0.2
0.020348465301301397	0.30000000000000004
0.030684999558501434	0.4
0.041333519559867284	0.5
0.052492354608399516	0.6000000000000001
0.06370835280867185	0.7000000000000001
0.07601218841230024	0.8
0.08893225034145594	0.9
0.10310784572967155	1.0
0.117485112660007	1.1
0.13257649411669342	1.2000000000000002
0.1507579753930104	1.3
0.1677755283098138	1.4000000000000001
0.18785104129238073	1.5
0.2077938766693406	1.6
0.22619391846231335	1.7000000000000002
0.2475413824503053	1.8
0.270686380521382	1.9000000000000001
0.2926775572761058	2.0
0.32096403138155194	2.1
0.34589898565732313	2.2
0.3755975267970091	2.3000000000000003
0.4083995241623523	2.4000000000000004
0.43566595813805364	2.5
0.4680570210939639	2.6
0.4888461528465338	2.7
0.5286876696935955	2.8000000000000003
0.556844114545829	2.9000000000000004
0.5864222497586679	3.0
0.6268307334018549	3.1
0.6577674775959959	3.2
0.6888722820563677	3.3000000000000003
0.7186326375183819	3.4000000000000004
0.7484847779476528	3.5
0.778757020489189	3.6
0.8046444480265088	3.7
0.8371751045442997	3.8000000000000003
0.8538762889694244	3.9000000000000004
0.8779981182097006	4.0
0.9014982541923107	4.1000000000000005
0.918236406933944	4.2
0.9401541685931968	4.3
0.9602411145954466	4.4
0.9664147143744554	4.5
0.9814813004113554	4.6000000000000005
0.9988858306977538	4.7
0.9823521748400899	4.800000000000001
1.0	4.9
0.9882515384891618	5.0
0.9964452697852278	5.1000000000000005
0.9914649396547032	5.2
0.9874028723253917	5.300000000000001
0.9703633319004468	5.4
0.9538014488312834	5.5
0.94262956393362	5.6000000000000005
0.9190363028505748	5.7
0.9020590205708597	5.800000000000001
0.8872908955359006	5.9
0.8591223487959179	6.0
0.8273499936936121	6.1000000000000005
0.8090115670087061	6.2
0.7789479314242194	6.300000000000001
0.7474329896057452	6.4
0.7286469978674244	6.5
0.6986768162636643	6.6000000000000005
0.6624641734608241	6.7
0.6284066918178288	6.800000000000001
0.5969404057298239	6.9
0.5657110276998999	7.0
0.5354991894806531	7.1000000000000005
0.5068025025427436	7.2
0.4767144712882329	7.300000000000001
0.44892077797604696	7.4
0.41609952482357315	7.5
0.38822911303009033	7.6000000000000005
0.36081507145135566	7.7
0.33546077932050394	7.800000000000001
0.31203545212959705	7.9
0.286265468356809	8.0
0.26325655352049965	8.1
0.24046324575187042	8.200000000000001
0.22117822427948092	8.3
0.20175479401597526	8.4
0.18238561835825004	8.5
0.16550135033025562	8.6
0.14981355356442783	8.700000000000001
0.13429487920635003	8.8
0.12158913859920022	8.9
0.10815018762926926	9.0
0.09646120955119131	9.1
0.08549583301483754	9.200000000000001
0.07542884873311577	9.3
0.06653643156372928	9.4
0.058717417446378144	9.5
0.051143043790565924	9.600000000000001
0.04451469314652285	9.700000000000001
0.03821513559275825	9.8
0.03323231309913865	9.9
0.028279935853321937	10.0
0.023885012198012992	10.100000000000001
0.020106709935498384	10.200000000000001
0.016692659473364804	10.3
0.013539754297088565	10.4
0.010902162595824048	10.5
0.008470930001053003	10.600000000000001
0.006218905339228163	10.700000000000001
0.004103477111181506	10.8
0.0016389048805027988	10.9
0.0	11.0
0.0	11.100000000000001
0.0	11.200000000000001
0.0	11.3
0.0	11.4
0.0	11.5
0.0	11.600000000000001
0.0	11.700000000000001
0.0	11.8
