a = 9149.023580251569 м
b = 10482.182096754985 м
x0 = 7390.603469615022 м
vr = 2499.5714852875662 м/с
A0 = 1.60580960879573 м
Xmax = 10865.859206855832 м
sigmaX = 4683.564653507457 м
sigmaY = 4725.350518694559 м
M0 = 3.2007787055474377e+20 Н*м - интегральное значение сейсмического момента
Mr_max = 1.0857864131648714e+20 Н*м/с - максимальное значение функции источника
1-ый столбец - отнормированная функция источника
2-ой столбец - время
0.0	0.0
0.00042135857281120996	0.1
0.08377785055644786	0.2
0.16746255200220345	0.30000000000000004
0.24579375193557731	0.4
0.3222287972282299	0.5
0.3982920139059398	0.6000000000000001
0.4683711795262958	0.7000000000000001
0.5360839141902942	0.8
0.5987027731098228	0.9
0.658962836222358	1.0
0.7131770818013358	1.1
0.7736164005679047	1.2000000000000002
0.8109234600288691	1.3
0.8513583306992893	1.4000000000000001
0.8848518703692629	1.5
0.918984041991857	1.6
0.9414020858446263	1.7000000000000002
0.9636048690449057	1.8
0.9800013590794396	1.9000000000000001
0.9761907068511331	2.0
0.9785875565653605	2.1
1.0	2.2
0.9860115338918523	2.3000000000000003
0.9644531792649012	2.4000000000000004
0.958895057205351	2.5
0.9413485030694213	2.6
0.9193752334066276	2.7
0.8946049087761228	2.8000000000000003
0.8713133891647491	2.9000000000000004
0.8408220072956821	3.0
0.789363160955308	3.1
0.7683137402673971	3.2
0.7159031280520783	3.3000000000000003
0.6763978360901789	3.4000000000000004
0.6395393265015484	3.5
0.6026988382309999	3.6
0.563934410558076	3.7
0.5257611233215975	3.8000000000000003
0.4911255211243123	3.9000000000000004
0.45971173461448794	4.0
0.4189798569895444	4.1000000000000005
0.38666855188206056	4.2
0.35144430183441255	4.3
0.3120383567457165	4.4
0.12739963223565678	4.5
0.0	4.6000000000000005
0.0	4.7
0.0	4.800000000000001
0.0	4.9
0.0	5.0
0.0	5.1000000000000005
0.0	5.2
0.0	5.300000000000001
0.0	5.4
0.0	5.5
0.0	5.6000000000000005
0.0	5.7
0.0	5.800000000000001
0.0	5.9
0.0	6.0
0.0	6.1000000000000005
0.0	6.2
0.0	6.300000000000001
0.0	6.4
