a = 16465.266087236534 м
b = 20596.794150785732 м
x0 = 852.5568272360214 м
vr = 1532.3964875698553 м/с
A0 = 0.753067626862741 м
Xmax = 20718.78271433094 м
sigmaX = 4494.9709136839465 м
sigmaY = 4677.636543966069 м
M0 = 1.5576137224566243e+20 Н*м - интегральное значение сейсмического момента
Mr_max = 2.153100002176992e+19 Н*м/с - максимальное значение функции источника
1-ый столбец - отнормированная функция источника
2-ой столбец - время
0.0	0.0
4.6201922071332106e-08	0.1
5.766606795197823e-06	0.2
1.1575393351970757e-05	0.30000000000000004
1.778914231480108e-05	0.4
2.443707124830868e-05	0.5
3.1908054883032655e-05	0.6000000000000001
3.828211817149642e-05	0.7000000000000001
4.7048746103169346e-05	0.8
5.663412658899701e-05	0.9
6.866414574213832e-05	1.0
8.259728623636341e-05	1.1
9.854446890019203e-05	1.2000000000000002
0.00011803307786455974	1.3
0.00014048486178750406	1.4000000000000001
0.00016522988359076634	1.5
0.0001952752230924378	1.6
0.00022823011988036548	1.7000000000000002
0.0002670330432263092	1.8
0.00031453511849277306	1.9000000000000001
0.0003612557880692937	2.0
0.0004272680946504725	2.1
0.0004910139417272367	2.2
0.0005699160153717851	2.3000000000000003
0.0006604779051000764	2.4000000000000004
0.0007601571951563692	2.5
0.0008719247526722254	2.6
0.0009994411756110801	2.7
0.001148848635273644	2.8000000000000003
0.0013142645680217272	2.9000000000000004
0.001496728789951127	3.0
0.0017101861095235643	3.1
0.001917556079648283	3.2
0.002206096092311267	3.3000000000000003
0.00247800021655271	3.4000000000000004
0.0028397499580681187	3.5
0.0032120424402113336	3.6
0.0036012155051983845	3.7
0.004069660181049969	3.8000000000000003
0.0045780225765968295	3.9000000000000004
0.005141716889176778	4.0
0.005755948538895394	4.1000000000000005
0.006423498324586433	4.2
0.007233701942309232	4.3
0.008113882880498966	4.4
0.009051858725048705	4.5
0.01008763578346954	4.6000000000000005
0.011201463052401876	4.7
0.012417833164952801	4.800000000000001
0.01388905017485513	4.9
0.015345637542148632	5.0
0.01704731040634085	5.1000000000000005
0.018610162903030074	5.2
0.020796914171709865	5.300000000000001
0.022569659654155097	5.4
0.024904322558171314	5.5
0.027390535035583	5.6000000000000005
0.03008536411111178	5.7
0.0330540352132706	5.800000000000001
0.03626782041523752	5.9
0.039804714365034154	6.0
0.04368993820295522	6.1000000000000005
0.04730707180595448	6.2
0.05164715023590222	6.300000000000001
0.05624008637325505	6.4
0.06057679941446554	6.5
0.06639716408755691	6.6000000000000005
0.07141927029255465	6.7
0.07824304319491787	6.800000000000001
0.08378523218520477	6.9
0.09154241955796696	7.0
0.09894697157012741	7.1000000000000005
0.10587169176189558	7.2
0.1139321806163654	7.300000000000001
0.12237124342645717	7.4
0.1311588656870073	7.5
0.14057774980499282	7.6000000000000005
0.15126856155228469	7.7
0.161110082077424	7.800000000000001
0.16957182237740698	7.9
0.181478060435754	8.0
0.19387696626774767	8.1
0.20895123092149828	8.200000000000001
0.22086653286880797	8.3
0.23505770572513957	8.4
0.25063191007319724	8.5
0.26230131510110494	8.6
0.2785346911563095	8.700000000000001
0.2940854944239737	8.8
0.30949713518958716	8.9
0.32514072500036445	9.0
0.341302940929782	9.1
0.36063210435559434	9.200000000000001
0.3811957228022929	9.3
0.3979439782836258	9.4
0.4165671392269059	9.5
0.4404983348956867	9.600000000000001
0.4560847772636907	9.700000000000001
0.47724402963095697	9.8
0.49333760343777183	9.9
0.5099509092522211	10.0
0.535156859590608	10.100000000000001
0.5546035913819233	10.200000000000001
0.5738495978799976	10.3
0.5976476397491269	10.4
0.6179656388695052	10.5
0.6425383745861967	10.600000000000001
0.6632189187036306	10.700000000000001
0.6863950643070331	10.8
0.7019307448058663	10.9
0.730216263260288	11.0
0.7455326775669122	11.100000000000001
0.7614144434372905	11.200000000000001
0.7863841544547749	11.3
0.7962204999248678	11.4
0.8167667480906062	11.5
0.8345895190707385	11.600000000000001
0.8498141431500335	11.700000000000001
0.8700559216236262	11.8
0.8825725676927367	11.9
0.8999626444539994	12.0
0.9068344710541361	12.100000000000001
0.9191166273924921	12.200000000000001
0.9364022108604477	12.3
0.9513208359585851	12.4
0.9573445205405672	12.5
0.9690093132434482	12.600000000000001
0.9717146420649834	12.700000000000001
0.9892512541609173	12.8
0.9917549167368703	12.9
0.9970543077963431	13.0
0.9946791244122177	13.100000000000001
0.9964367838836683	13.200000000000001
0.9940559776346554	13.3
0.9988523775823219	13.4
1.0	13.5
0.9930352999169938	13.600000000000001
0.9937132338771297	13.700000000000001
0.9793638779436014	13.8
0.9763057250604453	13.9
0.9710531953583685	14.0
0.9633899780384484	14.100000000000001
0.9516362213713064	14.200000000000001
0.9476313260907252	14.3
0.9317258930602081	14.4
0.9170346303577184	14.5
0.9085775231182402	14.600000000000001
0.8929767905680328	14.700000000000001
0.8763364612817615	14.8
0.8621241058554246	14.9
0.8470078579757823	15.0
0.833589403237623	15.100000000000001
0.8128665587010827	15.200000000000001
0.7923063832206546	15.3
0.7815013885277452	15.4
0.7584045761751163	15.5
0.7365948979647146	15.600000000000001
0.7174569387903813	15.700000000000001
0.7022185674328442	15.8
0.679674297964288	15.9
0.6569022565903739	16.0
0.6338339553347924	16.1
0.6171128404690919	16.2
0.5904852804753893	16.3
0.5706524857078299	16.400000000000002
0.5589243010292975	16.5
0.5339035236245855	16.6
0.5108385647851407	16.7
0.4914669199322437	16.8
0.4713897950174621	16.900000000000002
0.45025292235909037	17.0
0.4308039247107228	17.1
0.4141018947458753	17.2
0.39343850362773675	17.3
0.3756735626767778	17.400000000000002
0.3572067595185963	17.5
0.3399630923096278	17.6
0.32552760615911736	17.7
0.3077369834362113	17.8
0.2915614850104347	17.900000000000002
0.27581562126994397	18.0
0.2620172238552682	18.1
0.24705751896866512	18.2
0.23327378215417385	18.3
0.21990300932404522	18.400000000000002
0.20711034260946162	18.5
0.1940166795291806	18.6
0.1836237338626506	18.7
0.17119964960514533	18.8
0.16058760181941475	18.900000000000002
0.1501278183230448	19.0
0.14061170293992187	19.1
0.1310701002321477	19.200000000000003
0.12200739422304324	19.3
0.11389531360719767	19.400000000000002
0.10586710707786072	19.5
0.09879151177847709	19.6
0.09140584975114596	19.700000000000003
0.08454103687447732	19.8
0.07812083730826332	19.900000000000002
0.07240163904281013	20.0
0.06674760406037832	20.1
0.061522608452543426	20.200000000000003
0.056401895866604185	20.3
0.051685417135312606	20.400000000000002
0.04696096247689657	20.5
0.042500158867280736	20.6
0.03777660105032528	20.700000000000003
0.032679757050399806	20.8
0.0260819964022967	20.900000000000002
0.014418226444346085	21.0
0.0	21.1
0.0	21.200000000000003
0.0	21.3
0.0	21.400000000000002
0.0	21.5
0.0	21.6
0.0	21.700000000000003
0.0	21.8
0.0	21.900000000000002
0.0	22.0
0.0	22.1
0.0	22.200000000000003
0.0	22.3
0.0	22.400000000000002
0.0	22.5
0.0	22.6
0.0	22.700000000000003
0.0	22.8
0.0	22.900000000000002
0.0	23.0
0.0	23.1
0.0	23.200000000000003
0.0	23.3
0.0	23.400000000000002
0.0	23.5
0.0	23.6
0.0	23.700000000000003
0.0	23.8
0.0	23.900000000000002
0.0	24.0
0.0	24.1
0.0	24.200000000000003
0.0	24.3
0.0	24.400000000000002
0.0	24.5
0.0	24.6
0.0	24.700000000000003
0.0	24.8
0.0	24.900000000000002
0.0	25.0
0.0	25.1
0.0	25.200000000000003
0.0	25.3
0.0	25.400000000000002
0.0	25.5
0.0	25.6
0.0	25.700000000000003
0.0	25.8
0.0	25.900000000000002
0.0	26.0
0.0	26.1
0.0	26.200000000000003
0.0	26.3
0.0	26.400000000000002
0.0	26.5
0.0	26.6
0.0	26.700000000000003
0.0	26.8
0.0	26.900000000000002
0.0	27.0
0.0	27.1
0.0	27.200000000000003
0.0	27.3
