a = 11058.176972704543 м
b = 11207.894288071455 м
x0 = 8315.69986823928 м
vr = 1984.4485373952714 м/с
A0 = 1.5623186823194555 м
Xmax = 12523.269150478756 м
sigmaX = 4240.762648883793 м
sigmaY = 4295.451777067983 м
M0 = 2.9034479152229266e+20 Н*м - интегральное значение сейсмического момента
Mr_max = 7.175636311219357e+19 Н*м/с - максимальное значение функции источника
1-ый столбец - отнормированная функция источника
2-ой столбец - время
0.0	0.0
0.0003965662802866503	0.1
0.06262662828628612	0.2
0.12583578818239202	0.30000000000000004
0.18634023963327598	0.4
0.24633962314819863	0.5
0.3057934421856879	0.6000000000000001
0.36007291538250985	0.7000000000000001
0.41727241498730405	0.8
0.47162010150095657	0.9
0.5251798286281235	1.0
0.5754192877212677	1.1
0.6229721388619227	1.2000000000000002
0.6686406295461562	1.3
0.7081454772655688	1.4000000000000001
0.7499239585361402	1.5
0.7818500417747023	1.6
0.822451053171443	1.7000000000000002
0.847031061694914	1.8
0.8828286639974062	1.9000000000000001
0.906615078295544	2.0
0.932709798027823	2.1
0.9495032293549451	2.2
0.973377735283115	2.3000000000000003
0.9749103987329378	2.4000000000000004
0.984794748001223	2.5
0.9901584955711156	2.6
0.9974162764742983	2.7
0.993868023654493	2.8000000000000003
1.0	2.9000000000000004
0.9858743398174737	3.0
0.9878622399713077	3.1
0.9643591449705864	3.2
0.9472479236275579	3.3000000000000003
0.9388077293899539	3.4000000000000004
0.9364895149534123	3.5
0.9019946400664886	3.6
0.8839230791619148	3.7
0.8607800928130442	3.8000000000000003
0.8417708310990809	3.9000000000000004
0.8110321357677349	4.0
0.7861477876188367	4.1000000000000005
0.7557983844551395	4.2
0.7368244558320964	4.3
0.6874073745115575	4.4
0.6556472763454105	4.5
0.6278704774053284	4.6000000000000005
0.5958955691126604	4.7
0.5674060087707438	4.800000000000001
0.5363011385261927	4.9
0.504526046464367	5.0
0.4772516577469217	5.1000000000000005
0.4498818408044047	5.2
0.42110473525445835	5.300000000000001
0.39189237394845655	5.4
0.3630167931342767	5.5
0.3395230584415311	5.6000000000000005
0.31336602215206055	5.7
0.29093791817003667	5.800000000000001
0.2671790174491627	5.9
0.24369930805047568	6.0
0.22109523421879934	6.1000000000000005
0.2015495171461255	6.2
0.1806900462634871	6.300000000000001
0.16149389983938578	6.4
0.1424294916522696	6.5
0.1245830161024737	6.6000000000000005
0.105081347094721	6.7
0.08597250716395548	6.800000000000001
0.06544576257998189	6.9
0.038331248689551546	7.0
0.0	7.1000000000000005
0.0	7.2
0.0	7.300000000000001
0.0	7.4
0.0	7.5
0.0	7.6000000000000005
0.0	7.7
0.0	7.800000000000001
0.0	7.9
0.0	8.0
0.0	8.1
