a = 7626.979693686251 м
b = 7792.1689597142 м
x0 = 1328.944480856618 м
vr = 2156.5754169315437 м/с
A0 = 1.6859008512973337 м
Xmax = 8662.205246839743 м
sigmaX = 4429.007954591039 м
sigmaY = 4832.593307555577 м
M0 = 2.7701859712421947e+20 Н*м - интегральное значение сейсмического момента
Mr_max = 7.022397067719224e+19 Н*м/с - максимальное значение функции источника
1-ый столбец - отнормированная функция источника
2-ой столбец - время
0.0	0.0
0.00019727598964693895	0.1
0.03416049254782706	0.2
0.06827967663061633	0.30000000000000004
0.10184757996014115	0.4
0.1362858880012628	0.5
0.16915897169108196	0.6000000000000001
0.20358737904390983	0.7000000000000001
0.21563335801452665	0.8
0.2406812786889129	0.9
0.26444843103018967	1.0
0.29523418629674536	1.1
0.32200154055227986	1.2000000000000002
0.35022140882464364	1.3
0.38375373015587444	1.4000000000000001
0.42254658718172905	1.5
0.4547465495781438	1.6
0.4916349219538207	1.7000000000000002
0.519364716307905	1.8
0.5595045806651403	1.9000000000000001
0.5931896403663681	2.0
0.6324732730931735	2.1
0.6623941306069984	2.2
0.6991103385640086	2.3000000000000003
0.7246837876161394	2.4000000000000004
0.7677537727486068	2.5
0.7963988066068681	2.6
0.8306121284427594	2.7
0.8550390614956843	2.8000000000000003
0.8744601169367795	2.9000000000000004
0.8906155741892865	3.0
0.9190312705444661	3.1
0.9359070045622296	3.2
0.9631357485202419	3.3000000000000003
0.9687306186184202	3.4000000000000004
0.9935940503688205	3.5
0.9927534323801132	3.6
0.9987017307948977	3.7
0.9966373467208869	3.8000000000000003
1.0	3.9000000000000004
0.9878562941960527	4.0
0.9839522233802083	4.1000000000000005
0.9819872097959493	4.2
0.9581276973372703	4.3
0.9392946842918519	4.4
0.9211355546093255	4.5
0.910795923354346	4.6000000000000005
0.8737487029941862	4.7
0.8536680889148845	4.800000000000001
0.8254203621097195	4.9
0.7894553579704044	5.0
0.7609597273580864	5.1000000000000005
0.7279409044421156	5.2
0.691156524862733	5.300000000000001
0.645668177619094	5.4
0.6145401881976963	5.5
0.5747630191767135	5.6000000000000005
0.5334417568384121	5.7
0.4889996401055866	5.800000000000001
0.44379509936144895	5.9
0.39971292763486393	6.0
0.3529557500243285	6.1000000000000005
0.30432786529887335	6.2
0.25175006426998164	6.300000000000001
0.19098511864591386	6.4
0.11291939930773694	6.5
0.0	6.6000000000000005
0.0	6.7
0.0	6.800000000000001
0.0	6.9
0.0	7.0
0.0	7.1000000000000005
0.0	7.2
0.0	7.300000000000001
0.0	7.4
0.0	7.5
0.0	7.6000000000000005
