a = 8521.232506673885 м
b = 10749.473978867694 м
x0 = 2536.3745821955586 м
vr = 2106.96735214856 м/с
A0 = 1.5545723984419242 м
Xmax = 10296.717848639046 м
sigmaX = 4731.4466629797025 м
sigmaY = 4405.570982399904 м
M0 = 2.841476644066936e+20 Н*м - интегральное значение сейсмического момента
Mr_max = 6.309361303240251e+19 Н*м/с - максимальное значение функции источника
1-ый столбец - отнормированная функция источника
2-ой столбец - время
0.0	0.0
0.00020312578065657556	0.1
0.03434155414245396	0.2
0.06850897423262367	0.30000000000000004
0.10153085125829615	0.4
0.13610424212369004	0.5
0.16805788036108296	0.6000000000000001
0.2036946750326053	0.7000000000000001
0.2353227487994423	0.8
0.26804141123641134	0.9
0.30218456826479806	1.0
0.33877800984577333	1.1
0.37052586137252175	1.2000000000000002
0.40782042130478574	1.3
0.41689817249817207	1.4000000000000001
0.45134483051695173	1.5
0.47491291090690796	1.6
0.5034741720450803	1.7000000000000002
0.5312717394930487	1.8
0.5636565887780286	1.9000000000000001
0.5978220505164078	2.0
0.621362346346689	2.1
0.6551390799045854	2.2
0.6855669040410062	2.3000000000000003
0.7125082921456347	2.4000000000000004
0.7456001437690241	2.5
0.7623844894057478	2.6
0.802014154683818	2.7
0.8319666316163966	2.8000000000000003
0.8580186082029334	2.9000000000000004
0.8754733431250864	3.0
0.8929294225269689	3.1
0.9187597002524565	3.2
0.9246503598300475	3.3000000000000003
0.9373021775368409	3.4000000000000004
0.9545467825932438	3.5
0.9668151442004411	3.6
0.994856084571987	3.7
0.989999918183277	3.8000000000000003
0.9898220207673057	3.9000000000000004
0.9957234009495798	4.0
0.9938669791386191	4.1000000000000005
1.0	4.2
0.9896112530987466	4.3
0.9869480821412849	4.4
0.974486999718053	4.5
0.9562762263533744	4.6000000000000005
0.9606480131915676	4.7
0.9341685752968888	4.800000000000001
0.9208412574366203	4.9
0.9030684296597004	5.0
0.8912866054223534	5.1000000000000005
0.8520207237726608	5.2
0.8345039926148492	5.300000000000001
0.8138301824532778	5.4
0.7961284032119844	5.5
0.7555817557142338	5.6000000000000005
0.7364249048590145	5.7
0.704807923378377	5.800000000000001
0.6806702871921272	5.9
0.6502879116983628	6.0
0.6216374410118914	6.1000000000000005
0.5945896350977459	6.2
0.5569606274921688	6.300000000000001
0.5308646588598995	6.4
0.49766730238280205	6.5
0.4672190061745107	6.6000000000000005
0.432910693299186	6.7
0.387655133295634	6.800000000000001
0.3209873042882996	6.9
0.0	7.0
0.0	7.1000000000000005
0.0	7.2
0.0	7.300000000000001
0.0	7.4
0.0	7.5
0.0	7.6000000000000005
0.0	7.7
0.0	7.800000000000001
0.0	7.9
0.0	8.0
0.0	8.1
0.0	8.200000000000001
0.0	8.3
0.0	8.4
0.0	8.5
0.0	8.6
0.0	8.700000000000001
0.0	8.8
0.0	8.9
0.0	9.0
0.0	9.1
0.0	9.200000000000001
0.0	9.3
0.0	9.4
0.0	9.5
0.0	9.600000000000001
0.0	9.700000000000001
0.0	9.8
0.0	9.9
