a = 10698.272730602042 м
b = 9912.212492391993 м
x0 = 9033.600392427892 м
vr = 1836.5563123391723 м/с
A0 = 1.3332978731231027 м
Xmax = 13413.450057833094 м
sigmaX = 4100.488346161917 м
sigmaY = 4826.661349325985 м
M0 = 2.481547999270861e+20 Н*м - интегральное значение сейсмического момента
Mr_max = 5.800704798125293e+19 Н*м/с - максимальное значение функции источника
1-ый столбец - отнормированная функция источника
2-ой столбец - время
0.0	0.0
0.00035806110279403843	0.1
0.053002374714362754	0.2
0.10482783588886378	0.30000000000000004
0.15579022853115196	0.4
0.20713532976161703	0.5
0.2542133651740929	0.6000000000000001
0.30827293846105325	0.7000000000000001
0.35607998306293964	0.8
0.4028862203643775	0.9
0.44626508911551493	1.0
0.49349266008931675	1.1
0.5302732125571202	1.2000000000000002
0.5725636246431172	1.3
0.6181642061082858	1.4000000000000001
0.654992396875399	1.5
0.6979481079111765	1.6
0.7328596618679294	1.7000000000000002
0.7728499898781283	1.8
0.7983774318885377	1.9000000000000001
0.8251183865085321	2.0
0.8561561330688627	2.1
0.8819891914190562	2.2
0.9065529818182299	2.3000000000000003
0.9286826151022618	2.4000000000000004
0.954696541688823	2.5
0.9551289892964455	2.6
0.9684424478820641	2.7
0.9767592474357212	2.8000000000000003
0.9953490624158724	2.9000000000000004
0.9954458176034361	3.0
1.0	3.1
0.9982454474790953	3.2
0.9974539502911008	3.3000000000000003
0.9918707030639907	3.4000000000000004
0.9878228491334105	3.5
0.9830400226994388	3.6
0.9844019787945224	3.7
0.9638584730542762	3.8000000000000003
0.9549611794908933	3.9000000000000004
0.9356194482937105	4.0
0.9256992827865699	4.1000000000000005
0.8946003233027823	4.2
0.8782996963802578	4.3
0.8499086449585255	4.4
0.8316510748484238	4.5
0.8079668887810352	4.6000000000000005
0.78235823112556	4.7
0.757389535847738	4.800000000000001
0.7289203672816815	4.9
0.7028107134887778	5.0
0.6675146229622904	5.1000000000000005
0.6276657414198668	5.2
0.5949271710168081	5.300000000000001
0.5632357259941249	5.4
0.5243662102553107	5.5
0.4867214434153728	5.6000000000000005
0.45002203142501296	5.7
0.4093107156893158	5.800000000000001
0.3712602405755209	5.9
0.33597910642452006	6.0
0.2988669633667853	6.1000000000000005
0.26088198030701976	6.2
0.22709954429145732	6.300000000000001
0.19129272147223447	6.4
0.15792062472511692	6.5
0.12306851452766676	6.6000000000000005
0.08763125892421428	6.7
0.04079426477946705	6.800000000000001
0.0	6.9
0.0	7.0
0.0	7.1000000000000005
0.0	7.2
0.0	7.300000000000001
0.0	7.4
0.0	7.5
0.0	7.6000000000000005
0.0	7.7
