a = 11951.03678007136 м
b = 14423.294576333665 м
x0 = 1418.0074797219238 м
vr = 1944.024802914059 м/с
A0 = 1.5440293094661914 м
Xmax = 13898.247554738175 м
sigmaX = 4489.76123596515 м
sigmaY = 4990.340422538578 м
M0 = 3.404833515346972e+20 Н*м - интегральное значение сейсмического момента
Mr_max = 6.253005747789244e+19 Н*м/с - максимальное значение функции источника
1-ый столбец - отнормированная функция источника
2-ой столбец - время
0.0	0.0
1.5137120786333147e-05	0.1
0.0023702336180879257	0.2
0.004761396668121902	0.30000000000000004
0.007216995757760613	0.4
0.009733236956314374	0.5
0.012521315748498633	0.6000000000000001
0.015287974129546491	0.7000000000000001
0.018504979964152526	0.8
0.020842803797018656	0.9
0.023966052888327323	1.0
0.027766647149857167	1.1
0.03200830534980172	1.2000000000000002
0.036378398073738875	1.3
0.04164921695453609	1.4000000000000001
0.04737073023042874	1.5
0.053316489260497556	1.6
0.06000598266211356	1.7000000000000002
0.06683467048967685	1.8
0.07535338245151046	1.9000000000000001
0.08408594193644604	2.0
0.09415282363654102	2.1
0.10435245367630835	2.2
0.1157058319821907	2.3000000000000003
0.12771026435845742	2.4000000000000004
0.13985402585895884	2.5
0.15374950592280662	2.6
0.16791317611364295	2.7
0.1827892582959741	2.8000000000000003
0.19941481284339463	2.9000000000000004
0.21864448938471406	3.0
0.23510469225388325	3.1
0.25310483034346365	3.2
0.2723584744043478	3.3000000000000003
0.2911429604705584	3.4000000000000004
0.3132523867979073	3.5
0.3348056418484598	3.6
0.35806459698946325	3.7
0.384182421274169	3.8000000000000003
0.40483000324459656	3.9000000000000004
0.4375700651129458	4.0
0.46435304418261875	4.1000000000000005
0.48359574946829464	4.2
0.5154937538828849	4.3
0.5368795423564351	4.4
0.5659286922022554	4.5
0.5942626107202996	4.6000000000000005
0.6207731844965556	4.7
0.6549431016253042	4.800000000000001
0.6756870684196737	4.9
0.7014841119648796	5.0
0.7248434633640078	5.1000000000000005
0.7472766590757989	5.2
0.7790020547059199	5.300000000000001
0.7936294472506615	5.4
0.8209951434167282	5.5
0.8407176941983668	5.6000000000000005
0.8762922021650846	5.7
0.8869771375650937	5.800000000000001
0.9109465016419362	5.9
0.9166656600441426	6.0
0.9410009302047915	6.1000000000000005
0.9468266958855729	6.2
0.9674445421973202	6.300000000000001
0.9693694367166988	6.4
0.9826419863734964	6.5
1.0	6.6000000000000005
0.9995449405006515	6.7
0.9870380762750662	6.800000000000001
0.9914218020879059	6.9
0.9909747167846713	7.0
0.985217785388289	7.1000000000000005
0.9750774221422324	7.2
0.9743963299969007	7.300000000000001
0.9640090282633109	7.4
0.9522272860527595	7.5
0.9511753998402923	7.6000000000000005
0.9229659181022666	7.7
0.9102499539657689	7.800000000000001
0.8974067686907266	7.9
0.8781674882227605	8.0
0.8591049464593501	8.1
0.8339540404242858	8.200000000000001
0.8139194056178044	8.3
0.7947893171725412	8.4
0.7697125827352469	8.5
0.7421123907751931	8.6
0.7194885651289528	8.700000000000001
0.6887780828022626	8.8
0.6623511102012605	8.9
0.6353551531906033	9.0
0.6072426157850822	9.1
0.5868314541819486	9.200000000000001
0.5561103927732274	9.3
0.5271868309197455	9.4
0.5039732958230305	9.5
0.478242790961227	9.600000000000001
0.4532742894065014	9.700000000000001
0.4274298765904976	9.8
0.4030599535356099	9.9
0.3788347698117337	10.0
0.3545413488939382	10.100000000000001
0.33405582789406674	10.200000000000001
0.3118689068147704	10.3
0.29092769781436617	10.4
0.2682926660585715	10.5
0.25038724304884963	10.600000000000001
0.23040641802123885	10.700000000000001
0.21098631787311084	10.8
0.19306576565485786	10.9
0.1761240418769638	11.0
0.15787388237809777	11.100000000000001
0.1406777480364105	11.200000000000001
0.12309972643347074	11.3
0.10466388716986491	11.4
0.08261948807514455	11.5
0.053210851139540945	11.600000000000001
0.0	11.700000000000001
0.0	11.8
0.0	11.9
0.0	12.0
0.0	12.100000000000001
0.0	12.200000000000001
0.0	12.3
0.0	12.4
0.0	12.5
0.0	12.600000000000001
0.0	12.700000000000001
0.0	12.8
0.0	12.9
0.0	13.0
0.0	13.100000000000001
0.0	13.200000000000001
0.0	13.3
0.0	13.4
0.0	13.5
0.0	13.600000000000001
0.0	13.700000000000001
0.0	13.8
0.0	13.9
0.0	14.0
0.0	14.100000000000001
0.0	14.200000000000001
0.0	14.3
0.0	14.4
0.0	14.5
0.0	14.600000000000001
0.0	14.700000000000001
0.0	14.8
0.0	14.9
0.0	15.0
0.0	15.100000000000001
