a = 7927.233312327318 м
b = 10097.529696974345 м
x0 = 4923.346263751989 м
vr = 1580.296846303571 м/с
A0 = 1.256176202105113 м
Xmax = 9752.86650560115 м
sigmaX = 4855.315761153504 м
sigmaY = 4759.786522203947 м
M0 = 2.3630810357489703e+20 Н*м - интегральное значение сейсмического момента
Mr_max = 4.766455339565766e+19 Н*м/с - максимальное значение функции источника
1-ый столбец - отнормированная функция источника
2-ой столбец - время
0.0	0.0
0.00038105357817904193	0.1
0.04841068665609937	0.2
0.09403742228284726	0.30000000000000004
0.14371431667393686	0.4
0.18831289917254102	0.5
0.23702309611097097	0.6000000000000001
0.2831632230632395	0.7000000000000001
0.3232788200094055	0.8
0.36825069513766767	0.9
0.41369596265727665	1.0
0.45330802854022517	1.1
0.48997031878137853	1.2000000000000002
0.5317311104169213	1.3
0.5666772999274874	1.4000000000000001
0.6065179946882748	1.5
0.6420921580415735	1.6
0.6790403197605315	1.7000000000000002
0.6994518231824609	1.8
0.7398173792165744	1.9000000000000001
0.7710048941941221	2.0
0.7976500418602054	2.1
0.826869061536005	2.2
0.8469630537608912	2.3000000000000003
0.8808629796873176	2.4000000000000004
0.8903477321285185	2.5
0.9121347529911242	2.6
0.9406278620913923	2.7
0.9521020741412901	2.8000000000000003
0.9606062029680273	2.9000000000000004
0.9783707111663984	3.0
1.0	3.1
0.9999567067367416	3.2
0.9819751269252417	3.3000000000000003
0.9910597990181346	3.4000000000000004
0.9719552272175064	3.5
0.9648213514041439	3.6
0.9751705051484972	3.7
0.9711298083094485	3.8000000000000003
0.9603895441744363	3.9000000000000004
0.9707899859517002	4.0
0.9494175811165527	4.1000000000000005
0.9435067582058853	4.2
0.9371744164388616	4.3
0.9350205853370357	4.4
0.9130421858333727	4.5
0.9049915142943833	4.6000000000000005
0.9073446013688682	4.7
0.8857616208759755	4.800000000000001
0.8705896604179938	4.9
0.8578632000735604	5.0
0.8496866049435733	5.1000000000000005
0.829851060516985	5.2
0.8044847905286375	5.300000000000001
0.7884703724102372	5.4
0.7740068703553161	5.5
0.7588028038958138	5.6000000000000005
0.7384756659507302	5.7
0.7223964783769335	5.800000000000001
0.6962805774029541	5.9
0.6825236890980044	6.0
0.6629412295042592	6.1000000000000005
0.6381743174704467	6.2
0.6139261033874501	6.300000000000001
0.5937674037997115	6.4
0.5734438438666701	6.5
0.5506714278563346	6.6000000000000005
0.5257139483304843	6.7
0.5031160019284816	6.800000000000001
0.47573359525483244	6.9
0.4496837576771923	7.0
0.18679990707771568	7.1000000000000005
0.0	7.2
0.0	7.300000000000001
0.0	7.4
0.0	7.5
0.0	7.6000000000000005
0.0	7.7
0.0	7.800000000000001
0.0	7.9
0.0	8.0
0.0	8.1
0.0	8.200000000000001
0.0	8.3
0.0	8.4
0.0	8.5
0.0	8.6
0.0	8.700000000000001
0.0	8.8
0.0	8.9
0.0	9.0
0.0	9.1
0.0	9.200000000000001
0.0	9.3
0.0	9.4
0.0	9.5
0.0	9.600000000000001
0.0	9.700000000000001
0.0	9.8
0.0	9.9
0.0	10.0
0.0	10.100000000000001
0.0	10.200000000000001
0.0	10.3
0.0	10.4
0.0	10.5
0.0	10.600000000000001
