a = 15771.944072844677 м
b = 13269.646742570152 м
x0 = 13495.424989054465 м
vr = 1901.6827992526678 м/с
A0 = 1.2676080602688493 м
Xmax = 16839.384251956828 м
sigmaX = 4711.810392124076 м
sigmaY = 4931.449024411451 м
M0 = 3.1639966334372794e+20 Н*м - интегральное значение сейсмического момента
Mr_max = 7.012323918299074e+19 Н*м/с - максимальное значение функции источника
1-ый столбец - отнормированная функция источника
2-ой столбец - время
0.0	0.0
0.0004011259956212653	0.1
0.060921528486787314	0.2
0.12207488167281666	0.30000000000000004
0.18081998411223232	0.4
0.23931387166501034	0.5
0.2975823113997505	0.6000000000000001
0.35302061288246467	0.7000000000000001
0.40737423283355123	0.8
0.4617604976320695	0.9
0.5112389318209585	1.0
0.5607827665864396	1.1
0.6092792234710194	1.2000000000000002
0.6512436177144209	1.3
0.6940810617623607	1.4000000000000001
0.7321036177456199	1.5
0.7712855769383775	1.6
0.8094226906255879	1.7000000000000002
0.8416944413516821	1.8
0.8619292229979024	1.9000000000000001
0.8878203330278056	2.0
0.9200669281209722	2.1
0.9355065735069293	2.2
0.946226649776516	2.3000000000000003
0.9600326868473931	2.4000000000000004
0.9806051545957503	2.5
0.9923001307378333	2.6
0.9982695604650255	2.7
0.9982643558389953	2.8000000000000003
1.0	2.9000000000000004
0.9983960153322171	3.0
0.9977965320232364	3.1
0.9942279024561586	3.2
0.9805555682994375	3.3000000000000003
0.9711225228166008	3.4000000000000004
0.9626824161217504	3.5
0.952125235974752	3.6
0.9282239256958384	3.7
0.9091702281866412	3.8000000000000003
0.8919114872704977	3.9000000000000004
0.8685854117200967	4.0
0.8423542641593419	4.1000000000000005
0.8238855005985074	4.2
0.793961556156221	4.3
0.7669690759900787	4.4
0.7467917747098469	4.5
0.7174379835152418	4.6000000000000005
0.6956594865764231	4.7
0.6628276161984802	4.800000000000001
0.6386139356194646	4.9
0.6190555100580759	5.0
0.5909352260983096	5.1000000000000005
0.5610808472863048	5.2
0.5366868344204837	5.300000000000001
0.5130885140747481	5.4
0.4860770461536684	5.5
0.45889903957646194	5.6000000000000005
0.4340445482488164	5.7
0.41129180692525397	5.800000000000001
0.3869963972210118	5.9
0.36479775435793327	6.0
0.3413166131032326	6.1000000000000005
0.32124799038670837	6.2
0.2988696996219337	6.300000000000001
0.2822314695643385	6.4
0.26224433157216825	6.5
0.24294990741552952	6.6000000000000005
0.2250506855059551	6.7
0.2112801072551219	6.800000000000001
0.18821441507819806	6.9
0.16793518642545263	7.0
0.15101382770217936	7.1000000000000005
0.13503193576650005	7.2
0.1231946998657119	7.300000000000001
0.1105855003407639	7.4
0.09896585518422216	7.5
0.08837280403364352	7.6000000000000005
0.07964549774242637	7.7
0.07060395205157476	7.800000000000001
0.06269842794299237	7.9
0.05539959751456094	8.0
0.048826411262716425	8.1
0.04290074369103678	8.200000000000001
0.03757280612621497	8.3
0.03270247016525874	8.4
0.028212635941496533	8.5
0.024316595014217315	8.6
0.020788152084980284	8.700000000000001
0.01758722359823205	8.8
0.014915929942475911	8.9
0.012347987170138762	9.0
0.010098522328770666	9.1
0.00811962018593795	9.200000000000001
0.006257435711275909	9.3
0.0045338850770127136	9.4
0.0028070872980938467	9.5
0.0	9.600000000000001
0.0	9.700000000000001
0.0	9.8
0.0	9.9
0.0	10.0
0.0	10.100000000000001
0.0	10.200000000000001
0.0	10.3
0.0	10.4
