a = 10989.037673433984 м
b = 9812.295626560373 м
x0 = 7426.562539596789 м
vr = 1748.0330786042623 м/с
A0 = 0.5450244939315512 м
Xmax = 13977.348596492613 м
sigmaX = 4887.662808388188 м
sigmaY = 4523.63496902146 м
M0 = 1.1018041886974602e+20 Н*м - интегральное значение сейсмического момента
Mr_max = 2.0960377739414827e+19 Н*м/с - максимальное значение функции источника
1-ый столбец - отнормированная функция источника
2-ой столбец - время
0.0	0.0
0.0002779716869394085	0.1
0.03891925426730937	0.2
0.0772378338843104	0.30000000000000004
0.11485179330812807	0.4
0.15280273118051757	0.5
0.19126478316735837	0.6000000000000001
0.2296195717467535	0.7000000000000001
0.2662013849450503	0.8
0.30010356535108107	0.9
0.33590330658015705	1.0
0.36893074870029463	1.1
0.408586362601148	1.2000000000000002
0.44410259726437973	1.3
0.4718793411996894	1.4000000000000001
0.5083859984054704	1.5
0.5431456717839783	1.6
0.5723538260446255	1.7000000000000002
0.6037649926268743	1.8
0.6346230471232513	1.9000000000000001
0.6631954625846355	2.0
0.6825197920809438	2.1
0.7221968004403914	2.2
0.7420133468014728	2.3000000000000003
0.7726371141956467	2.4000000000000004
0.7899007930393867	2.5
0.8143625448365869	2.6
0.8328132847102939	2.7
0.8526623853064418	2.8000000000000003
0.8760268723677676	2.9000000000000004
0.8953072738914167	3.0
0.9201142560341968	3.1
0.9201921132420408	3.2
0.9336424412786405	3.3000000000000003
0.9484520422581404	3.4000000000000004
0.963266787332144	3.5
0.9835469353767686	3.6
0.9866451147587982	3.7
0.9831194715433592	3.8000000000000003
0.9761507841037441	3.9000000000000004
0.9944245947801384	4.0
0.9881880739562703	4.1000000000000005
0.9983974801424894	4.2
1.0	4.3
0.9780473499498207	4.4
0.9756856521508172	4.5
0.968377709702147	4.6000000000000005
0.9619315214968824	4.7
0.9326177046069568	4.800000000000001
0.9331770549159234	4.9
0.9175980280309186	5.0
0.9116367194526573	5.1000000000000005
0.8975854051535702	5.2
0.8742492953419526	5.300000000000001
0.8651660786025313	5.4
0.8408788695985085	5.5
0.8312658856976273	5.6000000000000005
0.8068622611503855	5.7
0.7916679190425288	5.800000000000001
0.763320848569205	5.9
0.748998659848982	6.0
0.7152397884250333	6.1000000000000005
0.6861183933688025	6.2
0.6754782181394842	6.300000000000001
0.6422625363849092	6.4
0.6279264876037857	6.5
0.5896847789707359	6.6000000000000005
0.5737453872687187	6.7
0.5482349084181104	6.800000000000001
0.5205574794450601	6.9
0.49574936428884914	7.0
0.4668166918446425	7.1000000000000005
0.4449014971229316	7.2
0.4155763527045244	7.300000000000001
0.3923187009926636	7.4
0.3640483995679587	7.5
0.3344493643814747	7.6000000000000005
0.30711847160795835	7.7
0.28078330499507664	7.800000000000001
0.25171172734391556	7.9
0.2204262747937523	8.0
0.19062517997951897	8.1
0.15544917844583947	8.200000000000001
0.1140680082100606	8.3
0.050958390009920966	8.4
0.0	8.5
0.0	8.6
0.0	8.700000000000001
0.0	8.8
0.0	8.9
0.0	9.0
0.0	9.1
0.0	9.200000000000001
0.0	9.3
