a = 10323.897784239743 м
b = 9341.04360976342 м
x0 = 1423.5158509497476 м
vr = 2398.298903335778 м/с
A0 = 1.830314976507861 м
Xmax = 8494.447427191855 м
sigmaX = 4113.788128571625 м
sigmaY = 4086.359998213741 м
M0 = 3.043222917093035e+20 Н*м - интегральное значение сейсмического момента
Mr_max = 8.008757841062358e+19 Н*м/с - максимальное значение функции источника
1-ый столбец - отнормированная функция источника
2-ой столбец - время
0.0	0.0
0.00018779521231044918	0.1
0.03593613027003962	0.2
0.07217686448312408	0.30000000000000004
0.10778649488801072	0.4
0.1441238459194634	0.5
0.1810646386709043	0.6000000000000001
0.21385248120413183	0.7000000000000001
0.2332936951150533	0.8
0.26083945040344736	0.9
0.2919752748575291	1.0
0.32670771793302367	1.1
0.36477245307905243	1.2000000000000002
0.40183574320843907	1.3
0.43939591158084734	1.4000000000000001
0.4814587079228699	1.5
0.5224764199772598	1.6
0.5585071152261263	1.7000000000000002
0.6041578157542501	1.8
0.6428620404301365	1.9000000000000001
0.6782369028288979	2.0
0.7247055394939196	2.1
0.757808075155915	2.2
0.783898051593522	2.3000000000000003
0.826402176071415	2.4000000000000004
0.8647116414027539	2.5
0.8826131575170297	2.6
0.9122149674293459	2.7
0.9367784462600132	2.8000000000000003
0.9474191752540169	2.9000000000000004
0.9678241269897588	3.0
0.9774635465019788	3.1
0.9907313834187631	3.2
1.0	3.3000000000000003
0.9902386519687023	3.4000000000000004
0.9792157166917284	3.5
0.9776110123800729	3.6
0.9725794122010386	3.7
0.9497324921856727	3.8000000000000003
0.9287509803317543	3.9000000000000004
0.9120447737236425	4.0
0.8866450279169565	4.1000000000000005
0.8623798520987223	4.2
0.8269939283389794	4.3
0.7976101916879257	4.4
0.7653288946790731	4.5
0.7368486762546744	4.6000000000000005
0.6940648902810281	4.7
0.6624008786356577	4.800000000000001
0.6227511732207498	4.9
0.5913676656874293	5.0
0.5454845825297446	5.1000000000000005
0.508838918180101	5.2
0.4748129883800546	5.300000000000001
0.44086181095223376	5.4
0.40753815215807676	5.5
0.377355635659071	5.6000000000000005
0.34473531196181556	5.7
0.31508252447688384	5.800000000000001
0.2857701863011047	5.9
0.2598838955006567	6.0
0.231655705801163	6.1000000000000005
0.21018214858559575	6.2
0.18422340280451452	6.300000000000001
0.16590016536323182	6.4
0.14573522149513582	6.5
0.12971801605519145	6.6000000000000005
0.11397419844903806	6.7
0.09845573878072578	6.800000000000001
0.08523332405998539	6.9
0.07302616889819505	7.0
0.06296849088015341	7.1000000000000005
0.05326421910928001	7.2
0.04501050982065373	7.300000000000001
0.037225222138110116	7.4
0.030840426312311337	7.5
0.024792167033835334	7.6000000000000005
0.019660509734373485	7.7
0.015184142635156135	7.800000000000001
0.01101814329788207	7.9
0.007091067892458905	8.0
0.0023831551494066516	8.1
0.0	8.200000000000001
0.0	8.3
0.0	8.4
0.0	8.5
0.0	8.6
0.0	8.700000000000001
0.0	8.8
0.0	8.9
0.0	9.0
