a = 5544.272154987909 м
b = 7031.606912870989 м
x0 = 202.26696502533338 м
vr = 2082.2197424880633 м/с
A0 = 0.7559263174720467 м
Xmax = 6340.7638943159745 м
sigmaX = 4995.235507027786 м
sigmaY = 4634.762978530247 м
M0 = 1.0010838660225139e+20 Н*м - интегральное значение сейсмического момента
Mr_max = 2.805418799454156e+19 Н*м/с - максимальное значение функции источника
1-ый столбец - отнормированная функция источника
2-ой столбец - время
0.0	0.0
0.0003957970948599628	0.1
0.06006259827677682	0.2
0.08837535335406212	0.30000000000000004
0.12323892111395558	0.4
0.15947293400561277	0.5
0.19871144419286213	0.6000000000000001
0.23705271014805576	0.7000000000000001
0.2754307730976857	0.8
0.3167202710959643	0.9
0.35974709599072024	1.0
0.40089975515299703	1.1
0.4396665442172451	1.2000000000000002
0.48177643810596155	1.3
0.5173572238341873	1.4000000000000001
0.5591433137574572	1.5
0.6093245532270319	1.6
0.6420563516706668	1.7000000000000002
0.6680331616137665	1.8
0.7126712062219153	1.9000000000000001
0.7465855697892638	2.0
0.7761679553663855	2.1
0.8045482904433369	2.2
0.8354754547679432	2.3000000000000003
0.8623618245204014	2.4000000000000004
0.8863672151147239	2.5
0.9126809662077634	2.6
0.935112466101934	2.7
0.9483603228272096	2.8000000000000003
0.9658641340392664	2.9000000000000004
0.9775126302496362	3.0
0.9729211127917378	3.1
0.9987387745059755	3.2
0.997134756301152	3.3000000000000003
1.0	3.4000000000000004
0.9981205005256628	3.5
0.9950069929483617	3.6
0.9809971399868405	3.7
0.9528816466086747	3.8000000000000003
0.975650238262947	3.9000000000000004
0.9617265766162301	4.0
0.9393332288610224	4.1000000000000005
0.921853427301097	4.2
0.8825796354330733	4.3
0.8631837884019865	4.4
0.83846211202301	4.5
0.8055228686650265	4.6000000000000005
0.7739031694815074	4.7
0.7344079965586114	4.800000000000001
0.6879384530692578	4.9
0.6311546364581141	5.0
0.5607780612383872	5.1000000000000005
0.4601917592937406	5.2
0.2502764583646477	5.300000000000001
0.0	5.4
0.0	5.5
0.0	5.6000000000000005
0.0	5.7
0.0	5.800000000000001
0.0	5.9
0.0	6.0
0.0	6.1000000000000005
0.0	6.2
0.0	6.300000000000001
0.0	6.4
0.0	6.5
0.0	6.6000000000000005
0.0	6.7
0.0	6.800000000000001
0.0	6.9
0.0	7.0
0.0	7.1000000000000005
0.0	7.2
0.0	7.300000000000001
0.0	7.4
0.0	7.5
0.0	7.6000000000000005
