a = 16094.499870426469 м
b = 18946.567083557264 м
x0 = 15788.1893450546 м
vr = 1604.7021086736033 м/с
A0 = 1.787322921204182 м
Xmax = 15261.507544226159 м
sigmaX = 4641.459258146315 м
sigmaY = 4578.362195913242 м
M0 = 4.1526111058519746e+20 Н*м - интегральное значение сейсмического момента
Mr_max = 8.935574383254418e+19 Н*м/с - максимальное значение функции источника
1-ый столбец - отнормированная функция источника
2-ой столбец - время
0.0	0.0
0.0004783556908293371	0.1
0.06214568654090096	0.2
0.1221511324643414	0.30000000000000004
0.18220534650827064	0.4
0.24301540390566312	0.5
0.30012530506547236	0.6000000000000001
0.3557187520247731	0.7000000000000001
0.4100126453409353	0.8
0.46482696605122226	0.9
0.5143560968283538	1.0
0.5591787392516863	1.1
0.6159231269473744	1.2000000000000002
0.6560847718853139	1.3
0.6989984959466884	1.4000000000000001
0.732915053193106	1.5
0.7732399601937539	1.6
0.8143007410886872	1.7000000000000002
0.839885111055037	1.8
0.8698707324527435	1.9000000000000001
0.8962919287999087	2.0
0.9121213131430789	2.1
0.9418471151355257	2.2
0.9606065626560806	2.3000000000000003
0.9678326536862928	2.4000000000000004
0.9794463406708116	2.5
0.9868788504386046	2.6
1.0	2.7
0.994642172201406	2.8000000000000003
0.9993380319097007	2.9000000000000004
0.9972853514173037	3.0
0.9969506395233105	3.1
0.9894920053158381	3.2
0.9816956086761032	3.3000000000000003
0.966537340772176	3.4000000000000004
0.9615263843529769	3.5
0.9362011794939713	3.6
0.9252571820780112	3.7
0.9101679568424218	3.8000000000000003
0.8839658552934869	3.9000000000000004
0.868053917698086	4.0
0.8423240110871102	4.1000000000000005
0.8198425764966132	4.2
0.802946922332994	4.3
0.7729761805633495	4.4
0.7539932341545285	4.5
0.7245562763861635	4.6000000000000005
0.706942457017393	4.7
0.6816536919197091	4.800000000000001
0.6448904349063254	4.9
0.6236104946386432	5.0
0.6020438148786277	5.1000000000000005
0.5718727760118565	5.2
0.5463815401014818	5.300000000000001
0.5216601583901613	5.4
0.49743343657678657	5.5
0.47343342192185517	5.6000000000000005
0.4484604248558026	5.7
0.4261813893027298	5.800000000000001
0.4016044685684367	5.9
0.38216892215974263	6.0
0.36214074334944296	6.1000000000000005
0.3392361499135097	6.2
0.3218296573752083	6.300000000000001
0.3002658010955405	6.4
0.2816146911806622	6.5
0.26630995370173494	6.6000000000000005
0.24606875563531794	6.7
0.23119097151827345	6.800000000000001
0.2158249402269814	6.9
0.1994466224500484	7.0
0.18611273364940148	7.1000000000000005
0.17344739439163634	7.2
0.16023211352929986	7.300000000000001
0.1492954349245258	7.4
0.1373845217655139	7.5
0.12761441317265088	7.6000000000000005
0.11773574288050771	7.7
0.10786510380352561	7.800000000000001
0.09967798707188205	7.9
0.09137659468536372	8.0
0.08397441467461651	8.1
0.07698065850058793	8.200000000000001
0.07037462702952063	8.3
0.0642405541071796	8.4
0.05856313556261523	8.5
0.0535958324748944	8.6
0.0487419715904933	8.700000000000001
0.04413399643019086	8.8
0.04015004245298038	8.9
0.036342698978889997	9.0
0.03278578903528357	9.1
0.029704161871713368	9.200000000000001
0.026825812570704568	9.3
0.02425943566800842	9.4
0.021742650718984045	9.5
0.019570276683345492	9.600000000000001
0.01759876888639273	9.700000000000001
0.015742933486948982	9.8
0.014131402534897043	9.9
0.011281648751246676	10.0
0.009392355354803539	10.100000000000001
0.00792596814092843	10.200000000000001
0.006708813375784295	10.3
0.005277737426907731	10.4
0.004299842427964635	10.5
0.003503112243094139	10.600000000000001
0.0028863756717379093	10.700000000000001
0.002354069421087509	10.8
0.0019185594293197402	10.9
0.0015645430014567209	11.0
0.0012653908115368788	11.100000000000001
0.0010138751739472388	11.200000000000001
0.0008056943327815012	11.3
0.0006289036828886235	11.4
0.0004811178103224011	11.5
0.0003567845224998717	11.600000000000001
0.00025081366261941774	11.700000000000001
0.0001556593038665097	11.8
4.6136862234520185e-05	11.9
0.0	12.0
0.0	12.100000000000001
0.0	12.200000000000001
0.0	12.3
0.0	12.4
0.0	12.5
0.0	12.600000000000001
0.0	12.700000000000001
0.0	12.8
0.0	12.9
0.0	13.0
0.0	13.100000000000001
0.0	13.200000000000001
0.0	13.3
0.0	13.4
0.0	13.5
0.0	13.600000000000001
0.0	13.700000000000001
0.0	13.8
0.0	13.9
0.0	14.0
0.0	14.100000000000001
0.0	14.200000000000001
0.0	14.3
0.0	14.4
0.0	14.5
0.0	14.600000000000001
0.0	14.700000000000001
