a = 11541.115808662176 м
b = 13131.738247764948 м
x0 = 7555.289212484765 м
vr = 2385.746178276419 м/с
A0 = 0.9428806016672666 м
Xmax = 14181.474758341166 м
sigmaX = 4001.482154638565 м
sigmaY = 4370.059889552146 м
M0 = 1.67473746460363e+20 Н*м - интегральное значение сейсмического момента
Mr_max = 4.512788595924641e+19 Н*м/с - максимальное значение функции источника
1-ый столбец - отнормированная функция источника
2-ой столбец - время
0.0	0.0
0.00019016525987638423	0.1
0.036332975877483846	0.2
0.07265464169996487	0.30000000000000004
0.10797517155614507	0.4
0.14347727832009638	0.5
0.18183132478757624	0.6000000000000001
0.21950549105547215	0.7000000000000001
0.25728484112686834	0.8
0.2967910369083596	0.9
0.3335166825187262	1.0
0.3715462676114357	1.1
0.4148168986031283	1.2000000000000002
0.4553606299244964	1.3
0.492505641305179	1.4000000000000001
0.5383669215864795	1.5
0.5785743272974803	1.6
0.6118687156995315	1.7000000000000002
0.6501238836120594	1.8
0.6952988276474106	1.9000000000000001
0.7217884149005832	2.0
0.7652467894642853	2.1
0.7994735348177037	2.2
0.8391408645404577	2.3000000000000003
0.8602881096600334	2.4000000000000004
0.8909372376504355	2.5
0.9050672098717493	2.6
0.9268170576263213	2.7
0.9467188991083147	2.8000000000000003
0.9768444626337547	2.9000000000000004
0.9765292674207989	3.0
0.9849360305356116	3.1
1.0	3.2
0.9917765556733905	3.3000000000000003
0.9744601713132622	3.4000000000000004
0.9780065799016581	3.5
0.9605261310890056	3.6
0.9384091289244139	3.7
0.9300771756297143	3.8000000000000003
0.9085102509723699	3.9000000000000004
0.8845668877709983	4.0
0.8558776788600032	4.1000000000000005
0.828575443716151	4.2
0.7875421240089895	4.3
0.7593328925919223	4.4
0.7214854348070485	4.5
0.6933926831403701	4.6000000000000005
0.6598240031742663	4.7
0.6253246462995338	4.800000000000001
0.5755091621370657	4.9
0.546983648851287	5.0
0.5044850888007764	5.1000000000000005
0.47207646152405397	5.2
0.4345036506527117	5.300000000000001
0.40360840920973656	5.4
0.37163334008544857	5.5
0.3408008140862552	5.6000000000000005
0.31001223919967846	5.7
0.28088055157683006	5.800000000000001
0.25470937214687284	5.9
0.22714538441528007	6.0
0.20397453203619084	6.1000000000000005
0.18062084833551664	6.2
0.15888675985733444	6.300000000000001
0.1361300066031064	6.4
0.11117079267152961	6.5
0.04829374309515329	6.6000000000000005
0.0	6.7
0.0	6.800000000000001
0.0	6.9
0.0	7.0
0.0	7.1000000000000005
0.0	7.2
0.0	7.300000000000001
0.0	7.4
0.0	7.5
0.0	7.6000000000000005
0.0	7.7
0.0	7.800000000000001
0.0	7.9
0.0	8.0
0.0	8.1
0.0	8.200000000000001
0.0	8.3
0.0	8.4
0.0	8.5
0.0	8.6
0.0	8.700000000000001
0.0	8.8
