a = 16416.81767282931 м
b = 17668.022007299372 м
x0 = 11835.071949059316 м
vr = 1606.3191577759912 м/с
A0 = 1.623719857350948 м
Xmax = 15920.701969631871 м
sigmaX = 4372.566012230166 м
sigmaY = 4947.05520056475 м
M0 = 3.862071889628103e+20 Н*м - интегральное значение сейсмического момента
Mr_max = 7.025995859998039e+19 Н*м/с - максимальное значение функции источника
1-ый столбец - отнормированная функция источника
2-ой столбец - время
0.0	0.0
0.00036024691783860784	0.1
0.0471651496339012	0.2
0.09279527322844655	0.30000000000000004
0.13785214022072792	0.4
0.18415703224360866	0.5
0.22714419875455188	0.6000000000000001
0.2693140112950857	0.7000000000000001
0.31289639427490756	0.8
0.36008251289257537	0.9
0.4006627713610311	1.0
0.43997724146616596	1.1
0.4775920687236986	1.2000000000000002
0.5120891279470187	1.3
0.5571316381326767	1.4000000000000001
0.5963651469644246	1.5
0.6283563000478944	1.6
0.6640983951184982	1.7000000000000002
0.6956581374344605	1.8
0.7246802428913603	1.9000000000000001
0.760950803691029	2.0
0.7894806035676181	2.1
0.8047936999516495	2.2
0.830128563884735	2.3000000000000003
0.8511785189509697	2.4000000000000004
0.8698280517975119	2.5
0.9018402860758011	2.6
0.9181808269001238	2.7
0.9302377153511687	2.8000000000000003
0.9564071440757308	2.9000000000000004
0.955734564636655	3.0
0.958224624636309	3.1
0.97861021436458	3.2
0.9892671255549045	3.3000000000000003
0.9957971111742657	3.4000000000000004
0.9953895966865366	3.5
0.9958710634561335	3.6
1.0	3.7
0.9914787278860361	3.8000000000000003
0.9993060693445847	3.9000000000000004
0.9855132942216052	4.0
0.9910367134460777	4.1000000000000005
0.9724412839375143	4.2
0.9515594033767472	4.3
0.9569753068787337	4.4
0.9394804380183296	4.5
0.934316801641314	4.6000000000000005
0.9090534288670455	4.7
0.9042120095085783	4.800000000000001
0.8814284485866459	4.9
0.8584010513974215	5.0
0.8565083883780252	5.1000000000000005
0.8269733181472829	5.2
0.8067238541937042	5.300000000000001
0.7857983749761576	5.4
0.7602423593227657	5.5
0.7412856382415173	5.6000000000000005
0.725014338309734	5.7
0.7009294621204261	5.800000000000001
0.6717319961270354	5.9
0.6493280234054591	6.0
0.6192852444950255	6.1000000000000005
0.5991469363100468	6.2
0.5901085850697584	6.300000000000001
0.5585778250759419	6.4
0.535058103789295	6.5
0.5119349213586001	6.6000000000000005
0.4912892054199616	6.7
0.4629618025252138	6.800000000000001
0.4458183854356012	6.9
0.42581330604897005	7.0
0.40542485116124943	7.1000000000000005
0.38543183340797654	7.2
0.36538831146755524	7.300000000000001
0.3449840525391361	7.4
0.32525403467386055	7.5
0.30784828472074366	7.6000000000000005
0.2905325090348794	7.7
0.27202663397171545	7.800000000000001
0.2557063790146147	7.9
0.23811364552968672	8.0
0.22677732221522656	8.1
0.20961560397732032	8.200000000000001
0.1989232877129626	8.3
0.1847307232440045	8.4
0.17195897422805645	8.5
0.1618437829859088	8.6
0.15091050181045645	8.700000000000001
0.13990877813139002	8.8
0.1296470833673741	8.9
0.11989184593949273	9.0
0.11035676398334245	9.1
0.10216364685901552	9.200000000000001
0.09403276243391555	9.3
0.08654123154364268	9.4
0.08088359678468751	9.5
0.07301564681515532	9.600000000000001
0.06770037179311969	9.700000000000001
0.06204068386230571	9.8
0.056420611225506886	9.9
0.05203206716153382	10.0
0.04741072415043604	10.100000000000001
0.042442843593841595	10.200000000000001
0.03875587300432784	10.3
0.03546643337083171	10.4
0.031729610170243165	10.5
0.029107959584225147	10.600000000000001
0.026232134305109126	10.700000000000001
0.023711105791277727	10.8
0.021263555448903314	10.9
0.019178726713477867	11.0
0.017070151765300644	11.100000000000001
0.015256933625479698	11.200000000000001
0.013684650255236673	11.3
0.01212297914629506	11.4
0.010800460808248752	11.5
0.009541428905686256	11.600000000000001
0.008443254826125355	11.700000000000001
0.007321522694095785	11.8
0.006497417745545414	11.9
0.005727743097113098	12.0
0.00492385853990182	12.100000000000001
0.004291069269253628	12.200000000000001
0.003642101625647807	12.3
0.0031318941700461444	12.4
0.002638294461973778	12.5
0.0021810906138501176	12.600000000000001
0.0018037218996760133	12.700000000000001
0.001441628554385652	12.8
0.001101272766477858	12.9
0.0007931026608437125	13.0
0.0004690748144995207	13.100000000000001
0.0	13.200000000000001
0.0	13.3
0.0	13.4
0.0	13.5
0.0	13.600000000000001
0.0	13.700000000000001
0.0	13.8
0.0	13.9
0.0	14.0
0.0	14.100000000000001
0.0	14.200000000000001
0.0	14.3
0.0	14.4
0.0	14.5
0.0	14.600000000000001
0.0	14.700000000000001
0.0	14.8
0.0	14.9
0.0	15.0
0.0	15.100000000000001
0.0	15.200000000000001
0.0	15.3
0.0	15.4
0.0	15.5
0.0	15.600000000000001
