a = 16116.866617494692 м
b = 12613.479983983345 м
x0 = 14072.518002783141 м
vr = 2323.469042159493 м/с
A0 = 0.9321386827339427 м
Xmax = 14385.411239970308 м
sigmaX = 4380.353004662066 м
sigmaY = 4269.448477355138 м
M0 = 1.922931395182268e+20 Н*м - интегральное значение сейсмического момента
Mr_max = 6.445117777274618e+19 Н*м/с - максимальное значение функции источника
1-ый столбец - отнормированная функция источника
2-ой столбец - время
0.0	0.0
0.0005027908427824492	0.1
0.0933843269477278	0.2
0.18445713100904598	0.30000000000000004
0.2734625208835138	0.4
0.36112420820650015	0.5
0.4403627965220448	0.6000000000000001
0.5241351689784592	0.7000000000000001
0.5945447101632294	0.8
0.662904637641259	0.9
0.7255819816958342	1.0
0.7777769471319412	1.1
0.8324156126576174	1.2000000000000002
0.8779272152539831	1.3
0.9177105396354954	1.4000000000000001
0.9463658753371004	1.5
0.9648434455057184	1.6
0.9855930233712299	1.7000000000000002
0.9925790173844065	1.8
1.0	1.9000000000000001
0.9970262315108201	2.0
0.9837087608904488	2.1
0.9731276555125812	2.2
0.9473438174413152	2.3000000000000003
0.9247722158819554	2.4000000000000004
0.9085514334323309	2.5
0.8730549385513247	2.6
0.8319334705812306	2.7
0.8063940625726256	2.8000000000000003
0.7666026537946555	2.9000000000000004
0.734591519864452	3.0
0.6861941785851681	3.1
0.6540857575227762	3.2
0.6150964764410156	3.3000000000000003
0.5727771848330573	3.4000000000000004
0.5370647204109982	3.5
0.4976874419677454	3.6
0.4617570363853841	3.7
0.42305738449715224	3.8000000000000003
0.39537558694653874	3.9000000000000004
0.3589557984267897	4.0
0.3262815234894722	4.1000000000000005
0.293968650736451	4.2
0.26802968391477655	4.3
0.2408920208292331	4.4
0.2166965777656959	4.5
0.19471511837403666	4.6000000000000005
0.17473141123711888	4.7
0.15419603154195674	4.800000000000001
0.13815767994665928	4.9
0.12254478452137081	5.0
0.10708600538726941	5.1000000000000005
0.09437216724610636	5.2
0.08279124615548092	5.300000000000001
0.07236088581438001	5.4
0.0527055512344205	5.5
0.04097898472755578	5.6000000000000005
0.032821469918568595	5.7
0.026111306173030258	5.800000000000001
0.020524109379830065	5.9
0.01605174363601648	6.0
0.012162013735937768	6.1000000000000005
0.008567672867490645	6.2
0.006962442855956512	6.300000000000001
0.00576198717421041	6.4
0.004579912225257058	6.5
0.003692833364595727	6.6000000000000005
0.0029776230846200393	6.7
0.002379167504677494	6.800000000000001
0.0018686201149458945	6.9
0.0014736140212805548	7.0
0.001146890939773579	7.1000000000000005
0.0008907081087346509	7.2
0.0006776658883170312	7.300000000000001
0.0005117357144536665	7.4
0.0003786334901939289	7.5
0.0002691302810943333	7.6000000000000005
0.00018185068742060614	7.7
0.0001091096646781309	7.800000000000001
3.448569766119021e-05	7.9
0.0	8.0
0.0	8.1
0.0	8.200000000000001
0.0	8.3
0.0	8.4
0.0	8.5
0.0	8.6
0.0	8.700000000000001
0.0	8.8
