a = 16310.495145541303 м
b = 13398.92437764791 м
x0 = 2422.7581291931783 м
vr = 1722.5483094342671 м/с
A0 = 1.3644376641720302 м
Xmax = 20360.529179901925 м
sigmaX = 4103.396783728119 м
sigmaY = 4670.301187313188 м
M0 = 2.5698717268304688e+20 Н*м - интегральное значение сейсмического момента
Mr_max = 4.4354886744853225e+19 Н*м/с - максимальное значение функции источника
1-ый столбец - отнормированная функция источника
2-ой столбец - время
0.0	0.0
5.645873081695251e-08	0.1
7.93051164910649e-06	0.2
1.6088477260281136e-05	0.30000000000000004
2.4958506486973283e-05	0.4
3.50904727225913e-05	0.5
4.644815053234209e-05	0.6000000000000001
5.990371891702535e-05	0.7000000000000001
7.596197905995872e-05	0.8
9.506790236126654e-05	0.9
0.00011665566654463554	1.0
0.00014528185360876368	1.1
0.00017574404961110117	1.2000000000000002
0.00021431657471874445	1.3
0.0002617351056706135	1.4000000000000001
0.00031116468107196283	1.5
0.00037959901185095104	1.6
0.0004553878221675742	1.7000000000000002
0.0005426827208017784	1.8
0.0006480489150009632	1.9000000000000001
0.0007711474027526328	2.0
0.0009060441541494994	2.1
0.001083823130265711	2.2
0.0012715028507826911	2.3000000000000003
0.0014987669824787244	2.4000000000000004
0.0017668873912928076	2.5
0.0020537144786125457	2.6
0.002399021441120839	2.7
0.0027827212944356683	2.8000000000000003
0.003255816737378328	2.9000000000000004
0.003730310369876332	3.0
0.004311512266249117	3.1
0.005044446411744666	3.2
0.005806829550670474	3.3000000000000003
0.006733064169920701	3.4000000000000004
0.007638306905013209	3.5
0.008819376541940946	3.6
0.010054740637082534	3.7
0.011526398342382458	3.8000000000000003
0.013158703927937667	3.9000000000000004
0.014792942563209663	4.0
0.01672578047166472	4.1000000000000005
0.018766355067049698	4.2
0.021436941330420397	4.3
0.023994058652961732	4.4
0.026887909183414948	4.5
0.030443080539398204	4.6000000000000005
0.03396762293717595	4.7
0.038112349009478054	4.800000000000001
0.04249609298378609	4.9
0.047522269927199705	5.0
0.052280239672354324	5.1000000000000005
0.05859606750342618	5.2
0.06486689093172808	5.300000000000001
0.07167682456200712	5.4
0.07892811797543084	5.5
0.08648221841976628	5.6000000000000005
0.09404796301924473	5.7
0.1036151446262721	5.800000000000001
0.11318038897476954	5.9
0.12272382190367384	6.0
0.13484519296081776	6.1000000000000005
0.14731502003671185	6.2
0.15938918905507057	6.300000000000001
0.17249003993027945	6.4
0.18755825657089154	6.5
0.20146922752276478	6.6000000000000005
0.2187092715783415	6.7
0.2365440824662184	6.800000000000001
0.2546619004636977	6.9
0.2709139592034057	7.0
0.29154215167912617	7.1000000000000005
0.3122343433350581	7.2
0.3333299381712259	7.300000000000001
0.35067844277986976	7.4
0.3739429461842793	7.5
0.3985041736682523	7.6000000000000005
0.4214133928218603	7.7
0.4419430691572272	7.800000000000001
0.468850016243339	7.9
0.49046306702974285	8.0
0.5123020074219364	8.1
0.5403254030428597	8.200000000000001
0.5620950394803045	8.3
0.5927866687642559	8.4
0.6177916912787292	8.5
0.642052430831271	8.6
0.6645450224693766	8.700000000000001
0.6967903968134769	8.8
0.7207453716729799	8.9
0.7408556012146925	9.0
0.7691656976358872	9.1
0.7880975835830485	9.200000000000001
0.8188551645803288	9.3
0.8321364452355708	9.4
0.8530333334774872	9.5
0.8760656261200065	9.600000000000001
0.8941804054898511	9.700000000000001
0.9180956085949014	9.8
0.9250777347255961	9.9
0.936135469368177	10.0
0.9483121073032307	10.100000000000001
0.9682479129068441	10.200000000000001
0.9741661302530861	10.3
0.9783671152413038	10.4
0.9880663280920806	10.5
0.9893481545425478	10.600000000000001
0.9840361732160765	10.700000000000001
1.0	10.8
0.991464930802241	10.9
0.9873452731885437	11.0
0.9843886552950697	11.100000000000001
0.969501946615583	11.200000000000001
0.9645428394870108	11.3
0.9511339614496266	11.4
0.9412133114023262	11.5
0.927236639435638	11.600000000000001
0.9163781494553211	11.700000000000001
0.9056543696330004	11.8
0.8812888709294184	11.9
0.8650901168223651	12.0
0.8429580998657807	12.100000000000001
0.8300104010617743	12.200000000000001
0.8018430215533883	12.3
0.7854240658433749	12.4
0.7573799733352595	12.5
0.7348691429089629	12.600000000000001
0.7076575524120766	12.700000000000001
0.6856405441799825	12.8
0.6574180576303945	12.9
0.6355691495026784	13.0
0.6071956554011645	13.100000000000001
0.5837876923647447	13.200000000000001
0.5562150560264058	13.3
0.5295321097206813	13.4
0.503285798405293	13.5
0.47909988300027634	13.600000000000001
0.45466699461702964	13.700000000000001
0.43054670291416747	13.8
0.4067090434053865	13.9
0.3840666390018476	14.0
0.36162556742029645	14.100000000000001
0.3393751332029185	14.200000000000001
0.3204310868722622	14.3
0.2990827331692323	14.4
0.2772135913817804	14.5
0.25910395811828135	14.600000000000001
0.2416251508673231	14.700000000000001
0.22455537244905888	14.8
0.2076749684757641	14.9
0.1927901606530315	15.0
0.17644118700602482	15.100000000000001
0.1629402060172085	15.200000000000001
0.14937122084796303	15.3
0.13671869745877166	15.4
0.12469235563662469	15.5
0.11359358312540976	15.600000000000001
0.10349721624709958	15.700000000000001
0.09361147757986034	15.8
0.08433701760166487	15.9
0.07619127108934674	16.0
0.0682413687149472	16.1
0.06082877207842802	16.2
0.054542582646616995	16.3
0.048199255325748834	16.400000000000002
0.04249087970367584	16.5
0.037375569901666066	16.6
0.03248099063942685	16.7
0.028117494795262266	16.8
0.024103151494110023	16.900000000000002
0.02058852115510078	17.0
0.017216364054849942	17.1
0.014106540869387804	17.2
0.011256806216341278	17.3
0.008569155199780775	17.400000000000002
0.005875037166376445	17.5
0.0026417236900325917	17.6
0.0	17.7
0.0	17.8
0.0	17.900000000000002
0.0	18.0
0.0	18.1
0.0	18.2
0.0	18.3
0.0	18.400000000000002
0.0	18.5
