a = 4989.9788971443295 м
b = 6257.383618615285 м
x0 = 261.9793798332998 м
vr = 1656.5177126587862 м/с
A0 = 0.7402048274776352 м
Xmax = 3923.154504043542 м
sigmaX = 4393.254662232772 м
sigmaY = 4469.872808042602 м
M0 = 8.078470395737193e+19 Н*м - интегральное значение сейсмического момента
Mr_max = 2.048324138786619e+19 Н*м/с - максимальное значение функции источника
1-ый столбец - отнормированная функция источника
2-ой столбец - время
0.0	0.0
0.0006348658195409746	0.1
0.08504734354507452	0.2
0.1338622219731709	0.30000000000000004
0.16886193435774477	0.4
0.2127680793227272	0.5
0.2529002431945021	0.6000000000000001
0.2943683124699973	0.7000000000000001
0.3408884572736281	0.8
0.3889385452021607	0.9
0.4259609724324047	1.0
0.47416947811336424	1.1
0.5145741726483404	1.2000000000000002
0.5604201071039621	1.3
0.600392381326654	1.4000000000000001
0.6346094585563697	1.5
0.6771790491319323	1.6
0.7011680595916774	1.7000000000000002
0.7445058924360054	1.8
0.7773526306199128	1.9000000000000001
0.8081478563480331	2.0
0.8369971984612685	2.1
0.8649111443486304	2.2
0.8717254061656554	2.3000000000000003
0.9015297167641337	2.4000000000000004
0.9281742414104919	2.5
0.9588630152217037	2.6
0.9617278066652876	2.7
0.9612568664549241	2.8000000000000003
0.9634236719608545	2.9000000000000004
0.9659541354054942	3.0
0.9734442282381773	3.1
0.993988957541186	3.2
1.0	3.3000000000000003
0.9779153849909474	3.4000000000000004
0.9778461968777932	3.5
0.9758099986056304	3.6
0.9513342433933561	3.7
0.9419034918748893	3.8000000000000003
0.9336031463489152	3.9000000000000004
0.9130081157108493	4.0
0.8996411784615663	4.1000000000000005
0.872037088417116	4.2
0.8331992420851803	4.3
0.815491645631634	4.4
0.7976301101945413	4.5
0.7773279765793827	4.6000000000000005
0.7472124972596426	4.7
0.7224538238887579	4.800000000000001
0.6826326585274622	4.9
0.6577533796713695	5.0
0.6165967890424721	5.1000000000000005
0.5810361007168316	5.2
0.5442431312602116	5.300000000000001
0.5067712731803403	5.4
0.4584701522492797	5.5
0.41367344863955896	5.6000000000000005
0.36673849525022384	5.7
0.2959675528766548	5.800000000000001
0.2003705460972807	5.9
0.0	6.0
0.0	6.1000000000000005
0.0	6.2
0.0	6.300000000000001
0.0	6.4
0.0	6.5
0.0	6.6000000000000005
0.0	6.7
0.0	6.800000000000001
0.0	6.9
0.0	7.0
0.0	7.1000000000000005
0.0	7.2
0.0	7.300000000000001
0.0	7.4
0.0	7.5
0.0	7.6000000000000005
0.0	7.7
0.0	7.800000000000001
0.0	7.9
0.0	8.0
0.0	8.1
0.0	8.200000000000001
0.0	8.3
