a = 17634.76181768556 м
b = 11368.889660552983 м
x0 = 10504.26966563078 м
vr = 2390.7435934798946 м/с
A0 = 1.6477956318053857 м
Xmax = 12597.753254366524 м
sigmaX = 4201.563483833854 м
sigmaY = 4601.103299892793 м
M0 = 3.5002919029741034e+20 Н*м - интегральное значение сейсмического момента
Mr_max = 1.1373534268411227e+20 Н*м/с - максимальное значение функции источника
1-ый столбец - отнормированная функция источника
2-ой столбец - время
0.0	0.0
0.00045894378766823474	0.1
0.08712753287842309	0.2
0.17446345412320102	0.30000000000000004
0.2578956220589086	0.4
0.34178164427744356	0.5
0.4217596905198028	0.6000000000000001
0.49689582176456915	0.7000000000000001
0.5642650416427378	0.8
0.6343107870808519	0.9
0.6947645370850705	1.0
0.7508834325984601	1.1
0.803682801672079	1.2000000000000002
0.8499892063633102	1.3
0.888204566385982	1.4000000000000001
0.9255371485011404	1.5
0.9529316377607048	1.6
0.9722348553127502	1.7000000000000002
0.9886299598524149	1.8
0.9888225544441658	1.9000000000000001
1.0	2.0
0.9950297315774185	2.1
0.990759972431639	2.2
0.9769778157257357	2.3000000000000003
0.9591176378171089	2.4000000000000004
0.943878486817527	2.5
0.9210005660162304	2.6
0.8898774251251895	2.7
0.8627319489444388	2.8000000000000003
0.8312091284591357	2.9000000000000004
0.7970066711502513	3.0
0.7613179862295398	3.1
0.716118428184309	3.2
0.6819797729844324	3.3000000000000003
0.6446473434751684	3.4000000000000004
0.6073854257651373	3.5
0.5714062785834901	3.6
0.5324346835866935	3.7
0.4939739520763177	3.8000000000000003
0.4596477348670914	3.9000000000000004
0.42447130789432225	4.0
0.391200862148975	4.1000000000000005
0.33067797944337163	4.2
0.28420267704325836	4.3
0.24952915258654376	4.4
0.21701557732500368	4.5
0.19320630543887457	4.6000000000000005
0.17070585667965008	4.7
0.14840510516739738	4.800000000000001
0.13349250928553177	4.9
0.11489089958736487	5.0
0.10158650796658916	5.1000000000000005
0.08850562906746699	5.2
0.07505831818301154	5.300000000000001
0.0653833122599407	5.4
0.05647018057529523	5.5
0.04790542741166374	5.6000000000000005
0.04145970352984505	5.7
0.034749034377330554	5.800000000000001
0.029687829123889245	5.9
0.025194432797695163	6.0
0.021256604867320568	6.1000000000000005
0.017809610141856846	6.2
0.014734386980877786	6.300000000000001
0.012314841876741353	6.4
0.010249794536777148	6.5
0.008383073639629268	6.6000000000000005
0.0069236938653418215	6.7
0.00567329863392166	6.800000000000001
0.004642513147512766	6.9
0.003774889246754695	7.0
0.00309110448214217	7.1000000000000005
0.0024696344281121	7.2
0.0019984505284872146	7.300000000000001
0.0015994945786885542	7.4
0.001261824273696149	7.5
0.0010258466356640708	7.6000000000000005
0.0007973286090707313	7.7
0.000636640726616705	7.800000000000001
0.0004999396172260842	7.9
0.00039026075473210545	8.0
0.0003012246563918507	8.1
0.00023445288280624695	8.200000000000001
0.00018308392409409574	8.3
0.00014076502287236638	8.4
0.00010777187788859742	8.5
8.180991945847883e-05	8.6
6.186419096910501e-05	8.700000000000001
4.7207645581409224e-05	8.8
3.5415054057210814e-05	8.9
2.6297354120489038e-05	9.0
1.9608312490180904e-05	9.1
1.4491188657045197e-05	9.200000000000001
1.0637052668742482e-05	9.3
7.733330911017162e-06	9.4
5.622565407656315e-06	9.5
4.034683879824465e-06	9.600000000000001
2.8443817201219444e-06	9.700000000000001
1.996630443007277e-06	9.8
1.3807744746417667e-06	9.9
9.332506276412525e-07	10.0
6.169366585639915e-07	10.100000000000001
3.8875784627227945e-07	10.200000000000001
2.2588539520078619e-07	10.3
1.0257485432474877e-07	10.4
0.0	10.5
0.0	10.600000000000001
0.0	10.700000000000001
0.0	10.8
0.0	10.9
0.0	11.0
0.0	11.100000000000001
0.0	11.200000000000001
0.0	11.3
