dt: 0.01
Time[s]     Moment_Rate [Nm]
    0.00		0.0000e+00
    0.01		3.3894e+10
    0.02		1.6947e+11
    0.03		4.7450e+11
    0.04		1.0168e+12
    0.05		1.8640e+12
    0.06		3.0840e+12
    0.07		4.7444e+12
    0.08		6.9129e+12
    0.09		9.6572e+12
    0.10		1.3045e+13
    0.11		1.7144e+13
    0.12		2.2021e+13
    0.13		2.7744e+13
    0.14		3.4381e+13
    0.15		4.1998e+13
    0.16		5.0663e+13
    0.17		6.0444e+13
    0.18		7.1408e+13
    0.19		8.3621e+13
    0.20		9.7151e+13
    0.21		1.1206e+14
    0.22		1.2843e+14
    0.23		1.4631e+14
    0.24		1.6578e+14
    0.25		1.8689e+14
    0.26		2.0972e+14
    0.27		2.3434e+14
    0.28		2.6081e+14
    0.29		2.8919e+14
    0.30		3.1955e+14
    0.31		3.5197e+14
    0.32		3.8649e+14
    0.33		4.2320e+14
    0.34		4.6214e+14
    0.35		5.0340e+14
    0.36		5.4704e+14
    0.37		5.9312e+14
    0.38		6.4170e+14
    0.39		6.9285e+14
    0.40		7.4663e+14
    0.41		8.0312e+14
    0.42		8.6237e+14
    0.43		9.2445e+14
    0.44		9.8942e+14
    0.45		1.0573e+15
    0.46		1.1283e+15
    0.47		1.2023e+15
    0.48		1.2795e+15
    0.49		1.3599e+15
    0.50		1.4435e+15
    0.51		1.5305e+15
    0.52		1.6209e+15
    0.53		1.7147e+15
    0.54		1.8121e+15
    0.55		1.9130e+15
    0.56		2.0176e+15
    0.57		2.1259e+15
    0.58		2.2380e+15
    0.59		2.3539e+15
    0.60		2.4737e+15
    0.61		2.5974e+15
    0.62		2.7251e+15
    0.63		2.8569e+15
    0.64		2.9929e+15
    0.65		3.1330e+15
    0.66		3.2773e+15
    0.67		3.4260e+15
    0.68		3.5791e+15
    0.69		3.7365e+15
    0.70		3.8985e+15
    0.71		4.0649e+15
    0.72		4.2360e+15
    0.73		4.4117e+15
    0.74		4.5922e+15
    0.75		4.7774e+15
    0.76		4.9674e+15
    0.77		5.1623e+15
    0.78		5.3622e+15
    0.79		5.5670e+15
    0.80		5.7769e+15
    0.81		5.9919e+15
    0.82		6.2120e+15
    0.83		6.4373e+15
    0.84		6.6680e+15
    0.85		6.9039e+15
    0.86		7.1452e+15
    0.87		7.3919e+15
    0.88		7.6441e+15
    0.89		7.9018e+15
    0.90		8.1651e+15
    0.91		8.4340e+15
    0.92		8.7087e+15
    0.93		8.9890e+15
    0.94		9.2751e+15
    0.95		9.5671e+15
    0.96		9.8650e+15
    0.97		1.0169e+16
    0.98		1.0478e+16
    0.99		1.0794e+16
    1.00		1.1116e+16
    1.01		1.1444e+16
    1.02		1.1778e+16
    1.03		1.2119e+16
    1.04		1.2465e+16
    1.05		1.2818e+16
    1.06		1.3178e+16
    1.07		1.3543e+16
    1.08		1.3916e+16
    1.09		1.4294e+16
    1.10		1.4680e+16
    1.11		1.5071e+16
    1.12		1.5470e+16
    1.13		1.5875e+16
    1.14		1.6287e+16
    1.15		1.6705e+16
    1.16		1.7131e+16
    1.17		1.7563e+16
    1.18		1.8002e+16
    1.19		1.8448e+16
    1.20		1.8901e+16
    1.21		1.9363e+16
    1.22		1.9839e+16
    1.23		2.0333e+16
    1.24		2.0850e+16
    1.25		2.1393e+16
    1.26		2.1968e+16
    1.27		2.2579e+16
    1.28		2.3229e+16
    1.29		2.3924e+16
    1.30		2.4668e+16
    1.31		2.5464e+16
    1.32		2.6318e+16
    1.33		2.7233e+16
    1.34		2.8213e+16
    1.35		2.9263e+16
    1.36		3.0386e+16
    1.37		3.1587e+16
    1.38		3.2868e+16
    1.39		3.4235e+16
    1.40		3.5690e+16
    1.41		3.7238e+16
    1.42		3.8882e+16
    1.43		4.0624e+16
    1.44		4.2470e+16
    1.45		4.4422e+16
    1.46		4.6483e+16
    1.47		4.8656e+16
    1.48		5.0945e+16
    1.49		5.3352e+16
    1.50		5.5881e+16
    1.51		5.8533e+16
    1.52		6.1311e+16
    1.53		6.4219e+16
    1.54		6.7258e+16
    1.55		7.0430e+16
    1.56		7.3738e+16
    1.57		7.7184e+16
    1.58		8.0769e+16
    1.59		8.4496e+16
    1.60		8.8366e+16
    1.61		9.2380e+16
    1.62		9.6541e+16
    1.63		1.0085e+17
    1.64		1.0530e+17
    1.65		1.0991e+17
    1.66		1.1467e+17
    1.67		1.1957e+17
    1.68		1.2463e+17
    1.69		1.2984e+17
    1.70		1.3521e+17
    1.71		1.4073e+17
    1.72		1.4642e+17
    1.73		1.5228e+17
    1.74		1.5831e+17
    1.75		1.6451e+17
    1.76		1.7090e+17
    1.77		1.7747e+17
    1.78		1.8423e+17
    1.79		1.9118e+17
    1.80		1.9833e+17
    1.81		2.0567e+17
    1.82		2.1321e+17
    1.83		2.2096e+17
    1.84		2.2892e+17
    1.85		2.3708e+17
    1.86		2.4545e+17
    1.87		2.5404e+17
    1.88		2.6284e+17
    1.89		2.7186e+17
    1.90		2.8110e+17
    1.91		2.9056e+17
    1.92		3.0023e+17
    1.93		3.1013e+17
    1.94		3.2025e+17
    1.95		3.3060e+17
    1.96		3.4116e+17
    1.97		3.5195e+17
    1.98		3.6297e+17
    1.99		3.7420e+17
    2.00		3.8566e+17
    2.01		3.9735e+17
    2.02		4.0925e+17
    2.03		4.2138e+17
    2.04		4.3372e+17
    2.05		4.4628e+17
    2.06		4.5906e+17
    2.07		4.7206e+17
    2.08		4.8527e+17
    2.09		4.9869e+17
    2.10		5.1231e+17
    2.11		5.2615e+17
    2.12		5.4019e+17
    2.13		5.5443e+17
    2.14		5.6887e+17
    2.15		5.8351e+17
    2.16		5.9833e+17
    2.17		6.1335e+17
    2.18		6.2855e+17
    2.19		6.4394e+17
    2.20		6.5950e+17
    2.21		6.7524e+17
    2.22		6.9116e+17
    2.23		7.0724e+17
    2.24		7.2349e+17
    2.25		7.3990e+17
    2.26		7.5648e+17
    2.27		7.7321e+17
    2.28		7.9010e+17
    2.29		8.0713e+17
    2.30		8.2432e+17
    2.31		8.4165e+17
    2.32		8.5911e+17
    2.33		8.7672e+17
    2.34		8.9445e+17
    2.35		9.1232e+17
    2.36		9.3031e+17
    2.37		9.4841e+17
    2.38		9.6664e+17
    2.39		9.8497e+17
    2.40		1.0034e+18
    2.41		1.0219e+18
    2.42		1.0406e+18
    2.43		1.0593e+18
    2.44		1.0781e+18
    2.45		1.0970e+18
    2.46		1.1160e+18
    2.47		1.1351e+18
    2.48		1.1542e+18
    2.49		1.1734e+18
    2.50		1.1926e+18
    2.51		1.2119e+18
    2.52		1.2313e+18
    2.53		1.2506e+18
    2.54		1.2701e+18
    2.55		1.2895e+18
    2.56		1.3090e+18
    2.57		1.3285e+18
    2.58		1.3481e+18
    2.59		1.3676e+18
    2.60		1.3871e+18
    2.61		1.4067e+18
    2.62		1.4263e+18
    2.63		1.4458e+18
    2.64		1.4653e+18
    2.65		1.4849e+18
    2.66		1.5044e+18
    2.67		1.5238e+18
    2.68		1.5433e+18
    2.69		1.5627e+18
    2.70		1.5821e+18
    2.71		1.6015e+18
    2.72		1.6208e+18
    2.73		1.6402e+18
    2.74		1.6595e+18
    2.75		1.6788e+18
    2.76		1.6981e+18
    2.77		1.7174e+18
    2.78		1.7368e+18
    2.79		1.7561e+18
    2.80		1.7755e+18
    2.81		1.7948e+18
    2.82		1.8142e+18
    2.83		1.8337e+18
    2.84		1.8531e+18
    2.85		1.8726e+18
    2.86		1.8921e+18
    2.87		1.9117e+18
    2.88		1.9314e+18
    2.89		1.9511e+18
    2.90		1.9708e+18
    2.91		1.9906e+18
    2.92		2.0105e+18
    2.93		2.0304e+18
    2.94		2.0504e+18
    2.95		2.0705e+18
    2.96		2.0906e+18
    2.97		2.1107e+18
    2.98		2.1309e+18
    2.99		2.1512e+18
    3.00		2.1715e+18
    3.01		2.1919e+18
    3.02		2.2124e+18
    3.03		2.2329e+18
    3.04		2.2534e+18
    3.05		2.2740e+18
    3.06		2.2947e+18
    3.07		2.3154e+18
    3.08		2.3362e+18
    3.09		2.3570e+18
    3.10		2.3779e+18
    3.11		2.3989e+18
    3.12		2.4199e+18
    3.13		2.4409e+18
    3.14		2.4620e+18
    3.15		2.4832e+18
    3.16		2.5044e+18
    3.17		2.5257e+18
    3.18		2.5470e+18
    3.19		2.5683e+18
    3.20		2.5897e+18
    3.21		2.6112e+18
    3.22		2.6327e+18
    3.23		2.6543e+18
    3.24		2.6758e+18
    3.25		2.6975e+18
    3.26		2.7191e+18
    3.27		2.7408e+18
    3.28		2.7625e+18
    3.29		2.7842e+18
    3.30		2.8060e+18
    3.31		2.8277e+18
    3.32		2.8495e+18
    3.33		2.8713e+18
    3.34		2.8931e+18
    3.35		2.9149e+18
    3.36		2.9367e+18
    3.37		2.9585e+18
    3.38		2.9803e+18
    3.39		3.0021e+18
    3.40		3.0239e+18
    3.41		3.0456e+18
    3.42		3.0674e+18
    3.43		3.0891e+18
    3.44		3.1108e+18
    3.45		3.1325e+18
    3.46		3.1542e+18
    3.47		3.1759e+18
    3.48		3.1975e+18
    3.49		3.2191e+18
    3.50		3.2407e+18
    3.51		3.2623e+18
    3.52		3.2838e+18
    3.53		3.3053e+18
    3.54		3.3267e+18
    3.55		3.3482e+18
    3.56		3.3696e+18
    3.57		3.3909e+18
    3.58		3.4122e+18
    3.59		3.4335e+18
    3.60		3.4548e+18
    3.61		3.4760e+18
    3.62		3.4971e+18
    3.63		3.5183e+18
    3.64		3.5393e+18
    3.65		3.5603e+18
    3.66		3.5813e+18
    3.67		3.6022e+18
    3.68		3.6231e+18
    3.69		3.6439e+18
    3.70		3.6646e+18
    3.71		3.6853e+18
    3.72		3.7059e+18
    3.73		3.7264e+18
    3.74		3.7469e+18
    3.75		3.7672e+18
    3.76		3.7876e+18
    3.77		3.8078e+18
    3.78		3.8280e+18
    3.79		3.8480e+18
    3.80		3.8680e+18
    3.81		3.8879e+18
    3.82		3.9078e+18
    3.83		3.9275e+18
    3.84		3.9472e+18
    3.85		3.9667e+18
    3.86		3.9862e+18
    3.87		4.0056e+18
    3.88		4.0249e+18
    3.89		4.0441e+18
    3.90		4.0632e+18
    3.91		4.0822e+18
    3.92		4.1011e+18
    3.93		4.1198e+18
    3.94		4.1385e+18
    3.95		4.1569e+18
    3.96		4.1752e+18
    3.97		4.1934e+18
    3.98		4.2113e+18
    3.99		4.2291e+18
    4.00		4.2468e+18
    4.01		4.2642e+18
    4.02		4.2814e+18
    4.03		4.2984e+18
    4.04		4.3152e+18
    4.05		4.3318e+18
    4.06		4.3482e+18
    4.07		4.3643e+18
    4.08		4.3802e+18
    4.09		4.3959e+18
    4.10		4.4113e+18
    4.11		4.4265e+18
    4.12		4.4415e+18
    4.13		4.4561e+18
    4.14		4.4706e+18
    4.15		4.4847e+18
    4.16		4.4986e+18
    4.17		4.5122e+18
    4.18		4.5256e+18
    4.19		4.5386e+18
    4.20		4.5514e+18
    4.21		4.5639e+18
    4.22		4.5762e+18
    4.23		4.5881e+18
    4.24		4.5998e+18
    4.25		4.6111e+18
    4.26		4.6222e+18
    4.27		4.6330e+18
    4.28		4.6435e+18
    4.29		4.6537e+18
    4.30		4.6636e+18
    4.31		4.6732e+18
    4.32		4.6825e+18
    4.33		4.6915e+18
    4.34		4.7003e+18
    4.35		4.7087e+18
    4.36		4.7169e+18
    4.37		4.7247e+18
    4.38		4.7323e+18
    4.39		4.7396e+18
    4.40		4.7466e+18
    4.41		4.7534e+18
    4.42		4.7598e+18
    4.43		4.7660e+18
    4.44		4.7719e+18
    4.45		4.7776e+18
    4.46		4.7830e+18
    4.47		4.7881e+18
    4.48		4.7930e+18
    4.49		4.7976e+18
    4.50		4.8020e+18
    4.51		4.8061e+18
    4.52		4.8100e+18
    4.53		4.8137e+18
    4.54		4.8171e+18
    4.55		4.8203e+18
    4.56		4.8233e+18
    4.57		4.8261e+18
    4.58		4.8287e+18
    4.59		4.8311e+18
    4.60		4.8334e+18
    4.61		4.8354e+18
    4.62		4.8373e+18
    4.63		4.8390e+18
    4.64		4.8406e+18
    4.65		4.8420e+18
    4.66		4.8432e+18
    4.67		4.8443e+18
    4.68		4.8453e+18
    4.69		4.8461e+18
    4.70		4.8468e+18
    4.71		4.8474e+18
    4.72		4.8478e+18
    4.73		4.8481e+18
    4.74		4.8483e+18
    4.75		4.8484e+18
    4.76		4.8483e+18
    4.77		4.8481e+18
    4.78		4.8477e+18
    4.79		4.8473e+18
    4.80		4.8467e+18
    4.81		4.8460e+18
    4.82		4.8452e+18
    4.83		4.8442e+18
    4.84		4.8431e+18
    4.85		4.8420e+18
    4.86		4.8406e+18
    4.87		4.8392e+18
    4.88		4.8376e+18
    4.89		4.8359e+18
    4.90		4.8341e+18
    4.91		4.8322e+18
    4.92		4.8301e+18
    4.93		4.8279e+18
    4.94		4.8256e+18
    4.95		4.8232e+18
    4.96		4.8207e+18
    4.97		4.8181e+18
    4.98		4.8153e+18
    4.99		4.8125e+18
    5.00		4.8096e+18
    5.01		4.8066e+18
    5.02		4.8035e+18
    5.03		4.8003e+18
    5.04		4.7970e+18
    5.05		4.7937e+18
    5.06		4.7903e+18
    5.07		4.7869e+18
    5.08		4.7834e+18
    5.09		4.7799e+18
    5.10		4.7763e+18
    5.11		4.7728e+18
    5.12		4.7691e+18
    5.13		4.7655e+18
    5.14		4.7618e+18
    5.15		4.7582e+18
    5.16		4.7545e+18
    5.17		4.7508e+18
    5.18		4.7472e+18
    5.19		4.7435e+18
    5.20		4.7399e+18
    5.21		4.7363e+18
    5.22		4.7328e+18
    5.23		4.7293e+18
    5.24		4.7258e+18
    5.25		4.7225e+18
    5.26		4.7191e+18
    5.27		4.7158e+18
    5.28		4.7126e+18
    5.29		4.7095e+18
    5.30		4.7064e+18
    5.31		4.7035e+18
    5.32		4.7006e+18
    5.33		4.6978e+18
    5.34		4.6951e+18
    5.35		4.6925e+18
    5.36		4.6900e+18
    5.37		4.6877e+18
    5.38		4.6854e+18
    5.39		4.6833e+18
    5.40		4.6813e+18
    5.41		4.6794e+18
    5.42		4.6776e+18
    5.43		4.6760e+18
    5.44		4.6745e+18
    5.45		4.6731e+18
    5.46		4.6719e+18
    5.47		4.6708e+18
    5.48		4.6698e+18
    5.49		4.6689e+18
    5.50		4.6682e+18
    5.51		4.6677e+18
    5.52		4.6672e+18
    5.53		4.6669e+18
    5.54		4.6668e+18
    5.55		4.6668e+18
    5.56		4.6669e+18
    5.57		4.6672e+18
    5.58		4.6676e+18
    5.59		4.6682e+18
    5.60		4.6689e+18
    5.61		4.6698e+18
    5.62		4.6708e+18
    5.63		4.6719e+18
    5.64		4.6732e+18
    5.65		4.6747e+18
    5.66		4.6763e+18
    5.67		4.6781e+18
    5.68		4.6800e+18
    5.69		4.6820e+18
    5.70		4.6843e+18
    5.71		4.6866e+18
    5.72		4.6891e+18
    5.73		4.6918e+18
    5.74		4.6946e+18
    5.75		4.6975e+18
    5.76		4.7005e+18
    5.77		4.7037e+18
    5.78		4.7070e+18
    5.79		4.7104e+18
    5.80		4.7139e+18
    5.81		4.7175e+18
    5.82		4.7212e+18
    5.83		4.7250e+18
    5.84		4.7289e+18
    5.85		4.7329e+18
    5.86		4.7370e+18
    5.87		4.7412e+18
    5.88		4.7454e+18
    5.89		4.7497e+18
    5.90		4.7541e+18
    5.91		4.7586e+18
    5.92		4.7631e+18
    5.93		4.7677e+18
    5.94		4.7724e+18
    5.95		4.7771e+18
    5.96		4.7820e+18
    5.97		4.7869e+18
    5.98		4.7919e+18
    5.99		4.7970e+18
    6.00		4.8021e+18
    6.01		4.8074e+18
    6.02		4.8127e+18
    6.03		4.8182e+18
    6.04		4.8237e+18
    6.05		4.8293e+18
    6.06		4.8350e+18
    6.07		4.8408e+18
    6.08		4.8467e+18
    6.09		4.8527e+18
    6.10		4.8588e+18
    6.11		4.8649e+18
    6.12		4.8712e+18
    6.13		4.8776e+18
    6.14		4.8840e+18
    6.15		4.8906e+18
    6.16		4.8972e+18
    6.17		4.9039e+18
    6.18		4.9107e+18
    6.19		4.9176e+18
    6.20		4.9245e+18
    6.21		4.9315e+18
    6.22		4.9386e+18
    6.23		4.9457e+18
    6.24		4.9529e+18
    6.25		4.9601e+18
    6.26		4.9674e+18
    6.27		4.9747e+18
    6.28		4.9820e+18
    6.29		4.9893e+18
    6.30		4.9967e+18
    6.31		5.0040e+18
    6.32		5.0114e+18
    6.33		5.0188e+18
    6.34		5.0261e+18
    6.35		5.0335e+18
    6.36		5.0408e+18
    6.37		5.0481e+18
    6.38		5.0553e+18
    6.39		5.0625e+18
    6.40		5.0697e+18
    6.41		5.0768e+18
    6.42		5.0838e+18
    6.43		5.0907e+18
    6.44		5.0975e+18
    6.45		5.1042e+18
    6.46		5.1109e+18
    6.47		5.1174e+18
    6.48		5.1238e+18
    6.49		5.1300e+18
    6.50		5.1362e+18
    6.51		5.1422e+18
    6.52		5.1480e+18
    6.53		5.1537e+18
    6.54		5.1592e+18
    6.55		5.1645e+18
    6.56		5.1697e+18
    6.57		5.1746e+18
    6.58		5.1794e+18
    6.59		5.1840e+18
    6.60		5.1883e+18
    6.61		5.1924e+18
    6.62		5.1963e+18
    6.63		5.1999e+18
    6.64		5.2033e+18
    6.65		5.2065e+18
    6.66		5.2094e+18
    6.67		5.2121e+18
    6.68		5.2145e+18
    6.69		5.2166e+18
    6.70		5.2185e+18
    6.71		5.2201e+18
    6.72		5.2214e+18
    6.73		5.2224e+18
    6.74		5.2232e+18
    6.75		5.2237e+18
    6.76		5.2238e+18
    6.77		5.2237e+18
    6.78		5.2232e+18
    6.79		5.2224e+18
    6.80		5.2214e+18
    6.81		5.2200e+18
    6.82		5.2182e+18
    6.83		5.2162e+18
    6.84		5.2138e+18
    6.85		5.2111e+18
    6.86		5.2081e+18
    6.87		5.2047e+18
    6.88		5.2010e+18
    6.89		5.1970e+18
    6.90		5.1926e+18
    6.91		5.1880e+18
    6.92		5.1830e+18
    6.93		5.1777e+18
    6.94		5.1720e+18
    6.95		5.1661e+18
    6.96		5.1599e+18
    6.97		5.1534e+18
    6.98		5.1465e+18
    6.99		5.1394e+18
    7.00		5.1320e+18
    7.01		5.1243e+18
    7.02		5.1163e+18
    7.03		5.1080e+18
    7.04		5.0995e+18
    7.05		5.0906e+18
    7.06		5.0815e+18
    7.07		5.0722e+18
    7.08		5.0626e+18
    7.09		5.0527e+18
    7.10		5.0426e+18
    7.11		5.0323e+18
    7.12		5.0218e+18
    7.13		5.0110e+18
    7.14		5.0000e+18
    7.15		4.9888e+18
    7.16		4.9774e+18
    7.17		4.9658e+18
    7.18		4.9539e+18
    7.19		4.9420e+18
    7.20		4.9298e+18
    7.21		4.9174e+18
    7.22		4.9049e+18
    7.23		4.8922e+18
    7.24		4.8793e+18
    7.25		4.8662e+18
    7.26		4.8531e+18
    7.27		4.8397e+18
    7.28		4.8262e+18
    7.29		4.8126e+18
    7.30		4.7989e+18
    7.31		4.7850e+18
    7.32		4.7710e+18
    7.33		4.7569e+18
    7.34		4.7427e+18
    7.35		4.7284e+18
    7.36		4.7139e+18
    7.37		4.6994e+18
    7.38		4.6848e+18
    7.39		4.6702e+18
    7.40		4.6554e+18
    7.41		4.6406e+18
    7.42		4.6257e+18
    7.43		4.6108e+18
    7.44		4.5958e+18
    7.45		4.5808e+18
    7.46		4.5657e+18
    7.47		4.5506e+18
    7.48		4.5355e+18
    7.49		4.5203e+18
    7.50		4.5051e+18
    7.51		4.4900e+18
    7.52		4.4748e+18
    7.53		4.4596e+18
    7.54		4.4444e+18
    7.55		4.4292e+18
    7.56		4.4140e+18
    7.57		4.3989e+18
    7.58		4.3837e+18
    7.59		4.3686e+18
    7.60		4.3536e+18
    7.61		4.3385e+18
    7.62		4.3235e+18
    7.63		4.3085e+18
    7.64		4.2936e+18
    7.65		4.2787e+18
    7.66		4.2639e+18
    7.67		4.2492e+18
    7.68		4.2344e+18
    7.69		4.2198e+18
    7.70		4.2052e+18
    7.71		4.1907e+18
    7.72		4.1763e+18
    7.73		4.1619e+18
    7.74		4.1477e+18
    7.75		4.1335e+18
    7.76		4.1194e+18
    7.77		4.1054e+18
    7.78		4.0914e+18
    7.79		4.0776e+18
    7.80		4.0639e+18
    7.81		4.0503e+18
    7.82		4.0368e+18
    7.83		4.0234e+18
    7.84		4.0101e+18
    7.85		3.9970e+18
    7.86		3.9840e+18
    7.87		3.9710e+18
    7.88		3.9583e+18
    7.89		3.9456e+18
    7.90		3.9331e+18
    7.91		3.9207e+18
    7.92		3.9085e+18
    7.93		3.8964e+18
    7.94		3.8845e+18
    7.95		3.8727e+18
    7.96		3.8610e+18
    7.97		3.8496e+18
    7.98		3.8383e+18
    7.99		3.8271e+18
    8.00		3.8161e+18
    8.01		3.8053e+18
    8.02		3.7946e+18
    8.03		3.7841e+18
    8.04		3.7738e+18
    8.05		3.7636e+18
    8.06		3.7536e+18
    8.07		3.7438e+18
    8.08		3.7342e+18
    8.09		3.7247e+18
    8.10		3.7154e+18
    8.11		3.7063e+18
    8.12		3.6973e+18
    8.13		3.6885e+18
    8.14		3.6799e+18
    8.15		3.6715e+18
    8.16		3.6632e+18
    8.17		3.6551e+18
    8.18		3.6472e+18
    8.19		3.6394e+18
    8.20		3.6318e+18
    8.21		3.6244e+18
    8.22		3.6172e+18
    8.23		3.6101e+18
    8.24		3.6032e+18
    8.25		3.5964e+18
    8.26		3.5898e+18
    8.27		3.5834e+18
    8.28		3.5771e+18
    8.29		3.5710e+18
    8.30		3.5651e+18
    8.31		3.5593e+18
    8.32		3.5536e+18
    8.33		3.5481e+18
    8.34		3.5427e+18
    8.35		3.5375e+18
    8.36		3.5324e+18
    8.37		3.5274e+18
    8.38		3.5226e+18
    8.39		3.5179e+18
    8.40		3.5133e+18
    8.41		3.5088e+18
    8.42		3.5045e+18
    8.43		3.5002e+18
    8.44		3.4961e+18
    8.45		3.4921e+18
    8.46		3.4882e+18
    8.47		3.4844e+18
    8.48		3.4807e+18
    8.49		3.4771e+18
    8.50		3.4736e+18
    8.51		3.4701e+18
    8.52		3.4668e+18
    8.53		3.4635e+18
    8.54		3.4603e+18
    8.55		3.4572e+18
    8.56		3.4542e+18
    8.57		3.4512e+18
    8.58		3.4483e+18
    8.59		3.4454e+18
    8.60		3.4427e+18
    8.61		3.4399e+18
    8.62		3.4372e+18
    8.63		3.4346e+18
    8.64		3.4320e+18
    8.65		3.4294e+18
    8.66		3.4269e+18
    8.67		3.4244e+18
    8.68		3.4220e+18
    8.69		3.4195e+18
    8.70		3.4171e+18
    8.71		3.4147e+18
    8.72		3.4124e+18
    8.73		3.4100e+18
    8.74		3.4077e+18
    8.75		3.4053e+18
    8.76		3.4030e+18
    8.77		3.4007e+18
    8.78		3.3984e+18
    8.79		3.3961e+18
    8.80		3.3938e+18
    8.81		3.3915e+18
    8.82		3.3893e+18
    8.83		3.3870e+18
    8.84		3.3847e+18
    8.85		3.3824e+18
    8.86		3.3801e+18
    8.87		3.3778e+18
    8.88		3.3755e+18
    8.89		3.3732e+18
    8.90		3.3709e+18
    8.91		3.3686e+18
    8.92		3.3662e+18
    8.93		3.3639e+18
    8.94		3.3615e+18
    8.95		3.3591e+18
    8.96		3.3567e+18
    8.97		3.3543e+18
    8.98		3.3519e+18
    8.99		3.3494e+18
    9.00		3.3470e+18
    9.01		3.3445e+18
    9.02		3.3420e+18
    9.03		3.3395e+18
    9.04		3.3369e+18
    9.05		3.3344e+18
    9.06		3.3318e+18
    9.07		3.3292e+18
    9.08		3.3265e+18
    9.09		3.3239e+18
    9.10		3.3212e+18
    9.11		3.3184e+18
    9.12		3.3157e+18
    9.13		3.3129e+18
    9.14		3.3101e+18
    9.15		3.3072e+18
    9.16		3.3043e+18
    9.17		3.3014e+18
    9.18		3.2984e+18
    9.19		3.2954e+18
    9.20		3.2923e+18
    9.21		3.2892e+18
    9.22		3.2861e+18
    9.23		3.2829e+18
    9.24		3.2797e+18
    9.25		3.2764e+18
    9.26		3.2731e+18
    9.27		3.2698e+18
    9.28		3.2664e+18
    9.29		3.2629e+18
    9.30		3.2594e+18
    9.31		3.2559e+18
    9.32		3.2523e+18
    9.33		3.2487e+18
    9.34		3.2451e+18
    9.35		3.2413e+18
    9.36		3.2376e+18
    9.37		3.2338e+18
    9.38		3.2299e+18
    9.39		3.2260e+18
    9.40		3.2220e+18
    9.41		3.2180e+18
    9.42		3.2139e+18
    9.43		3.2098e+18
    9.44		3.2056e+18
    9.45		3.2014e+18
    9.46		3.1971e+18
    9.47		3.1927e+18
    9.48		3.1883e+18
    9.49		3.1838e+18
    9.50		3.1793e+18
    9.51		3.1747e+18
    9.52		3.1700e+18
    9.53		3.1653e+18
    9.54		3.1605e+18
    9.55		3.1557e+18
    9.56		3.1508e+18
    9.57		3.1458e+18
    9.58		3.1408e+18
    9.59		3.1357e+18
    9.60		3.1305e+18
    9.61		3.1253e+18
    9.62		3.1200e+18
    9.63		3.1146e+18
    9.64		3.1092e+18
    9.65		3.1037e+18
    9.66		3.0981e+18
    9.67		3.0925e+18
    9.68		3.0868e+18
    9.69		3.0810e+18
    9.70		3.0751e+18
    9.71		3.0692e+18
    9.72		3.0632e+18
    9.73		3.0572e+18
    9.74		3.0510e+18
    9.75		3.0448e+18
    9.76		3.0385e+18
    9.77		3.0322e+18
    9.78		3.0257e+18
    9.79		3.0192e+18
    9.80		3.0127e+18
    9.81		3.0060e+18
    9.82		2.9993e+18
    9.83		2.9924e+18
    9.84		2.9856e+18
    9.85		2.9786e+18
    9.86		2.9715e+18
    9.87		2.9644e+18
    9.88		2.9572e+18
    9.89		2.9498e+18
    9.90		2.9425e+18
    9.91		2.9350e+18
    9.92		2.9274e+18
    9.93		2.9198e+18
    9.94		2.9120e+18
    9.95		2.9042e+18
    9.96		2.8963e+18
    9.97		2.8883e+18
    9.98		2.8802e+18
    9.99		2.8720e+18
   10.00		2.8638e+18
   10.01		2.8554e+18
   10.02		2.8470e+18
   10.03		2.8384e+18
   10.04		2.8298e+18
   10.05		2.8211e+18
   10.06		2.8123e+18
   10.07		2.8035e+18
   10.08		2.7945e+18
   10.09		2.7855e+18
   10.10		2.7763e+18
   10.11		2.7671e+18
   10.12		2.7578e+18
   10.13		2.7484e+18
   10.14		2.7389e+18
   10.15		2.7294e+18
   10.16		2.7197e+18
   10.17		2.7100e+18
   10.18		2.7002e+18
   10.19		2.6904e+18
   10.20		2.6804e+18
   10.21		2.6704e+18
   10.22		2.6603e+18
   10.23		2.6502e+18
   10.24		2.6400e+18
   10.25		2.6297e+18
   10.26		2.6193e+18
   10.27		2.6089e+18
   10.28		2.5984e+18
   10.29		2.5878e+18
   10.30		2.5772e+18
   10.31		2.5666e+18
   10.32		2.5558e+18
   10.33		2.5451e+18
   10.34		2.5342e+18
   10.35		2.5234e+18
   10.36		2.5124e+18
   10.37		2.5015e+18
   10.38		2.4904e+18
   10.39		2.4794e+18
   10.40		2.4682e+18
   10.41		2.4571e+18
   10.42		2.4459e+18
   10.43		2.4346e+18
   10.44		2.4234e+18
   10.45		2.4120e+18
   10.46		2.4007e+18
   10.47		2.3893e+18
   10.48		2.3779e+18
   10.49		2.3664e+18
   10.50		2.3549e+18
   10.51		2.3434e+18
   10.52		2.3319e+18
   10.53		2.3203e+18
   10.54		2.3088e+18
   10.55		2.2971e+18
   10.56		2.2855e+18
   10.57		2.2739e+18
   10.58		2.2622e+18
   10.59		2.2505e+18
   10.60		2.2388e+18
   10.61		2.2271e+18
   10.62		2.2154e+18
   10.63		2.2036e+18
   10.64		2.1919e+18
   10.65		2.1801e+18
   10.66		2.1684e+18
   10.67		2.1566e+18
   10.68		2.1448e+18
   10.69		2.1330e+18
   10.70		2.1212e+18
   10.71		2.1094e+18
   10.72		2.0976e+18
   10.73		2.0858e+18
   10.74		2.0740e+18
   10.75		2.0622e+18
   10.76		2.0504e+18
   10.77		2.0385e+18
   10.78		2.0267e+18
   10.79		2.0149e+18
   10.80		2.0031e+18
   10.81		1.9913e+18
   10.82		1.9795e+18
   10.83		1.9677e+18
   10.84		1.9559e+18
   10.85		1.9441e+18
   10.86		1.9323e+18
   10.87		1.9205e+18
   10.88		1.9088e+18
   10.89		1.8970e+18
   10.90		1.8852e+18
   10.91		1.8734e+18
   10.92		1.8616e+18
   10.93		1.8499e+18
   10.94		1.8381e+18
   10.95		1.8264e+18
   10.96		1.8146e+18
   10.97		1.8028e+18
   10.98		1.7911e+18
   10.99		1.7794e+18
   11.00		1.7676e+18
   11.01		1.7559e+18
   11.02		1.7442e+18
   11.03		1.7325e+18
   11.04		1.7208e+18
   11.05		1.7091e+18
   11.06		1.6975e+18
   11.07		1.6858e+18
   11.08		1.6742e+18
   11.09		1.6626e+18
   11.10		1.6510e+18
   11.11		1.6394e+18
   11.12		1.6279e+18
   11.13		1.6163e+18
   11.14		1.6048e+18
   11.15		1.5933e+18
   11.16		1.5819e+18
   11.17		1.5704e+18
   11.18		1.5590e+18
   11.19		1.5476e+18
   11.20		1.5363e+18
   11.21		1.5249e+18
   11.22		1.5136e+18
   11.23		1.5024e+18
   11.24		1.4911e+18
   11.25		1.4799e+18
   11.26		1.4687e+18
   11.27		1.4576e+18
   11.28		1.4465e+18
   11.29		1.4354e+18
   11.30		1.4244e+18
   11.31		1.4134e+18
   11.32		1.4024e+18
   11.33		1.3915e+18
   11.34		1.3806e+18
   11.35		1.3697e+18
   11.36		1.3589e+18
   11.37		1.3481e+18
   11.38		1.3374e+18
   11.39		1.3267e+18
   11.40		1.3161e+18
   11.41		1.3054e+18
   11.42		1.2949e+18
   11.43		1.2843e+18
   11.44		1.2738e+18
   11.45		1.2634e+18
   11.46		1.2530e+18
   11.47		1.2426e+18
   11.48		1.2323e+18
   11.49		1.2220e+18
   11.50		1.2117e+18
   11.51		1.2015e+18
   11.52		1.1914e+18
   11.53		1.1813e+18
   11.54		1.1712e+18
   11.55		1.1612e+18
   11.56		1.1512e+18
   11.57		1.1412e+18
   11.58		1.1314e+18
   11.59		1.1215e+18
   11.60		1.1117e+18
   11.61		1.1019e+18
   11.62		1.0922e+18
   11.63		1.0826e+18
   11.64		1.0730e+18
   11.65		1.0634e+18
   11.66		1.0539e+18
   11.67		1.0444e+18
   11.68		1.0350e+18
   11.69		1.0256e+18
   11.70		1.0163e+18
   11.71		1.0070e+18
   11.72		9.9782e+17
   11.73		9.8865e+17
   11.74		9.7952e+17
   11.75		9.7045e+17
   11.76		9.6143e+17
   11.77		9.5246e+17
   11.78		9.4354e+17
   11.79		9.3467e+17
   11.80		9.2585e+17
   11.81		9.1708e+17
   11.82		9.0837e+17
   11.83		8.9971e+17
   11.84		8.9109e+17
   11.85		8.8254e+17
   11.86		8.7403e+17
   11.87		8.6558e+17
   11.88		8.5719e+17
   11.89		8.4884e+17
   11.90		8.4055e+17
   11.91		8.3232e+17
   11.92		8.2414e+17
   11.93		8.1601e+17
   11.94		8.0794e+17
   11.95		7.9993e+17
   11.96		7.9197e+17
   11.97		7.8406e+17
   11.98		7.7621e+17
   11.99		7.6842e+17
   12.00		7.6068e+17
   12.01		7.5301e+17
   12.02		7.4539e+17
   12.03		7.3782e+17
   12.04		7.3032e+17
   12.05		7.2288e+17
   12.06		7.1550e+17
   12.07		7.0818e+17
   12.08		7.0093e+17
   12.09		6.9374e+17
   12.10		6.8661e+17
   12.11		6.7955e+17
   12.12		6.7256e+17
   12.13		6.6563e+17
   12.14		6.5876e+17
   12.15		6.5197e+17
   12.16		6.4523e+17
   12.17		6.3857e+17
   12.18		6.3197e+17
   12.19		6.2544e+17
   12.20		6.1898e+17
   12.21		6.1258e+17
   12.22		6.0625e+17
   12.23		5.9999e+17
   12.24		5.9379e+17
   12.25		5.8766e+17
   12.26		5.8160e+17
   12.27		5.7560e+17
   12.28		5.6967e+17
   12.29		5.6381e+17
   12.30		5.5801e+17
   12.31		5.5227e+17
   12.32		5.4660e+17
   12.33		5.4100e+17
   12.34		5.3546e+17
   12.35		5.2999e+17
   12.36		5.2457e+17
   12.37		5.1923e+17
   12.38		5.1394e+17
   12.39		5.0872e+17
   12.40		5.0356e+17
   12.41		4.9846e+17
   12.42		4.9343e+17
   12.43		4.8846e+17
   12.44		4.8354e+17
   12.45		4.7869e+17
   12.46		4.7389e+17
   12.47		4.6916e+17
   12.48		4.6448e+17
   12.49		4.5986e+17
   12.50		4.5530e+17
   12.51		4.5079e+17
   12.52		4.4634e+17
   12.53		4.4195e+17
   12.54		4.3761e+17
   12.55		4.3332e+17
   12.56		4.2909e+17
   12.57		4.2491e+17
   12.58		4.2079e+17
   12.59		4.1672e+17
   12.60		4.1270e+17
   12.61		4.0873e+17
   12.62		4.0481e+17
   12.63		4.0094e+17
   12.64		3.9712e+17
   12.65		3.9335e+17
   12.66		3.8963e+17
   12.67		3.8595e+17
   12.68		3.8232e+17
   12.69		3.7874e+17
   12.70		3.7520e+17
   12.71		3.7171e+17
   12.72		3.6826e+17
   12.73		3.6485e+17
   12.74		3.6148e+17
   12.75		3.5816e+17
   12.76		3.5488e+17
   12.77		3.5163e+17
   12.78		3.4843e+17
   12.79		3.4526e+17
   12.80		3.4214e+17
   12.81		3.3905e+17
   12.82		3.3599e+17
   12.83		3.3297e+17
   12.84		3.2999e+17
   12.85		3.2704e+17
   12.86		3.2413e+17
   12.87		3.2125e+17
   12.88		3.1840e+17
   12.89		3.1559e+17
   12.90		3.1280e+17
   12.91		3.1005e+17
   12.92		3.0732e+17
   12.93		3.0463e+17
   12.94		3.0196e+17
   12.95		2.9932e+17
   12.96		2.9670e+17
   12.97		2.9412e+17
   12.98		2.9156e+17
   12.99		2.8902e+17
   13.00		2.8652e+17
   13.01		2.8403e+17
   13.02		2.8158e+17
   13.03		2.7915e+17
   13.04		2.7674e+17
   13.05		2.7436e+17
   13.06		2.7200e+17
   13.07		2.6967e+17
   13.08		2.6736e+17
   13.09		2.6507e+17
   13.10		2.6281e+17
   13.11		2.6057e+17
   13.12		2.5835e+17
   13.13		2.5615e+17
   13.14		2.5398e+17
   13.15		2.5183e+17
   13.16		2.4969e+17
   13.17		2.4758e+17
   13.18		2.4549e+17
   13.19		2.4342e+17
   13.20		2.4138e+17
   13.21		2.3935e+17
   13.22		2.3734e+17
   13.23		2.3534e+17
   13.24		2.3337e+17
   13.25		2.3142e+17
   13.26		2.2949e+17
   13.27		2.2757e+17
   13.28		2.2567e+17
   13.29		2.2379e+17
   13.30		2.2192e+17
   13.31		2.2008e+17
   13.32		2.1825e+17
   13.33		2.1643e+17
   13.34		2.1463e+17
   13.35		2.1285e+17
   13.36		2.1109e+17
   13.37		2.0934e+17
   13.38		2.0760e+17
   13.39		2.0588e+17
   13.40		2.0418e+17
   13.41		2.0249e+17
   13.42		2.0082e+17
   13.43		1.9916e+17
   13.44		1.9752e+17
   13.45		1.9590e+17
   13.46		1.9429e+17
   13.47		1.9269e+17
   13.48		1.9111e+17
   13.49		1.8954e+17
   13.50		1.8799e+17
   13.51		1.8645e+17
   13.52		1.8493e+17
   13.53		1.8342e+17
   13.54		1.8193e+17
   13.55		1.8045e+17
   13.56		1.7899e+17
   13.57		1.7753e+17
   13.58		1.7610e+17
   13.59		1.7467e+17
   13.60		1.7326e+17
   13.61		1.7186e+17
   13.62		1.7047e+17
   13.63		1.6910e+17
   13.64		1.6774e+17
   13.65		1.6639e+17
   13.66		1.6506e+17
   13.67		1.6374e+17
   13.68		1.6243e+17
   13.69		1.6113e+17
   13.70		1.5984e+17
   13.71		1.5857e+17
   13.72		1.5731e+17
   13.73		1.5605e+17
   13.74		1.5482e+17
   13.75		1.5359e+17
   13.76		1.5237e+17
   13.77		1.5117e+17
   13.78		1.4997e+17
   13.79		1.4879e+17
   13.80		1.4762e+17
   13.81		1.4646e+17
   13.82		1.4531e+17
   13.83		1.4417e+17
   13.84		1.4304e+17
   13.85		1.4192e+17
   13.86		1.4081e+17
   13.87		1.3971e+17
   13.88		1.3863e+17
   13.89		1.3755e+17
   13.90		1.3648e+17
   13.91		1.3542e+17
   13.92		1.3437e+17
   13.93		1.3333e+17
   13.94		1.3230e+17
   13.95		1.3128e+17
   13.96		1.3027e+17
   13.97		1.2926e+17
   13.98		1.2827e+17
   13.99		1.2728e+17
   14.00		1.2630e+17
   14.01		1.2534e+17
   14.02		1.2437e+17
   14.03		1.2342e+17
   14.04		1.2248e+17
   14.05		1.2154e+17
   14.06		1.2061e+17
   14.07		1.1970e+17
   14.08		1.1878e+17
   14.09		1.1788e+17
   14.10		1.1698e+17
   14.11		1.1610e+17
   14.12		1.1521e+17
   14.13		1.1434e+17
   14.14		1.1347e+17
   14.15		1.1262e+17
   14.16		1.1176e+17
   14.17		1.1092e+17
   14.18		1.1008e+17
   14.19		1.0925e+17
   14.20		1.0843e+17
   14.21		1.0762e+17
   14.22		1.0681e+17
   14.23		1.0601e+17
   14.24		1.0521e+17
   14.25		1.0442e+17
   14.26		1.0364e+17
   14.27		1.0287e+17
   14.28		1.0210e+17
   14.29		1.0134e+17
   14.30		1.0059e+17
   14.31		9.9837e+16
   14.32		9.9096e+16
   14.33		9.8362e+16
   14.34		9.7634e+16
   14.35		9.6913e+16
   14.36		9.6198e+16
   14.37		9.5490e+16
   14.38		9.4788e+16
   14.39		9.4093e+16
   14.40		9.3404e+16
   14.41		9.2722e+16
   14.42		9.2046e+16
   14.43		9.1376e+16
   14.44		9.0712e+16
   14.45		9.0055e+16
   14.46		8.9403e+16
   14.47		8.8758e+16
   14.48		8.8119e+16
   14.49		8.7487e+16
   14.50		8.6860e+16
   14.51		8.6239e+16
   14.52		8.5625e+16
   14.53		8.5017e+16
   14.54		8.4415e+16
   14.55		8.3818e+16
   14.56		8.3228e+16
   14.57		8.2644e+16
   14.58		8.2066e+16
   14.59		8.1494e+16
   14.60		8.0928e+16
   14.61		8.0368e+16
   14.62		7.9814e+16
   14.63		7.9265e+16
   14.64		7.8723e+16
   14.65		7.8187e+16
   14.66		7.7657e+16
   14.67		7.7132e+16
   14.68		7.6614e+16
   14.69		7.6101e+16
   14.70		7.5594e+16
   14.71		7.5093e+16
   14.72		7.4598e+16
   14.73		7.4109e+16
   14.74		7.3626e+16
   14.75		7.3148e+16
   14.76		7.2677e+16
   14.77		7.2210e+16
   14.78		7.1750e+16
   14.79		7.1295e+16
   14.80		7.0846e+16
   14.81		7.0403e+16
   14.82		6.9964e+16
   14.83		6.9531e+16
   14.84		6.9104e+16
   14.85		6.8682e+16
   14.86		6.8264e+16
   14.87		6.7852e+16
   14.88		6.7445e+16
   14.89		6.7042e+16
   14.90		6.6645e+16
   14.91		6.6251e+16
   14.92		6.5862e+16
   14.93		6.5478e+16
   14.94		6.5097e+16
   14.95		6.4721e+16
   14.96		6.4349e+16
   14.97		6.3981e+16
   14.98		6.3617e+16
   14.99		6.3257e+16
   15.00		6.2901e+16
   15.01		6.2549e+16
   15.02		6.2200e+16
   15.03		6.1855e+16
   15.04		6.1514e+16
   15.05		6.1177e+16
   15.06		6.0843e+16
   15.07		6.0512e+16
   15.08		6.0185e+16
   15.09		5.9862e+16
   15.10		5.9541e+16
   15.11		5.9224e+16
   15.12		5.8910e+16
   15.13		5.8598e+16
   15.14		5.8290e+16
   15.15		5.7986e+16
   15.16		5.7684e+16
   15.17		5.7385e+16
   15.18		5.7089e+16
   15.19		5.6795e+16
   15.20		5.6505e+16
   15.21		5.6217e+16
   15.22		5.5932e+16
   15.23		5.5650e+16
   15.24		5.5371e+16
   15.25		5.5094e+16
   15.26		5.4819e+16
   15.27		5.4547e+16
   15.28		5.4278e+16
   15.29		5.4012e+16
   15.30		5.3748e+16
   15.31		5.3486e+16
   15.32		5.3227e+16
   15.33		5.2971e+16
   15.34		5.2717e+16
   15.35		5.2466e+16
   15.36		5.2218e+16
   15.37		5.1972e+16
   15.38		5.1728e+16
   15.39		5.1488e+16
   15.40		5.1249e+16
   15.41		5.1014e+16
   15.42		5.0781e+16
   15.43		5.0550e+16
   15.44		5.0322e+16
   15.45		5.0097e+16
   15.46		4.9875e+16
   15.47		4.9655e+16
   15.48		4.9438e+16
   15.49		4.9223e+16
   15.50		4.9011e+16
   15.51		4.8802e+16
   15.52		4.8596e+16
   15.53		4.8392e+16
   15.54		4.8191e+16
   15.55		4.7992e+16
   15.56		4.7797e+16
   15.57		4.7604e+16
   15.58		4.7413e+16
   15.59		4.7225e+16
   15.60		4.7040e+16
   15.61		4.6858e+16
   15.62		4.6678e+16
   15.63		4.6500e+16
   15.64		4.6325e+16
   15.65		4.6153e+16
   15.66		4.5983e+16
   15.67		4.5816e+16
   15.68		4.5651e+16
   15.69		4.5489e+16
   15.70		4.5329e+16
   15.71		4.5171e+16
   15.72		4.5016e+16
   15.73		4.4862e+16
   15.74		4.4712e+16
   15.75		4.4563e+16
   15.76		4.4416e+16
   15.77		4.4272e+16
   15.78		4.4130e+16
   15.79		4.3989e+16
   15.80		4.3851e+16
   15.81		4.3715e+16
   15.82		4.3580e+16
   15.83		4.3447e+16
   15.84		4.3316e+16
   15.85		4.3187e+16
   15.86		4.3060e+16
   15.87		4.2934e+16
   15.88		4.2809e+16
   15.89		4.2687e+16
   15.90		4.2565e+16
   15.91		4.2445e+16
   15.92		4.2327e+16
   15.93		4.2209e+16
   15.94		4.2093e+16
   15.95		4.1978e+16
   15.96		4.1864e+16
   15.97		4.1752e+16
   15.98		4.1640e+16
   15.99		4.1529e+16
   16.00		4.1419e+16
   16.01		4.1310e+16
   16.02		4.1202e+16
   16.03		4.1095e+16
   16.04		4.0988e+16
   16.05		4.0882e+16
   16.06		4.0777e+16
   16.07		4.0672e+16
   16.08		4.0568e+16
   16.09		4.0464e+16
   16.10		4.0362e+16
   16.11		4.0259e+16
   16.12		4.0157e+16
   16.13		4.0056e+16
   16.14		3.9955e+16
   16.15		3.9855e+16
   16.16		3.9755e+16
   16.17		3.9655e+16
   16.18		3.9556e+16
   16.19		3.9457e+16
   16.20		3.9359e+16
   16.21		3.9261e+16
   16.22		3.9163e+16
   16.23		3.9066e+16
   16.24		3.8969e+16
   16.25		3.8872e+16
   16.26		3.8776e+16
   16.27		3.8679e+16
   16.28		3.8583e+16
   16.29		3.8488e+16
   16.30		3.8392e+16
   16.31		3.8297e+16
   16.32		3.8202e+16
   16.33		3.8108e+16
   16.34		3.8013e+16
   16.35		3.7919e+16
   16.36		3.7825e+16
   16.37		3.7731e+16
   16.38		3.7637e+16
   16.39		3.7543e+16
   16.40		3.7450e+16
   16.41		3.7356e+16
   16.42		3.7263e+16
   16.43		3.7170e+16
   16.44		3.7077e+16
   16.45		3.6984e+16
   16.46		3.6891e+16
   16.47		3.6798e+16
   16.48		3.6706e+16
   16.49		3.6613e+16
   16.50		3.6521e+16
   16.51		3.6428e+16
   16.52		3.6336e+16
   16.53		3.6243e+16
   16.54		3.6151e+16
   16.55		3.6058e+16
   16.56		3.5966e+16
   16.57		3.5874e+16
   16.58		3.5781e+16
   16.59		3.5689e+16
   16.60		3.5596e+16
   16.61		3.5504e+16
   16.62		3.5411e+16
   16.63		3.5319e+16
   16.64		3.5226e+16
   16.65		3.5134e+16
   16.66		3.5041e+16
   16.67		3.4948e+16
   16.68		3.4855e+16
   16.69		3.4762e+16
   16.70		3.4669e+16
   16.71		3.4576e+16
   16.72		3.4483e+16
   16.73		3.4390e+16
   16.74		3.4297e+16
   16.75		3.4203e+16
   16.76		3.4110e+16
   16.77		3.4016e+16
   16.78		3.3923e+16
   16.79		3.3829e+16
   16.80		3.3735e+16
   16.81		3.3641e+16
   16.82		3.3547e+16
   16.83		3.3453e+16
   16.84		3.3359e+16
   16.85		3.3264e+16
   16.86		3.3170e+16
   16.87		3.3075e+16
   16.88		3.2981e+16
   16.89		3.2886e+16
   16.90		3.2792e+16
   16.91		3.2697e+16
   16.92		3.2602e+16
   16.93		3.2507e+16
   16.94		3.2412e+16
   16.95		3.2317e+16
   16.96		3.2222e+16
   16.97		3.2127e+16
   16.98		3.2032e+16
   16.99		3.1937e+16
   17.00		3.1842e+16
   17.01		3.1747e+16
   17.02		3.1652e+16
   17.03		3.1557e+16
   17.04		3.1463e+16
   17.05		3.1368e+16
   17.06		3.1273e+16
   17.07		3.1178e+16
   17.08		3.1084e+16
   17.09		3.0989e+16
   17.10		3.0895e+16
   17.11		3.0801e+16
   17.12		3.0707e+16
   17.13		3.0613e+16
   17.14		3.0520e+16
   17.15		3.0426e+16
   17.16		3.0333e+16
   17.17		3.0240e+16
   17.18		3.0148e+16
   17.19		3.0055e+16
   17.20		2.9963e+16
   17.21		2.9871e+16
   17.22		2.9780e+16
   17.23		2.9688e+16
   17.24		2.9597e+16
   17.25		2.9506e+16
   17.26		2.9416e+16
   17.27		2.9326e+16
   17.28		2.9236e+16
   17.29		2.9146e+16
   17.30		2.9057e+16
   17.31		2.8968e+16
   17.32		2.8879e+16
   17.33		2.8790e+16
   17.34		2.8702e+16
   17.35		2.8614e+16
   17.36		2.8527e+16
   17.37		2.8439e+16
   17.38		2.8352e+16
   17.39		2.8265e+16
   17.40		2.8179e+16
   17.41		2.8093e+16
   17.42		2.8008e+16
   17.43		2.7922e+16
   17.44		2.7838e+16
   17.45		2.7753e+16
   17.46		2.7669e+16
   17.47		2.7586e+16
   17.48		2.7503e+16
   17.49		2.7420e+16
   17.50		2.7338e+16
   17.51		2.7257e+16
   17.52		2.7176e+16
   17.53		2.7095e+16
   17.54		2.7015e+16
   17.55		2.6936e+16
   17.56		2.6857e+16
   17.57		2.6779e+16
   17.58		2.6701e+16
   17.59		2.6624e+16
   17.60		2.6548e+16
   17.61		2.6472e+16
   17.62		2.6397e+16
   17.63		2.6323e+16
   17.64		2.6249e+16
   17.65		2.6176e+16
   17.66		2.6103e+16
   17.67		2.6031e+16
   17.68		2.5960e+16
   17.69		2.5889e+16
   17.70		2.5819e+16
   17.71		2.5750e+16
   17.72		2.5681e+16
   17.73		2.5613e+16
   17.74		2.5545e+16
   17.75		2.5478e+16
   17.76		2.5411e+16
   17.77		2.5345e+16
   17.78		2.5279e+16
   17.79		2.5213e+16
   17.80		2.5148e+16
   17.81		2.5084e+16
   17.82		2.5019e+16
   17.83		2.4955e+16
   17.84		2.4892e+16
   17.85		2.4828e+16
   17.86		2.4765e+16
   17.87		2.4702e+16
   17.88		2.4639e+16
   17.89		2.4576e+16
   17.90		2.4513e+16
   17.91		2.4451e+16
   17.92		2.4388e+16
   17.93		2.4325e+16
   17.94		2.4263e+16
   17.95		2.4200e+16
   17.96		2.4137e+16
   17.97		2.4074e+16
   17.98		2.4010e+16
   17.99		2.3947e+16
   18.00		2.3883e+16
   18.01		2.3819e+16
   18.02		2.3754e+16
   18.03		2.3689e+16
   18.04		2.3624e+16
   18.05		2.3558e+16
   18.06		2.3492e+16
   18.07		2.3425e+16
   18.08		2.3358e+16
   18.09		2.3290e+16
   18.10		2.3222e+16
   18.11		2.3153e+16
   18.12		2.3084e+16
   18.13		2.3013e+16
   18.14		2.2942e+16
   18.15		2.2871e+16
   18.16		2.2798e+16
   18.17		2.2725e+16
   18.18		2.2651e+16
   18.19		2.2577e+16
   18.20		2.2501e+16
   18.21		2.2425e+16
   18.22		2.2348e+16
   18.23		2.2270e+16
   18.24		2.2191e+16
   18.25		2.2111e+16
   18.26		2.2030e+16
   18.27		2.1948e+16
   18.28		2.1866e+16
   18.29		2.1782e+16
   18.30		2.1697e+16
   18.31		2.1612e+16
   18.32		2.1525e+16
   18.33		2.1438e+16
   18.34		2.1349e+16
   18.35		2.1259e+16
   18.36		2.1169e+16
   18.37		2.1077e+16
   18.38		2.0984e+16
   18.39		2.0891e+16
   18.40		2.0796e+16
   18.41		2.0700e+16
   18.42		2.0604e+16
   18.43		2.0506e+16
   18.44		2.0408e+16
   18.45		2.0309e+16
   18.46		2.0209e+16
   18.47		2.0108e+16
   18.48		2.0006e+16
   18.49		1.9904e+16
   18.50		1.9801e+16
   18.51		1.9698e+16
   18.52		1.9593e+16
   18.53		1.9488e+16
   18.54		1.9383e+16
   18.55		1.9277e+16
   18.56		1.9170e+16
   18.57		1.9063e+16
   18.58		1.8956e+16
   18.59		1.8848e+16
   18.60		1.8740e+16
   18.61		1.8632e+16
   18.62		1.8523e+16
   18.63		1.8414e+16
   18.64		1.8305e+16
   18.65		1.8196e+16
   18.66		1.8086e+16
   18.67		1.7977e+16
   18.68		1.7867e+16
   18.69		1.7758e+16
   18.70		1.7648e+16
   18.71		1.7538e+16
   18.72		1.7429e+16
   18.73		1.7319e+16
   18.74		1.7209e+16
   18.75		1.7100e+16
   18.76		1.6990e+16
   18.77		1.6881e+16
   18.78		1.6771e+16
   18.79		1.6662e+16
   18.80		1.6553e+16
   18.81		1.6444e+16
   18.82		1.6335e+16
   18.83		1.6226e+16
   18.84		1.6117e+16
   18.85		1.6008e+16
   18.86		1.5900e+16
   18.87		1.5792e+16
   18.88		1.5683e+16
   18.89		1.5575e+16
   18.90		1.5468e+16
   18.91		1.5360e+16
   18.92		1.5253e+16
   18.93		1.5146e+16
   18.94		1.5040e+16
   18.95		1.4934e+16
   18.96		1.4828e+16
   18.97		1.4722e+16
   18.98		1.4617e+16
   18.99		1.4513e+16
   19.00		1.4409e+16
   19.01		1.4306e+16
   19.02		1.4203e+16
   19.03		1.4100e+16
   19.04		1.3999e+16
   19.05		1.3897e+16
   19.06		1.3797e+16
   19.07		1.3697e+16
   19.08		1.3598e+16
   19.09		1.3500e+16
   19.10		1.3402e+16
   19.11		1.3305e+16
   19.12		1.3209e+16
   19.13		1.3114e+16
   19.14		1.3020e+16
   19.15		1.2926e+16
   19.16		1.2834e+16
   19.17		1.2742e+16
   19.18		1.2652e+16
   19.19		1.2562e+16
   19.20		1.2474e+16
   19.21		1.2386e+16
   19.22		1.2299e+16
   19.23		1.2214e+16
   19.24		1.2129e+16
   19.25		1.2046e+16
   19.26		1.1963e+16
   19.27		1.1882e+16
   19.28		1.1802e+16
   19.29		1.1723e+16
   19.30		1.1645e+16
   19.31		1.1568e+16
   19.32		1.1492e+16
   19.33		1.1418e+16
   19.34		1.1344e+16
   19.35		1.1272e+16
   19.36		1.1201e+16
   19.37		1.1131e+16
   19.38		1.1062e+16
   19.39		1.0994e+16
   19.40		1.0928e+16
   19.41		1.0863e+16
   19.42		1.0799e+16
   19.43		1.0736e+16
   19.44		1.0674e+16
   19.45		1.0613e+16
   19.46		1.0554e+16
   19.47		1.0496e+16
   19.48		1.0438e+16
   19.49		1.0383e+16
   19.50		1.0328e+16
   19.51		1.0274e+16
   19.52		1.0221e+16
   19.53		1.0170e+16
   19.54		1.0120e+16
   19.55		1.0070e+16
   19.56		1.0022e+16
   19.57		9.9749e+15
   19.58		9.9287e+15
   19.59		9.8834e+15
   19.60		9.8391e+15
   19.61		9.7958e+15
   19.62		9.7533e+15
   19.63		9.7117e+15
   19.64		9.6709e+15
   19.65		9.6309e+15
   19.66		9.5916e+15
   19.67		9.5532e+15
   19.68		9.5154e+15
   19.69		9.4782e+15
   19.70		9.4417e+15
   19.71		9.4058e+15
   19.72		9.3705e+15
   19.73		9.3356e+15
   19.74		9.3013e+15
   19.75		9.2674e+15
   19.76		9.2339e+15
   19.77		9.2008e+15
   19.78		9.1680e+15
   19.79		9.1355e+15
   19.80		9.1033e+15
   19.81		9.0712e+15
   19.82		9.0394e+15
   19.83		9.0076e+15
   19.84		8.9760e+15
   19.85		8.9444e+15
   19.86		8.9129e+15
   19.87		8.8813e+15
   19.88		8.8498e+15
   19.89		8.8182e+15
   19.90		8.7865e+15
   19.91		8.7547e+15
   19.92		8.7229e+15
   19.93		8.6909e+15
   19.94		8.6587e+15
   19.95		8.6265e+15
   19.96		8.5941e+15
   19.97		8.5615e+15
   19.98		8.5288e+15
   19.99		8.4959e+15
   20.00		8.4628e+15
   20.01		8.4295e+15
   20.02		8.3961e+15
   20.03		8.3624e+15
   20.04		8.3286e+15
   20.05		8.2945e+15
   20.06		8.2602e+15
   20.07		8.2257e+15
   20.08		8.1910e+15
   20.09		8.1560e+15
   20.10		8.1209e+15
   20.11		8.0855e+15
   20.12		8.0499e+15
   20.13		8.0141e+15
   20.14		7.9780e+15
   20.15		7.9418e+15
   20.16		7.9053e+15
   20.17		7.8686e+15
   20.18		7.8318e+15
   20.19		7.7947e+15
   20.20		7.7574e+15
   20.21		7.7199e+15
   20.22		7.6822e+15
   20.23		7.6444e+15
   20.24		7.6063e+15
   20.25		7.5680e+15
   20.26		7.5296e+15
   20.27		7.4910e+15
   20.28		7.4522e+15
   20.29		7.4132e+15
   20.30		7.3741e+15
   20.31		7.3348e+15
   20.32		7.2954e+15
   20.33		7.2558e+15
   20.34		7.2160e+15
   20.35		7.1762e+15
   20.36		7.1362e+15
   20.37		7.0961e+15
   20.38		7.0558e+15
   20.39		7.0155e+15
   20.40		6.9750e+15
   20.41		6.9345e+15
   20.42		6.8939e+15
   20.43		6.8532e+15
   20.44		6.8125e+15
   20.45		6.7717e+15
   20.46		6.7309e+15
   20.47		6.6900e+15
   20.48		6.6491e+15
   20.49		6.6081e+15
   20.50		6.5672e+15
   20.51		6.5262e+15
   20.52		6.4853e+15
   20.53		6.4443e+15
   20.54		6.4034e+15
   20.55		6.3625e+15
   20.56		6.3217e+15
   20.57		6.2808e+15
   20.58		6.2400e+15
   20.59		6.1992e+15
   20.60		6.1585e+15
   20.61		6.1178e+15
   20.62		6.0771e+15
   20.63		6.0365e+15
   20.64		5.9959e+15
   20.65		5.9553e+15
   20.66		5.9148e+15
   20.67		5.8743e+15
   20.68		5.8338e+15
   20.69		5.7934e+15
   20.70		5.7531e+15
   20.71		5.7128e+15
   20.72		5.6725e+15
   20.73		5.6323e+15
   20.74		5.5921e+15
   20.75		5.5520e+15
   20.76		5.5120e+15
   20.77		5.4721e+15
   20.78		5.4322e+15
   20.79		5.3924e+15
   20.80		5.3527e+15
   20.81		5.3131e+15
   20.82		5.2736e+15
   20.83		5.2343e+15
   20.84		5.1950e+15
   20.85		5.1558e+15
   20.86		5.1168e+15
   20.87		5.0779e+15
   20.88		5.0392e+15
   20.89		5.0006e+15
   20.90		4.9621e+15
   20.91		4.9238e+15
   20.92		4.8856e+15
   20.93		4.8476e+15
   20.94		4.8097e+15
   20.95		4.7720e+15
   20.96		4.7345e+15
   20.97		4.6972e+15
   20.98		4.6600e+15
   20.99		4.6231e+15
   21.00		4.5863e+15
   21.01		4.5497e+15
   21.02		4.5133e+15
   21.03		4.4771e+15
   21.04		4.4411e+15
   21.05		4.4053e+15
   21.06		4.3698e+15
   21.07		4.3344e+15
   21.08		4.2993e+15
   21.09		4.2644e+15
   21.10		4.2297e+15
   21.11		4.1952e+15
   21.12		4.1610e+15
   21.13		4.1270e+15
   21.14		4.0933e+15
   21.15		4.0597e+15
   21.16		4.0265e+15
   21.17		3.9934e+15
   21.18		3.9606e+15
   21.19		3.9281e+15
   21.20		3.8958e+15
   21.21		3.8637e+15
   21.22		3.8319e+15
   21.23		3.8004e+15
   21.24		3.7691e+15
   21.25		3.7380e+15
   21.26		3.7072e+15
   21.27		3.6767e+15
   21.28		3.6464e+15
   21.29		3.6164e+15
   21.30		3.5866e+15
   21.31		3.5570e+15
   21.32		3.5278e+15
   21.33		3.4987e+15
   21.34		3.4700e+15
   21.35		3.4414e+15
   21.36		3.4132e+15
   21.37		3.3851e+15
   21.38		3.3574e+15
   21.39		3.3298e+15
   21.40		3.3025e+15
   21.41		3.2755e+15
   21.42		3.2487e+15
   21.43		3.2221e+15
   21.44		3.1958e+15
   21.45		3.1696e+15
   21.46		3.1438e+15
   21.47		3.1181e+15
   21.48		3.0927e+15
   21.49		3.0675e+15
   21.50		3.0425e+15
   21.51		3.0177e+15
   21.52		2.9931e+15
   21.53		2.9687e+15
   21.54		2.9446e+15
   21.55		2.9206e+15
   21.56		2.8968e+15
   21.57		2.8733e+15
   21.58		2.8499e+15
   21.59		2.8267e+15
   21.60		2.8036e+15
   21.61		2.7808e+15
   21.62		2.7581e+15
   21.63		2.7356e+15
   21.64		2.7133e+15
   21.65		2.6911e+15
   21.66		2.6691e+15
   21.67		2.6472e+15
   21.68		2.6255e+15
   21.69		2.6039e+15
   21.70		2.5825e+15
   21.71		2.5612e+15
   21.72		2.5400e+15
   21.73		2.5189e+15
   21.74		2.4980e+15
   21.75		2.4772e+15
   21.76		2.4565e+15
   21.77		2.4360e+15
   21.78		2.4156e+15
   21.79		2.3953e+15
   21.80		2.3751e+15
   21.81		2.3550e+15
   21.82		2.3351e+15
   21.83		2.3153e+15
   21.84		2.2956e+15
   21.85		2.2761e+15
   21.86		2.2566e+15
   21.87		2.2373e+15
   21.88		2.2181e+15
   21.89		2.1990e+15
   21.90		2.1801e+15
   21.91		2.1612e+15
   21.92		2.1425e+15
   21.93		2.1239e+15
   21.94		2.1054e+15
   21.95		2.0870e+15
   21.96		2.0688e+15
   21.97		2.0506e+15
   21.98		2.0326e+15
   21.99		2.0146e+15
   22.00		1.9968e+15
   22.01		1.9791e+15
   22.02		1.9615e+15
   22.03		1.9439e+15
   22.04		1.9265e+15
   22.05		1.9092e+15
   22.06		1.8920e+15
   22.07		1.8749e+15
   22.08		1.8579e+15
   22.09		1.8410e+15
   22.10		1.8241e+15
   22.11		1.8074e+15
   22.12		1.7908e+15
   22.13		1.7742e+15
   22.14		1.7578e+15
   22.15		1.7414e+15
   22.16		1.7252e+15
   22.17		1.7090e+15
   22.18		1.6929e+15
   22.19		1.6769e+15
   22.20		1.6610e+15
   22.21		1.6452e+15
   22.22		1.6295e+15
   22.23		1.6139e+15
   22.24		1.5983e+15
   22.25		1.5828e+15
   22.26		1.5674e+15
   22.27		1.5521e+15
   22.28		1.5369e+15
   22.29		1.5217e+15
   22.30		1.5067e+15
   22.31		1.4917e+15
   22.32		1.4768e+15
   22.33		1.4619e+15
   22.34		1.4472e+15
   22.35		1.4325e+15
   22.36		1.4179e+15
   22.37		1.4034e+15
   22.38		1.3889e+15
   22.39		1.3745e+15
   22.40		1.3602e+15
   22.41		1.3460e+15
   22.42		1.3318e+15
   22.43		1.3178e+15
   22.44		1.3037e+15
   22.45		1.2898e+15
   22.46		1.2759e+15
   22.47		1.2621e+15
   22.48		1.2484e+15
   22.49		1.2347e+15
   22.50		1.2211e+15
   22.51		1.2076e+15
   22.52		1.1941e+15
   22.53		1.1807e+15
   22.54		1.1674e+15
   22.55		1.1541e+15
   22.56		1.1409e+15
   22.57		1.1278e+15
   22.58		1.1147e+15
   22.59		1.1017e+15
   22.60		1.0887e+15
   22.61		1.0759e+15
   22.62		1.0631e+15
   22.63		1.0503e+15
   22.64		1.0376e+15
   22.65		1.0250e+15
   22.66		1.0125e+15
   22.67		1.0000e+15
   22.68		9.8765e+14
   22.69		9.7533e+14
   22.70		9.6308e+14
   22.71		9.5090e+14
   22.72		9.3879e+14
   22.73		9.2676e+14
   22.74		9.1480e+14
   22.75		9.0291e+14
   22.76		8.9110e+14
   22.77		8.7936e+14
   22.78		8.6770e+14
   22.79		8.5611e+14
   22.80		8.4460e+14
   22.81		8.3317e+14
   22.82		8.2181e+14
   22.83		8.1053e+14
   22.84		7.9933e+14
   22.85		7.8821e+14
   22.86		7.7717e+14
   22.87		7.6620e+14
   22.88		7.5532e+14
   22.89		7.4451e+14
   22.90		7.3379e+14
   22.91		7.2314e+14
   22.92		7.1258e+14
   22.93		7.0210e+14
   22.94		6.9169e+14
   22.95		6.8138e+14
   22.96		6.7114e+14
   22.97		6.6099e+14
   22.98		6.5092e+14
   22.99		6.4093e+14
   23.00		6.3103e+14
   23.01		6.2121e+14
   23.02		6.1148e+14
   23.03		6.0183e+14
   23.04		5.9226e+14
   23.05		5.8278e+14
   23.06		5.7339e+14
   23.07		5.6408e+14
   23.08		5.5486e+14
   23.09		5.4572e+14
   23.10		5.3668e+14
   23.11		5.2771e+14
   23.12		5.1884e+14
   23.13		5.1006e+14
   23.14		5.0136e+14
   23.15		4.9275e+14
   23.16		4.8424e+14
   23.17		4.7581e+14
   23.18		4.6747e+14
   23.19		4.5923e+14
   23.20		4.5107e+14
   23.21		4.4301e+14
   23.22		4.3504e+14
   23.23		4.2716e+14
   23.24		4.1936e+14
   23.25		4.1167e+14
   23.26		4.0406e+14
   23.27		3.9654e+14
   23.28		3.8911e+14
   23.29		3.8177e+14
   23.30		3.7452e+14
   23.31		3.6737e+14
   23.32		3.6030e+14
   23.33		3.5332e+14
   23.34		3.4643e+14
   23.35		3.3963e+14
   23.36		3.3292e+14
   23.37		3.2629e+14
   23.38		3.1976e+14
   23.39		3.1331e+14
   23.40		3.0695e+14
   23.41		3.0067e+14
   23.42		2.9448e+14
   23.43		2.8838e+14
   23.44		2.8236e+14
   23.45		2.7643e+14
   23.46		2.7058e+14
   23.47		2.6481e+14
   23.48		2.5913e+14
   23.49		2.5353e+14
   23.50		2.4801e+14
   23.51		2.4257e+14
   23.52		2.3722e+14
   23.53		2.3195e+14
   23.54		2.2675e+14
   23.55		2.2164e+14
   23.56		2.1660e+14
   23.57		2.1165e+14
   23.58		2.0677e+14
   23.59		2.0198e+14
   23.60		1.9726e+14
   23.61		1.9262e+14
   23.62		1.8805e+14
   23.63		1.8356e+14
   23.64		1.7915e+14
   23.65		1.7482e+14
   23.66		1.7056e+14
   23.67		1.6638e+14
   23.68		1.6227e+14
   23.69		1.5824e+14
   23.70		1.5428e+14
   23.71		1.5039e+14
   23.72		1.4658e+14
   23.73		1.4284e+14
   23.74		1.3917e+14
   23.75		1.3557e+14
   23.76		1.3205e+14
   23.77		1.2859e+14
   23.78		1.2521e+14
   23.79		1.2189e+14
   23.80		1.1864e+14
   23.81		1.1547e+14
   23.82		1.1236e+14
   23.83		1.0931e+14
   23.84		1.0633e+14
   23.85		1.0342e+14
   23.86		1.0058e+14
   23.87		9.7796e+13
   23.88		9.5079e+13
   23.89		9.2425e+13
   23.90		8.9833e+13
   23.91		8.7303e+13
   23.92		8.4833e+13
   23.93		8.2422e+13
   23.94		8.0071e+13
   23.95		7.7777e+13
   23.96		7.5541e+13
   23.97		7.3360e+13
   23.98		7.1235e+13
   23.99		6.9165e+13
   24.00		6.7147e+13
   24.01		6.5183e+13
   24.02		6.3270e+13
   24.03		6.1408e+13
   24.04		5.9595e+13
   24.05		5.7832e+13
   24.06		5.6116e+13
   24.07		5.4448e+13
   24.08		5.2826e+13
   24.09		5.1248e+13
   24.10		4.9715e+13
   24.11		4.8225e+13
   24.12		4.6777e+13
   24.13		4.5371e+13
   24.14		4.4005e+13
   24.15		4.2678e+13
   24.16		4.1389e+13
   24.17		4.0138e+13
   24.18		3.8923e+13
   24.19		3.7743e+13
   24.20		3.6597e+13
   24.21		3.5485e+13
   24.22		3.4405e+13
   24.23		3.3357e+13
   24.24		3.2338e+13
   24.25		3.1349e+13
   24.26		3.0388e+13
   24.27		2.9455e+13
   24.28		2.8547e+13
   24.29		2.7665e+13
   24.30		2.6808e+13
   24.31		2.5975e+13
   24.32		2.5165e+13
   24.33		2.4378e+13
   24.34		2.3613e+13
   24.35		2.2869e+13
   24.36		2.2145e+13
   24.37		2.1440e+13
   24.38		2.0754e+13
   24.39		2.0086e+13
   24.40		1.9436e+13
   24.41		1.8802e+13
   24.42		1.8184e+13
   24.43		1.7583e+13
   24.44		1.6997e+13
   24.45		1.6427e+13
   24.46		1.5872e+13
   24.47		1.5331e+13
   24.48		1.4805e+13
   24.49		1.4293e+13
   24.50		1.3795e+13
   24.51		1.3311e+13
   24.52		1.2840e+13
   24.53		1.2381e+13
   24.54		1.1935e+13
   24.55		1.1502e+13
   24.56		1.1082e+13
   24.57		1.0673e+13
   24.58		1.0277e+13
   24.59		9.8922e+12
   24.60		9.5192e+12
   24.61		9.1577e+12
   24.62		8.8075e+12
   24.63		8.4683e+12
   24.64		8.1400e+12
   24.65		7.8224e+12
   24.66		7.5152e+12
   24.67		7.2182e+12
   24.68		6.9313e+12
   24.69		6.6543e+12
   24.70		6.3869e+12
   24.71		6.1289e+12
   24.72		5.8802e+12
   24.73		5.6405e+12
   24.74		5.4097e+12
   24.75		5.1874e+12
   24.76		4.9736e+12
   24.77		4.7679e+12
   24.78		4.5703e+12
   24.79		4.3804e+12
   24.80		4.1980e+12
   24.81		4.0230e+12
   24.82		3.8552e+12
   24.83		3.6942e+12
   24.84		3.5400e+12
   24.85		3.3923e+12
   24.86		3.2508e+12
   24.87		3.1154e+12
   24.88		2.9858e+12
   24.89		2.8619e+12
   24.90		2.7433e+12
   24.91		2.6300e+12
   24.92		2.5216e+12
   24.93		2.4179e+12
   24.94		2.3188e+12
   24.95		2.2241e+12
   24.96		2.1334e+12
   24.97		2.0465e+12
   24.98		1.9633e+12
   24.99		1.8836e+12
   25.00		1.8071e+12
   25.01		1.7335e+12
   25.02		1.6627e+12
   25.03		1.5945e+12
   25.04		1.5286e+12
   25.05		1.4647e+12
   25.06		1.4028e+12
   25.07		1.3426e+12
   25.08		1.2842e+12
   25.09		1.2274e+12
   25.10		1.1724e+12
   25.11		1.1189e+12
   25.12		1.0672e+12
   25.13		1.0170e+12
   25.14		9.6843e+11
   25.15		9.2142e+11
   25.16		8.7594e+11
   25.17		8.3197e+11
   25.18		7.8949e+11
   25.19		7.4847e+11
   25.20		7.0889e+11
   25.21		6.7072e+11
   25.22		6.3394e+11
   25.23		5.9852e+11
   25.24		5.6444e+11
   25.25		5.3167e+11
   25.26		5.0019e+11
   25.27		4.6997e+11
   25.28		4.4099e+11
   25.29		4.1322e+11
   25.30		3.8663e+11
   25.31		3.6121e+11
   25.32		3.3692e+11
   25.33		3.1374e+11
   25.34		2.9165e+11
   25.35		2.7062e+11
   25.36		2.5062e+11
   25.37		2.3162e+11
   25.38		2.1361e+11
   25.39		1.9656e+11
   25.40		1.8043e+11
   25.41		1.6521e+11
   25.42		1.5087e+11
   25.43		1.3739e+11
   25.44		1.2473e+11
   25.45		1.1287e+11
   25.46		1.0178e+11
   25.47		9.1449e+10
   25.48		8.1838e+10
   25.49		7.2924e+10
   25.50		6.4681e+10
   25.51		5.7083e+10
   25.52		5.0104e+10
   25.53		4.3718e+10
   25.54		3.7898e+10
   25.55		3.2619e+10
   25.56		2.7853e+10
   25.57		2.3576e+10
   25.58		1.9760e+10
   25.59		1.6380e+10
   25.60		1.3408e+10
   25.61		1.0820e+10
   25.62		8.5876e+09
   25.63		6.6854e+09
   25.64		5.0870e+09
   25.65		3.7658e+09
   25.66		2.6956e+09
   25.67		1.8500e+09
   25.68		1.2025e+09
   25.69		7.2682e+08
   25.70		3.9646e+08
   25.71		1.8502e+08
   25.72		6.6078e+07
   25.73		1.3216e+07
   25.74		0.0000e+00
   25.75		0.0000e+00
   25.76		0.0000e+00
   25.77		0.0000e+00
   25.78		0.0000e+00
   25.79		0.0000e+00
   25.80		0.0000e+00
   25.81		0.0000e+00
   25.82		0.0000e+00
   25.83		0.0000e+00
   25.84		0.0000e+00
   25.85		0.0000e+00
   25.86		0.0000e+00
   25.87		0.0000e+00
   25.88		0.0000e+00
   25.89		0.0000e+00
   25.90		0.0000e+00
   25.91		0.0000e+00
   25.92		0.0000e+00
   25.93		0.0000e+00
   25.94		0.0000e+00
   25.95		0.0000e+00
   25.96		0.0000e+00
   25.97		0.0000e+00
   25.98		0.0000e+00
   25.99		0.0000e+00
   26.00		0.0000e+00
   26.01		0.0000e+00
   26.02		0.0000e+00
   26.03		0.0000e+00
   26.04		0.0000e+00
   26.05		0.0000e+00
   26.06		0.0000e+00
   26.07		0.0000e+00
   26.08		0.0000e+00
   26.09		0.0000e+00
   26.10		0.0000e+00
   26.11		0.0000e+00
   26.12		0.0000e+00
   26.13		0.0000e+00
   26.14		0.0000e+00
   26.15		0.0000e+00
   26.16		0.0000e+00
   26.17		0.0000e+00
   26.18		0.0000e+00
   26.19		0.0000e+00
   26.20		0.0000e+00
   26.21		0.0000e+00
   26.22		0.0000e+00
   26.23		0.0000e+00
   26.24		0.0000e+00
   26.25		0.0000e+00
   26.26		0.0000e+00
   26.27		0.0000e+00
   26.28		0.0000e+00
   26.29		0.0000e+00
   26.30		0.0000e+00
   26.31		0.0000e+00
   26.32		0.0000e+00
   26.33		0.0000e+00
   26.34		0.0000e+00
   26.35		0.0000e+00
   26.36		0.0000e+00
   26.37		0.0000e+00
   26.38		0.0000e+00
   26.39		0.0000e+00
   26.40		0.0000e+00
   26.41		0.0000e+00
   26.42		0.0000e+00
   26.43		0.0000e+00
   26.44		0.0000e+00
   26.45		0.0000e+00
   26.46		0.0000e+00
   26.47		0.0000e+00
   26.48		0.0000e+00
   26.49		0.0000e+00
   26.50		0.0000e+00
   26.51		0.0000e+00
   26.52		0.0000e+00
   26.53		0.0000e+00
   26.54		0.0000e+00
   26.55		0.0000e+00
   26.56		0.0000e+00
   26.57		0.0000e+00
   26.58		0.0000e+00
   26.59		0.0000e+00
   26.60		0.0000e+00
   26.61		0.0000e+00
   26.62		0.0000e+00
   26.63		0.0000e+00
   26.64		0.0000e+00
   26.65		0.0000e+00
   26.66		0.0000e+00
   26.67		0.0000e+00
   26.68		0.0000e+00
   26.69		0.0000e+00
   26.70		0.0000e+00
   26.71		0.0000e+00
   26.72		0.0000e+00
   26.73		0.0000e+00
   26.74		0.0000e+00
   26.75		0.0000e+00
   26.76		0.0000e+00
   26.77		0.0000e+00
   26.78		0.0000e+00
   26.79		0.0000e+00
   26.80		0.0000e+00
   26.81		0.0000e+00
   26.82		0.0000e+00
   26.83		0.0000e+00
   26.84		0.0000e+00
   26.85		0.0000e+00
   26.86		0.0000e+00
   26.87		0.0000e+00
   26.88		0.0000e+00
   26.89		0.0000e+00
   26.90		0.0000e+00
   26.91		0.0000e+00
   26.92		0.0000e+00
   26.93		0.0000e+00
   26.94		0.0000e+00
   26.95		0.0000e+00
   26.96		0.0000e+00
   26.97		0.0000e+00
   26.98		0.0000e+00
   26.99		0.0000e+00
   27.00		0.0000e+00
   27.01		0.0000e+00
   27.02		0.0000e+00
   27.03		0.0000e+00
   27.04		0.0000e+00
   27.05		0.0000e+00
   27.06		0.0000e+00
   27.07		0.0000e+00
   27.08		0.0000e+00
   27.09		0.0000e+00
   27.10		0.0000e+00
   27.11		0.0000e+00
   27.12		0.0000e+00
   27.13		0.0000e+00
   27.14		0.0000e+00
   27.15		0.0000e+00
   27.16		0.0000e+00
   27.17		0.0000e+00
   27.18		0.0000e+00
   27.19		0.0000e+00
   27.20		0.0000e+00
   27.21		0.0000e+00
   27.22		0.0000e+00
   27.23		0.0000e+00
   27.24		0.0000e+00
   27.25		0.0000e+00
   27.26		0.0000e+00
   27.27		0.0000e+00
   27.28		0.0000e+00
   27.29		0.0000e+00
   27.30		0.0000e+00
   27.31		0.0000e+00
   27.32		0.0000e+00
   27.33		0.0000e+00
   27.34		0.0000e+00
   27.35		0.0000e+00
   27.36		0.0000e+00
   27.37		0.0000e+00
   27.38		0.0000e+00
   27.39		0.0000e+00
   27.40		0.0000e+00
   27.41		0.0000e+00
   27.42		0.0000e+00
   27.43		0.0000e+00
   27.44		0.0000e+00
   27.45		0.0000e+00
   27.46		0.0000e+00
   27.47		0.0000e+00
   27.48		0.0000e+00
   27.49		0.0000e+00
   27.50		0.0000e+00
   27.51		0.0000e+00
   27.52		0.0000e+00
   27.53		0.0000e+00
   27.54		0.0000e+00
   27.55		0.0000e+00
   27.56		0.0000e+00
   27.57		0.0000e+00
   27.58		0.0000e+00
   27.59		0.0000e+00
   27.60		0.0000e+00
   27.61		0.0000e+00
   27.62		0.0000e+00
   27.63		0.0000e+00
   27.64		0.0000e+00
   27.65		0.0000e+00
   27.66		0.0000e+00
   27.67		0.0000e+00
   27.68		0.0000e+00
   27.69		0.0000e+00
   27.70		0.0000e+00
   27.71		0.0000e+00
   27.72		0.0000e+00
   27.73		0.0000e+00
   27.74		0.0000e+00
   27.75		0.0000e+00
   27.76		0.0000e+00
   27.77		0.0000e+00
   27.78		0.0000e+00
   27.79		0.0000e+00
   27.80		0.0000e+00
   27.81		0.0000e+00
   27.82		0.0000e+00
   27.83		0.0000e+00
   27.84		0.0000e+00
   27.85		0.0000e+00
   27.86		0.0000e+00
   27.87		0.0000e+00
   27.88		0.0000e+00
   27.89		0.0000e+00
   27.90		0.0000e+00
   27.91		0.0000e+00
   27.92		0.0000e+00
   27.93		0.0000e+00
   27.94		0.0000e+00
   27.95		0.0000e+00
   27.96		0.0000e+00
   27.97		0.0000e+00
   27.98		0.0000e+00
   27.99		0.0000e+00
   28.00		0.0000e+00
   28.01		0.0000e+00
   28.02		0.0000e+00
   28.03		0.0000e+00
   28.04		0.0000e+00
   28.05		0.0000e+00
   28.06		0.0000e+00
   28.07		0.0000e+00
   28.08		0.0000e+00
   28.09		0.0000e+00
   28.10		0.0000e+00
   28.11		0.0000e+00
   28.12		0.0000e+00
   28.13		0.0000e+00
   28.14		0.0000e+00
   28.15		0.0000e+00
   28.16		0.0000e+00
   28.17		0.0000e+00
   28.18		0.0000e+00
   28.19		0.0000e+00
   28.20		0.0000e+00
   28.21		0.0000e+00
   28.22		0.0000e+00
   28.23		0.0000e+00
   28.24		0.0000e+00
   28.25		0.0000e+00
   28.26		0.0000e+00
   28.27		0.0000e+00
   28.28		0.0000e+00
   28.29		0.0000e+00
   28.30		0.0000e+00
   28.31		0.0000e+00
   28.32		0.0000e+00
   28.33		0.0000e+00
   28.34		0.0000e+00
   28.35		0.0000e+00
   28.36		0.0000e+00
   28.37		0.0000e+00
   28.38		0.0000e+00
   28.39		0.0000e+00
   28.40		0.0000e+00
   28.41		0.0000e+00
   28.42		0.0000e+00
   28.43		0.0000e+00
   28.44		0.0000e+00
   28.45		0.0000e+00
   28.46		0.0000e+00
   28.47		0.0000e+00
   28.48		0.0000e+00
   28.49		0.0000e+00
   28.50		0.0000e+00
   28.51		0.0000e+00
   28.52		0.0000e+00
   28.53		0.0000e+00
   28.54		0.0000e+00
   28.55		0.0000e+00
   28.56		0.0000e+00
   28.57		0.0000e+00
   28.58		0.0000e+00
   28.59		0.0000e+00
   28.60		0.0000e+00
   28.61		0.0000e+00
   28.62		0.0000e+00
   28.63		0.0000e+00
   28.64		0.0000e+00
   28.65		0.0000e+00
   28.66		0.0000e+00
   28.67		0.0000e+00
   28.68		0.0000e+00
   28.69		0.0000e+00
   28.70		0.0000e+00
   28.71		0.0000e+00
   28.72		0.0000e+00
   28.73		0.0000e+00
   28.74		0.0000e+00
   28.75		0.0000e+00
   28.76		0.0000e+00
   28.77		0.0000e+00
   28.78		0.0000e+00
   28.79		0.0000e+00
   28.80		0.0000e+00
   28.81		0.0000e+00
   28.82		0.0000e+00
   28.83		0.0000e+00
   28.84		0.0000e+00
   28.85		0.0000e+00
   28.86		0.0000e+00
   28.87		0.0000e+00
   28.88		0.0000e+00
   28.89		0.0000e+00
   28.90		0.0000e+00
   28.91		0.0000e+00
   28.92		0.0000e+00
   28.93		0.0000e+00
   28.94		0.0000e+00
   28.95		0.0000e+00
   28.96		0.0000e+00
   28.97		0.0000e+00
   28.98		0.0000e+00
   28.99		0.0000e+00
   29.00		0.0000e+00
   29.01		0.0000e+00
   29.02		0.0000e+00
   29.03		0.0000e+00
   29.04		0.0000e+00
   29.05		0.0000e+00
   29.06		0.0000e+00
   29.07		0.0000e+00
   29.08		0.0000e+00
   29.09		0.0000e+00
   29.10		0.0000e+00
   29.11		0.0000e+00
   29.12		0.0000e+00
   29.13		0.0000e+00
   29.14		0.0000e+00
   29.15		0.0000e+00
   29.16		0.0000e+00
   29.17		0.0000e+00
   29.18		0.0000e+00
   29.19		0.0000e+00
   29.20		0.0000e+00
   29.21		0.0000e+00
   29.22		0.0000e+00
   29.23		0.0000e+00
   29.24		0.0000e+00
   29.25		0.0000e+00
   29.26		0.0000e+00
   29.27		0.0000e+00
   29.28		0.0000e+00
   29.29		0.0000e+00
   29.30		0.0000e+00
   29.31		0.0000e+00
   29.32		0.0000e+00
   29.33		0.0000e+00
   29.34		0.0000e+00
   29.35		0.0000e+00
   29.36		0.0000e+00
   29.37		0.0000e+00
   29.38		0.0000e+00
   29.39		0.0000e+00
   29.40		0.0000e+00
   29.41		0.0000e+00
   29.42		0.0000e+00
   29.43		0.0000e+00
   29.44		0.0000e+00
   29.45		0.0000e+00
   29.46		0.0000e+00
   29.47		0.0000e+00
   29.48		0.0000e+00
   29.49		0.0000e+00
   29.50		0.0000e+00
   29.51		0.0000e+00
   29.52		0.0000e+00
   29.53		0.0000e+00
   29.54		0.0000e+00
   29.55		0.0000e+00
   29.56		0.0000e+00
   29.57		0.0000e+00
   29.58		0.0000e+00
   29.59		0.0000e+00
   29.60		0.0000e+00
   29.61		0.0000e+00
   29.62		0.0000e+00
   29.63		0.0000e+00
   29.64		0.0000e+00
   29.65		0.0000e+00
   29.66		0.0000e+00
   29.67		0.0000e+00
   29.68		0.0000e+00
   29.69		0.0000e+00
   29.70		0.0000e+00
   29.71		0.0000e+00
   29.72		0.0000e+00
   29.73		0.0000e+00
   29.74		0.0000e+00
   29.75		0.0000e+00
   29.76		0.0000e+00
   29.77		0.0000e+00
   29.78		0.0000e+00
   29.79		0.0000e+00
   29.80		0.0000e+00
   29.81		0.0000e+00
   29.82		0.0000e+00
   29.83		0.0000e+00
   29.84		0.0000e+00
   29.85		0.0000e+00
   29.86		0.0000e+00
   29.87		0.0000e+00
   29.88		0.0000e+00
   29.89		0.0000e+00
   29.90		0.0000e+00
   29.91		0.0000e+00
   29.92		0.0000e+00
   29.93		0.0000e+00
   29.94		0.0000e+00
   29.95		0.0000e+00
   29.96		0.0000e+00
   29.97		0.0000e+00
   29.98		0.0000e+00
   29.99		0.0000e+00
   30.00		0.0000e+00
   30.01		0.0000e+00
   30.02		0.0000e+00
   30.03		0.0000e+00
   30.04		0.0000e+00
   30.05		0.0000e+00
   30.06		0.0000e+00
   30.07		0.0000e+00
   30.08		0.0000e+00
   30.09		0.0000e+00
   30.10		0.0000e+00
   30.11		0.0000e+00
   30.12		0.0000e+00
   30.13		0.0000e+00
   30.14		0.0000e+00
   30.15		0.0000e+00
   30.16		0.0000e+00
   30.17		0.0000e+00
   30.18		0.0000e+00
   30.19		0.0000e+00
   30.20		0.0000e+00
   30.21		0.0000e+00
   30.22		0.0000e+00
   30.23		0.0000e+00
   30.24		0.0000e+00
   30.25		0.0000e+00
   30.26		0.0000e+00
   30.27		0.0000e+00
   30.28		0.0000e+00
   30.29		0.0000e+00
   30.30		0.0000e+00
   30.31		0.0000e+00
   30.32		0.0000e+00
   30.33		0.0000e+00
   30.34		0.0000e+00
   30.35		0.0000e+00
   30.36		0.0000e+00
   30.37		0.0000e+00
   30.38		0.0000e+00
   30.39		0.0000e+00
   30.40		0.0000e+00
   30.41		0.0000e+00
   30.42		0.0000e+00
   30.43		0.0000e+00
   30.44		0.0000e+00
   30.45		0.0000e+00
   30.46		0.0000e+00
   30.47		0.0000e+00
   30.48		0.0000e+00
   30.49		0.0000e+00
   30.50		0.0000e+00
   30.51		0.0000e+00
   30.52		0.0000e+00
   30.53		0.0000e+00
   30.54		0.0000e+00
   30.55		0.0000e+00
   30.56		0.0000e+00
   30.57		0.0000e+00
   30.58		0.0000e+00
   30.59		0.0000e+00
   30.60		0.0000e+00
   30.61		0.0000e+00
   30.62		0.0000e+00
   30.63		0.0000e+00
   30.64		0.0000e+00
   30.65		0.0000e+00
   30.66		0.0000e+00
   30.67		0.0000e+00
   30.68		0.0000e+00
   30.69		0.0000e+00
   30.70		0.0000e+00
   30.71		0.0000e+00
   30.72		0.0000e+00
   30.73		0.0000e+00
   30.74		0.0000e+00
   30.75		0.0000e+00
   30.76		0.0000e+00
   30.77		0.0000e+00
   30.78		0.0000e+00
   30.79		0.0000e+00
   30.80		0.0000e+00
   30.81		0.0000e+00
   30.82		0.0000e+00
   30.83		0.0000e+00
   30.84		0.0000e+00
   30.85		0.0000e+00
   30.86		0.0000e+00
   30.87		0.0000e+00
   30.88		0.0000e+00
   30.89		0.0000e+00
   30.90		0.0000e+00
   30.91		0.0000e+00
   30.92		0.0000e+00
   30.93		0.0000e+00
   30.94		0.0000e+00
   30.95		0.0000e+00
   30.96		0.0000e+00
   30.97		0.0000e+00
   30.98		0.0000e+00
   30.99		0.0000e+00
   31.00		0.0000e+00
   31.01		0.0000e+00
   31.02		0.0000e+00
   31.03		0.0000e+00
   31.04		0.0000e+00
   31.05		0.0000e+00
   31.06		0.0000e+00
   31.07		0.0000e+00
   31.08		0.0000e+00
   31.09		0.0000e+00
   31.10		0.0000e+00
   31.11		0.0000e+00
   31.12		0.0000e+00
   31.13		0.0000e+00
   31.14		0.0000e+00
   31.15		0.0000e+00
   31.16		0.0000e+00
   31.17		0.0000e+00
   31.18		0.0000e+00
   31.19		0.0000e+00
   31.20		0.0000e+00
   31.21		0.0000e+00
   31.22		0.0000e+00
   31.23		0.0000e+00
   31.24		0.0000e+00
   31.25		0.0000e+00
   31.26		0.0000e+00
   31.27		0.0000e+00
   31.28		0.0000e+00
   31.29		0.0000e+00
   31.30		0.0000e+00
   31.31		0.0000e+00
   31.32		0.0000e+00
   31.33		0.0000e+00
   31.34		0.0000e+00
   31.35		0.0000e+00
   31.36		0.0000e+00
   31.37		0.0000e+00
   31.38		0.0000e+00
   31.39		0.0000e+00
   31.40		0.0000e+00
   31.41		0.0000e+00
   31.42		0.0000e+00
   31.43		0.0000e+00
   31.44		0.0000e+00
   31.45		0.0000e+00
   31.46		0.0000e+00
   31.47		0.0000e+00
   31.48		0.0000e+00
   31.49		0.0000e+00
   31.50		0.0000e+00
   31.51		0.0000e+00
   31.52		0.0000e+00
   31.53		0.0000e+00
   31.54		0.0000e+00
   31.55		0.0000e+00
   31.56		0.0000e+00
   31.57		0.0000e+00
   31.58		0.0000e+00
   31.59		0.0000e+00
   31.60		0.0000e+00
   31.61		0.0000e+00
   31.62		0.0000e+00
   31.63		0.0000e+00
   31.64		0.0000e+00
   31.65		0.0000e+00
   31.66		0.0000e+00
   31.67		0.0000e+00
   31.68		0.0000e+00
   31.69		0.0000e+00
   31.70		0.0000e+00
   31.71		0.0000e+00
   31.72		0.0000e+00
   31.73		0.0000e+00
   31.74		0.0000e+00
   31.75		0.0000e+00
   31.76		0.0000e+00
   31.77		0.0000e+00
   31.78		0.0000e+00
   31.79		0.0000e+00
   31.80		0.0000e+00
   31.81		0.0000e+00
   31.82		0.0000e+00
   31.83		0.0000e+00
   31.84		0.0000e+00
   31.85		0.0000e+00
   31.86		0.0000e+00
   31.87		0.0000e+00
   31.88		0.0000e+00
   31.89		0.0000e+00
   31.90		0.0000e+00
   31.91		0.0000e+00
   31.92		0.0000e+00
   31.93		0.0000e+00
   31.94		0.0000e+00
   31.95		0.0000e+00
   31.96		0.0000e+00
   31.97		0.0000e+00
   31.98		0.0000e+00
   31.99		0.0000e+00
   32.00		0.0000e+00
   32.01		0.0000e+00
   32.02		0.0000e+00
   32.03		0.0000e+00
   32.04		0.0000e+00
   32.05		0.0000e+00
   32.06		0.0000e+00
   32.07		0.0000e+00
   32.08		0.0000e+00
   32.09		0.0000e+00
   32.10		0.0000e+00
   32.11		0.0000e+00
   32.12		0.0000e+00
   32.13		0.0000e+00
   32.14		0.0000e+00
   32.15		0.0000e+00
   32.16		0.0000e+00
   32.17		0.0000e+00
   32.18		0.0000e+00
   32.19		0.0000e+00
   32.20		0.0000e+00
   32.21		0.0000e+00
   32.22		0.0000e+00
   32.23		0.0000e+00
   32.24		0.0000e+00
   32.25		0.0000e+00
   32.26		0.0000e+00
   32.27		0.0000e+00
   32.28		0.0000e+00
   32.29		0.0000e+00
   32.30		0.0000e+00
   32.31		0.0000e+00
   32.32		0.0000e+00
   32.33		0.0000e+00
   32.34		0.0000e+00
   32.35		0.0000e+00
   32.36		0.0000e+00
   32.37		0.0000e+00
   32.38		0.0000e+00
   32.39		0.0000e+00
   32.40		0.0000e+00
   32.41		0.0000e+00
   32.42		0.0000e+00
   32.43		0.0000e+00
   32.44		0.0000e+00
   32.45		0.0000e+00
   32.46		0.0000e+00
   32.47		0.0000e+00
   32.48		0.0000e+00
   32.49		0.0000e+00
   32.50		0.0000e+00
   32.51		0.0000e+00
   32.52		0.0000e+00
   32.53		0.0000e+00
   32.54		0.0000e+00
   32.55		0.0000e+00
   32.56		0.0000e+00
   32.57		0.0000e+00
   32.58		0.0000e+00
   32.59		0.0000e+00
   32.60		0.0000e+00
   32.61		0.0000e+00
   32.62		0.0000e+00
   32.63		0.0000e+00
   32.64		0.0000e+00
   32.65		0.0000e+00
   32.66		0.0000e+00
   32.67		0.0000e+00
   32.68		0.0000e+00
   32.69		0.0000e+00
   32.70		0.0000e+00
   32.71		0.0000e+00
   32.72		0.0000e+00
   32.73		0.0000e+00
   32.74		0.0000e+00
   32.75		0.0000e+00
   32.76		0.0000e+00
   32.77		0.0000e+00
   32.78		0.0000e+00
   32.79		0.0000e+00
   32.80		0.0000e+00
   32.81		0.0000e+00
   32.82		0.0000e+00
   32.83		0.0000e+00
   32.84		0.0000e+00
   32.85		0.0000e+00
   32.86		0.0000e+00
   32.87		0.0000e+00
   32.88		0.0000e+00
   32.89		0.0000e+00
   32.90		0.0000e+00
   32.91		0.0000e+00
   32.92		0.0000e+00
   32.93		0.0000e+00
   32.94		0.0000e+00
   32.95		0.0000e+00
   32.96		0.0000e+00
   32.97		0.0000e+00
   32.98		0.0000e+00
   32.99		0.0000e+00
   33.00		0.0000e+00
   33.01		0.0000e+00
   33.02		0.0000e+00
   33.03		0.0000e+00
   33.04		0.0000e+00
   33.05		0.0000e+00
   33.06		0.0000e+00
   33.07		0.0000e+00
   33.08		0.0000e+00
   33.09		0.0000e+00
   33.10		0.0000e+00
   33.11		0.0000e+00
   33.12		0.0000e+00
   33.13		0.0000e+00
   33.14		0.0000e+00
   33.15		0.0000e+00
   33.16		0.0000e+00
   33.17		0.0000e+00
   33.18		0.0000e+00
   33.19		0.0000e+00
   33.20		0.0000e+00
   33.21		0.0000e+00
   33.22		0.0000e+00
   33.23		0.0000e+00
   33.24		0.0000e+00
   33.25		0.0000e+00
   33.26		0.0000e+00
   33.27		0.0000e+00
   33.28		0.0000e+00
   33.29		0.0000e+00
   33.30		0.0000e+00
   33.31		0.0000e+00
   33.32		0.0000e+00
   33.33		0.0000e+00
   33.34		0.0000e+00
   33.35		0.0000e+00
   33.36		0.0000e+00
   33.37		0.0000e+00
   33.38		0.0000e+00
   33.39		0.0000e+00
   33.40		0.0000e+00
   33.41		0.0000e+00
   33.42		0.0000e+00
   33.43		0.0000e+00
   33.44		0.0000e+00
   33.45		0.0000e+00
   33.46		0.0000e+00
   33.47		0.0000e+00
   33.48		0.0000e+00
   33.49		0.0000e+00
   33.50		0.0000e+00
   33.51		0.0000e+00
   33.52		0.0000e+00
   33.53		0.0000e+00
   33.54		0.0000e+00
   33.55		0.0000e+00
   33.56		0.0000e+00
   33.57		0.0000e+00
   33.58		0.0000e+00
   33.59		0.0000e+00
   33.60		0.0000e+00
   33.61		0.0000e+00
   33.62		0.0000e+00
   33.63		0.0000e+00
   33.64		0.0000e+00
   33.65		0.0000e+00
   33.66		0.0000e+00
   33.67		0.0000e+00
   33.68		0.0000e+00
   33.69		0.0000e+00
   33.70		0.0000e+00
   33.71		0.0000e+00
   33.72		0.0000e+00
   33.73		0.0000e+00
   33.74		0.0000e+00
   33.75		0.0000e+00
   33.76		0.0000e+00
   33.77		0.0000e+00
   33.78		0.0000e+00
   33.79		0.0000e+00
   33.80		0.0000e+00
   33.81		0.0000e+00
   33.82		0.0000e+00
   33.83		0.0000e+00
   33.84		0.0000e+00
   33.85		0.0000e+00
   33.86		0.0000e+00
   33.87		0.0000e+00
   33.88		0.0000e+00
   33.89		0.0000e+00
   33.90		0.0000e+00
   33.91		0.0000e+00
   33.92		0.0000e+00
   33.93		0.0000e+00
   33.94		0.0000e+00
   33.95		0.0000e+00
   33.96		0.0000e+00
   33.97		0.0000e+00
   33.98		0.0000e+00
   33.99		0.0000e+00
   34.00		0.0000e+00
   34.01		0.0000e+00
   34.02		0.0000e+00
   34.03		0.0000e+00
   34.04		0.0000e+00
   34.05		0.0000e+00
   34.06		0.0000e+00
   34.07		0.0000e+00
   34.08		0.0000e+00
   34.09		0.0000e+00
   34.10		0.0000e+00
   34.11		0.0000e+00
   34.12		0.0000e+00
   34.13		0.0000e+00
   34.14		0.0000e+00
   34.15		0.0000e+00
   34.16		0.0000e+00
   34.17		0.0000e+00
   34.18		0.0000e+00
   34.19		0.0000e+00
   34.20		0.0000e+00
   34.21		0.0000e+00
   34.22		0.0000e+00
   34.23		0.0000e+00
   34.24		0.0000e+00
   34.25		0.0000e+00
   34.26		0.0000e+00
   34.27		0.0000e+00
   34.28		0.0000e+00
   34.29		0.0000e+00
   34.30		0.0000e+00
   34.31		0.0000e+00
   34.32		0.0000e+00
   34.33		0.0000e+00
   34.34		0.0000e+00
   34.35		0.0000e+00
   34.36		0.0000e+00
   34.37		0.0000e+00
   34.38		0.0000e+00
   34.39		0.0000e+00
   34.40		0.0000e+00
   34.41		0.0000e+00
   34.42		0.0000e+00
   34.43		0.0000e+00
   34.44		0.0000e+00
   34.45		0.0000e+00
   34.46		0.0000e+00
   34.47		0.0000e+00
   34.48		0.0000e+00
   34.49		0.0000e+00
   34.50		0.0000e+00
   34.51		0.0000e+00
   34.52		0.0000e+00
   34.53		0.0000e+00
   34.54		0.0000e+00
   34.55		0.0000e+00
   34.56		0.0000e+00
   34.57		0.0000e+00
   34.58		0.0000e+00
   34.59		0.0000e+00
   34.60		0.0000e+00
   34.61		0.0000e+00
   34.62		0.0000e+00
   34.63		0.0000e+00
   34.64		0.0000e+00
   34.65		0.0000e+00
   34.66		0.0000e+00
   34.67		0.0000e+00
   34.68		0.0000e+00
   34.69		0.0000e+00
   34.70		0.0000e+00
   34.71		0.0000e+00
   34.72		0.0000e+00
   34.73		0.0000e+00
   34.74		0.0000e+00
   34.75		0.0000e+00
   34.76		0.0000e+00
   34.77		0.0000e+00
   34.78		0.0000e+00
   34.79		0.0000e+00
   34.80		0.0000e+00
   34.81		0.0000e+00
   34.82		0.0000e+00
   34.83		0.0000e+00
   34.84		0.0000e+00
   34.85		0.0000e+00
   34.86		0.0000e+00
   34.87		0.0000e+00
   34.88		0.0000e+00
   34.89		0.0000e+00
   34.90		0.0000e+00
   34.91		0.0000e+00
   34.92		0.0000e+00
   34.93		0.0000e+00
   34.94		0.0000e+00
   34.95		0.0000e+00
   34.96		0.0000e+00
   34.97		0.0000e+00
   34.98		0.0000e+00
   34.99		0.0000e+00
   35.00		0.0000e+00
   35.01		0.0000e+00
   35.02		0.0000e+00
   35.03		0.0000e+00
   35.04		0.0000e+00
   35.05		0.0000e+00
   35.06		0.0000e+00
   35.07		0.0000e+00
   35.08		0.0000e+00
   35.09		0.0000e+00
   35.10		0.0000e+00
   35.11		0.0000e+00
   35.12		0.0000e+00
   35.13		0.0000e+00
   35.14		0.0000e+00
   35.15		0.0000e+00
   35.16		0.0000e+00
   35.17		0.0000e+00
   35.18		0.0000e+00
   35.19		0.0000e+00
   35.20		0.0000e+00
   35.21		0.0000e+00
   35.22		0.0000e+00
   35.23		0.0000e+00
   35.24		0.0000e+00
   35.25		0.0000e+00
   35.26		0.0000e+00
   35.27		0.0000e+00
   35.28		0.0000e+00
   35.29		0.0000e+00
   35.30		0.0000e+00
   35.31		0.0000e+00
   35.32		0.0000e+00
   35.33		0.0000e+00
   35.34		0.0000e+00
   35.35		0.0000e+00
   35.36		0.0000e+00
   35.37		0.0000e+00
   35.38		0.0000e+00
   35.39		0.0000e+00
   35.40		0.0000e+00
   35.41		0.0000e+00
   35.42		0.0000e+00
   35.43		0.0000e+00
   35.44		0.0000e+00
   35.45		0.0000e+00
   35.46		0.0000e+00
   35.47		0.0000e+00
   35.48		0.0000e+00
   35.49		0.0000e+00
   35.50		0.0000e+00
   35.51		0.0000e+00
   35.52		0.0000e+00
   35.53		0.0000e+00
   35.54		0.0000e+00
   35.55		0.0000e+00
   35.56		0.0000e+00
   35.57		0.0000e+00
   35.58		0.0000e+00
   35.59		0.0000e+00
   35.60		0.0000e+00
   35.61		0.0000e+00
   35.62		0.0000e+00
   35.63		0.0000e+00
   35.64		0.0000e+00
   35.65		0.0000e+00
   35.66		0.0000e+00
   35.67		0.0000e+00
   35.68		0.0000e+00
   35.69		0.0000e+00
   35.70		0.0000e+00
   35.71		0.0000e+00
   35.72		0.0000e+00
   35.73		0.0000e+00
   35.74		0.0000e+00
   35.75		0.0000e+00
   35.76		0.0000e+00
   35.77		0.0000e+00
   35.78		0.0000e+00
   35.79		0.0000e+00
   35.80		0.0000e+00
   35.81		0.0000e+00
   35.82		0.0000e+00
   35.83		0.0000e+00
   35.84		0.0000e+00
   35.85		0.0000e+00
   35.86		0.0000e+00
   35.87		0.0000e+00
   35.88		0.0000e+00
   35.89		0.0000e+00
   35.90		0.0000e+00
   35.91		0.0000e+00
   35.92		0.0000e+00
   35.93		0.0000e+00
   35.94		0.0000e+00
   35.95		0.0000e+00
   35.96		0.0000e+00
   35.97		0.0000e+00
   35.98		0.0000e+00
   35.99		0.0000e+00
   36.00		0.0000e+00
   36.01		0.0000e+00
   36.02		0.0000e+00
   36.03		0.0000e+00
   36.04		0.0000e+00
   36.05		0.0000e+00
   36.06		0.0000e+00
   36.07		0.0000e+00
   36.08		0.0000e+00
   36.09		0.0000e+00
   36.10		0.0000e+00
   36.11		0.0000e+00
   36.12		0.0000e+00
   36.13		0.0000e+00
   36.14		0.0000e+00
   36.15		0.0000e+00
   36.16		0.0000e+00
   36.17		0.0000e+00
   36.18		0.0000e+00
   36.19		0.0000e+00
   36.20		0.0000e+00
   36.21		0.0000e+00
   36.22		0.0000e+00
   36.23		0.0000e+00
   36.24		0.0000e+00
   36.25		0.0000e+00
   36.26		0.0000e+00
   36.27		0.0000e+00
   36.28		0.0000e+00
   36.29		0.0000e+00
   36.30		0.0000e+00
   36.31		0.0000e+00
   36.32		0.0000e+00
   36.33		0.0000e+00
   36.34		0.0000e+00
   36.35		0.0000e+00
   36.36		0.0000e+00
   36.37		0.0000e+00
   36.38		0.0000e+00
   36.39		0.0000e+00
   36.40		0.0000e+00
   36.41		0.0000e+00
   36.42		0.0000e+00
   36.43		0.0000e+00
   36.44		0.0000e+00
   36.45		0.0000e+00
   36.46		0.0000e+00
   36.47		0.0000e+00
   36.48		0.0000e+00
   36.49		0.0000e+00
   36.50		0.0000e+00
   36.51		0.0000e+00
   36.52		0.0000e+00
   36.53		0.0000e+00
   36.54		0.0000e+00
   36.55		0.0000e+00
   36.56		0.0000e+00
   36.57		0.0000e+00
   36.58		0.0000e+00
   36.59		0.0000e+00
   36.60		0.0000e+00
   36.61		0.0000e+00
   36.62		0.0000e+00
   36.63		0.0000e+00
   36.64		0.0000e+00
   36.65		0.0000e+00
   36.66		0.0000e+00
   36.67		0.0000e+00
   36.68		0.0000e+00
   36.69		0.0000e+00
   36.70		0.0000e+00
   36.71		0.0000e+00
   36.72		0.0000e+00
   36.73		0.0000e+00
   36.74		0.0000e+00
   36.75		0.0000e+00
   36.76		0.0000e+00
   36.77		0.0000e+00
   36.78		0.0000e+00
   36.79		0.0000e+00
   36.80		0.0000e+00
   36.81		0.0000e+00
   36.82		0.0000e+00
   36.83		0.0000e+00
