a = 17505.230073053815 м
b = 15041.096504524385 м
x0 = 11397.304210354878 м
vr = 1718.0879083268835 м/с
A0 = 0.8096516590901737 м
Xmax = 14899.29629380844 м
sigmaX = 4327.474581316762 м
sigmaY = 4595.053681466875 м
M0 = 1.795224322073314e+19 Н*м - интегральное значение сейсмического момента
Mr_max = 3.7559746501265454e+18 Н*м/с - максимальное значение функции источника
1-ый столбец - источника
2-ой столбец - время
0.0	0.0
1504694961992619.5	0.1
2.075877277829232e+17	0.2
4.101180397592501e+17	0.30000000000000004
6.126564082072334e+17	0.4
8.184082180028022e+17	0.5
1.0166988968860424e+18	0.6000000000000001
1.203766209696221e+18	0.7000000000000001
1.3955757298672525e+18	0.8
1.574962013115881e+18	0.9
1.772262766585981e+18	1.0
1.9424877740975503e+18	1.1
2.0966884935527045e+18	1.2000000000000002
2.2695316551008376e+18	1.3
2.4076951562260675e+18	1.4000000000000001
2.5876220096087204e+18	1.5
2.7195562524790047e+18	1.6
2.819645413330961e+18	1.7000000000000002
2.960924956408371e+18	1.8
3.060229027476873e+18	1.9000000000000001
3.1799409028718874e+18	2.0
3.282180713780621e+18	2.1
3.331462264328561e+18	2.2
3.4441772067963423e+18	2.3000000000000003
3.478353987481577e+18	2.4000000000000004
3.5730925263776466e+18	2.5
3.613593195461325e+18	2.6
3.660528024827725e+18	2.7
3.681171284808118e+18	2.8000000000000003
3.6985237016851876e+18	2.9000000000000004
3.7392736919163295e+18	3.0
3.727271340080558e+18	3.1
3.7559746501265454e+18	3.2
3.735231894537388e+18	3.3000000000000003
3.6659876921948667e+18	3.4000000000000004
3.6921939831597363e+18	3.5
3.6233755575826396e+18	3.6
3.5899363305041183e+18	3.7
3.5517109850017024e+18	3.8000000000000003
3.4803908302737725e+18	3.9000000000000004
3.4406573730865807e+18	4.0
3.3542041955108915e+18	4.1000000000000005
3.2991421147603656e+18	4.2
3.2255376436687304e+18	4.3
3.128078009150455e+18	4.4
3.0747396736315663e+18	4.5
2.9486631034938716e+18	4.6000000000000005
2.878066678231917e+18	4.7
2.807276736258281e+18	4.800000000000001
2.686516870007525e+18	4.9
2.61805428668376e+18	5.0
2.509299546793081e+18	5.1000000000000005
2.415769133565172e+18	5.2
2.3189707162744064e+18	5.300000000000001
2.2225582287645924e+18	5.4
2.1258897671878177e+18	5.5
2.027051708926531e+18	5.6000000000000005
1.9661411792798735e+18	5.7
1.8507261802330557e+18	5.800000000000001
1.7474405513325635e+18	5.9
1.671470706929285e+18	6.0
1.5685165128078605e+18	6.1000000000000005
1.5074214223884887e+18	6.2
1.4184508753970778e+18	6.300000000000001
1.329975737194012e+18	6.4
1.2556629857930668e+18	6.5
1.163779907899594e+18	6.6000000000000005
1.1069470971206158e+18	6.7
1.029128565027807e+18	6.800000000000001
9.613274041128963e+17	6.9
8.981879739530886e+17	7.0
8.282657350666936e+17	7.1000000000000005
7.674578526942524e+17	7.2
7.12770351230249e+17	7.300000000000001
6.621563128296817e+17	7.4
6.094936521109157e+17	7.5
5.6099098875911994e+17	7.6000000000000005
5.194310054857526e+17	7.7
4.742057416610865e+17	7.800000000000001
4.3819251613886054e+17	7.9
3.9856376637134656e+17	8.0
3.625384701534257e+17	8.1
3.3369600855573715e+17	8.200000000000001
3.031452870180692e+17	8.3
2.7659162370929098e+17	8.4
2.5184252485270893e+17	8.5
2.2597998226036074e+17	8.6
2.063643834762655e+17	8.700000000000001
1.8448550995286992e+17	8.8
1.6721742109224342e+17	8.9
1.4989957537799248e+17	9.0
1.3506857544970661e+17	9.1
1.212619049709779e+17	9.200000000000001
1.0740071163152555e+17	9.3
9.655807799670648e+16	9.4
8.552045598283394e+16	9.5
7.581467012171282e+16	9.600000000000001
6.7120349141848984e+16	9.700000000000001
5.940351690856337e+16	9.8
5.279336359098211e+16	9.9
4.614138247841027e+16	10.0
4.103313972618935e+16	10.100000000000001
3.570773273844252e+16	10.200000000000001
3.12383037872122e+16	10.3
2.772887055948439e+16	10.4
2.3859343315869956e+16	10.5
2.0660083081536268e+16	10.600000000000001
1.805086590755108e+16	10.700000000000001
1.5500168328010692e+16	10.8
1.3600533372125664e+16	10.9
1.16920154640466e+16	11.0
1.0045881627086294e+16	11.100000000000001
8626593895607927.0	11.200000000000001
7390900066880852.0	11.3
6285717249751351.0	11.4
5337693614435150.0	11.5
4571688761567389.0	11.600000000000001
3868092263324193.5	11.700000000000001
3273966149522569.5	11.8
2770429456479195.5	11.9
2325083857567569.5	12.0
1941582421151308.0	12.100000000000001
1624656813796963.2	12.200000000000001
1348771475842326.2	12.3
1115388886296229.2	12.4
926243784531003.1	12.5
762325700148998.9	12.600000000000001
621606218820913.6	12.700000000000001
505202230154877.6	12.8
409570319722776.44	12.9
328962844889353.44	13.0
261417091601681.84	13.100000000000001
205370699728016.72	13.200000000000001
159657552784427.53	13.3
122190818736358.52	13.4
90400151309839.42	13.5
64012760911028.2	13.600000000000001
41517865755583.125	13.700000000000001
19416994178813.51	13.8
0.0	13.9
0.0	14.0
0.0	14.100000000000001
0.0	14.200000000000001
0.0	14.3
0.0	14.4
0.0	14.5
0.0	14.600000000000001
0.0	14.700000000000001
