a = 14553.31754063371 м
b = 10906.603575517198 м
x0 = 1006.9040690891519 м
vr = 1849.9220775038011 м/с
A0 = 1.427842196287261 м
Xmax = 15082.253136648897 м
sigmaX = 4640.467774334489 м
sigmaY = 4800.500166911087 м
M0 = 3.127298345752409e+19 Н*м - интегральное значение сейсмического момента
Mr_max = 5.218904399452549e+18 Н*м/с - максимальное значение функции источника
1-ый столбец - источника
2-ой столбец - время
0.0	0.0
39904037652429.195	0.1
5927238078675687.0	0.2
1.1956575469619056e+16	0.30000000000000004
1.8079345886511092e+16	0.4
2.464256458500353e+16	0.5
3.1322106974197668e+16	0.6000000000000001
3.656430666308467e+16	0.7000000000000001
4.266494569350919e+16	0.8
4.963744578984625e+16	0.9
5.8180247502837976e+16	1.0
6.776723620921705e+16	1.1
7.944549446026382e+16	1.2000000000000002
9.076597694446186e+16	1.3
1.0468218977785413e+17	1.4000000000000001
1.1923653746438386e+17	1.5
1.3562832460149963e+17	1.6
1.542879248033817e+17	1.7000000000000002
1.747416135125452e+17	1.8
1.953603283251242e+17	1.9000000000000001
2.2181934834471904e+17	2.0
2.4534171804855126e+17	2.1
2.7349898641354794e+17	2.2
3.0656304258260256e+17	2.3000000000000003
3.421547095002575e+17	2.4000000000000004
3.799479049994456e+17	2.5
4.151788137215004e+17	2.6
4.6124395336164755e+17	2.7
4.999846687752536e+17	2.8000000000000003
5.559857003171404e+17	2.9000000000000004
6.108882964125573e+17	3.0
6.576988681989e+17	3.1
7.280533974235304e+17	3.2
7.832034442329458e+17	3.3000000000000003
8.491813295437699e+17	3.4000000000000004
9.19005349457624e+17	3.5
9.969508631083839e+17	3.6
1.0724986209759053e+18	3.7
1.1728953413664256e+18	3.8000000000000003
1.2399980736183764e+18	3.9000000000000004
1.3380439757600788e+18	4.0
1.4258024789512128e+18	4.1000000000000005
1.532152459548643e+18	4.2
1.6442308805367562e+18	4.3
1.7191244212551045e+18	4.4
1.8566439868538127e+18	4.5
1.9624470938209283e+18	4.6000000000000005
2.0725033149964073e+18	4.7
2.1938751486805225e+18	4.800000000000001
2.323218087528848e+18	4.9
2.432004352067665e+18	5.0
2.550208939211439e+18	5.1000000000000005
2.683809978066289e+18	5.2
2.807060260932714e+18	5.300000000000001
2.95213996413202e+18	5.4
3.0597228209417994e+18	5.5
3.1905183163792696e+18	5.6000000000000005
3.34422033833517e+18	5.7
3.4728802711665454e+18	5.800000000000001
3.5923844611437747e+18	5.9
3.7350165976311726e+18	6.0
3.856823558860937e+18	6.1000000000000005
3.9420819607629855e+18	6.2
4.0833423239678817e+18	6.300000000000001
4.2179496406340173e+18	6.4
4.331407975518682e+18	6.5
4.4115224840481567e+18	6.6000000000000005
4.5226722540014106e+18	6.7
4.5976592645621e+18	6.800000000000001
4.723431197710377e+18	6.9
4.775056960279444e+18	7.0
4.801622761905141e+18	7.1000000000000005
4.933286766796794e+18	7.2
4.948968076088178e+18	7.300000000000001
5.009744159100746e+18	7.4
5.082261451380438e+18	7.5
5.148925659454595e+18	7.6000000000000005
5.142383044033629e+18	7.7
5.166615848501023e+18	7.800000000000001
5.172832890364543e+18	7.9
5.218904399452549e+18	8.0
5.165829189895675e+18	8.1
5.149881515744423e+18	8.200000000000001
5.158412601044736e+18	8.3
5.096163643692085e+18	8.4
5.055664330151511e+18	8.5
4.995020922608377e+18	8.6
4.979349001898595e+18	8.700000000000001
4.92579589056704e+18	8.8
4.821941778394386e+18	8.9
4.740758353680382e+18	9.0
4.680453799270913e+18	9.1
4.546181568684009e+18	9.200000000000001
4.4588714234154486e+18	9.3
4.363294523455623e+18	9.4
4.29083781944279e+18	9.5
4.1263931914769833e+18	9.600000000000001
4.0149070914410015e+18	9.700000000000001
3.920911861867229e+18	9.8
3.8126883288268493e+18	9.9
3.669157169381966e+18	10.0
3.5477078082711327e+18	10.100000000000001
3.412631738261306e+18	10.200000000000001
3.3050882872612316e+18	10.3
3.1287235768615066e+18	10.4
3.0611287687349105e+18	10.5
2.9161135738082954e+18	10.600000000000001
2.770528870137895e+18	10.700000000000001
2.6446217289131643e+18	10.8
2.5221919589936896e+18	10.9
2.3774965831028874e+18	11.0
2.2648446247755538e+18	11.100000000000001
2.1620396824813187e+18	11.200000000000001
2.0395548804510766e+18	11.3
1.9174393716339988e+18	11.4
1.7992691989278884e+18	11.5
1.6886125238360645e+18	11.600000000000001
1.6022594076970908e+18	11.700000000000001
1.4960792008778685e+18	11.8
1.3945971066034926e+18	11.9
1.2985804223585871e+18	12.0
1.2090805585935862e+18	12.100000000000001
1.1281584713917704e+18	12.200000000000001
1.0377735611917755e+18	12.3
9.648938850882217e+17	12.4
8.920415847003985e+17	12.5
8.314241046478815e+17	12.600000000000001
7.587857395480993e+17	12.700000000000001
6.951077859047607e+17	12.8
6.41812628746494e+17	12.9
5.804459498394198e+17	13.0
5.359746408649881e+17	13.100000000000001
4.817118803827748e+17	13.200000000000001
4.3938279486224736e+17	13.3
3.9574102901342285e+17	13.4
3.5543093382078355e+17	13.5
3.210153530822185e+17	13.600000000000001
2.8889884039445734e+17	13.700000000000001
2.5728067669562237e+17	13.8
2.2982395922638685e+17	13.9
2.0299319296907843e+17	14.0
1.787317280963661e+17	14.100000000000001
1.5714047318972886e+17	14.200000000000001
1.3718537073248214e+17	14.3
1.1925728991131754e+17	14.4
1.0295980240625997e+17	14.5
8.715935067004181e+16	14.600000000000001
7.352579009729288e+16	14.700000000000001
6.099894162760124e+16	14.8
4.954785553673817e+16	14.9
3.887846522181409e+16	15.0
2.8373513174524108e+16	15.100000000000001
1.775154213659693e+16	15.200000000000001
0.0	15.3
0.0	15.4
0.0	15.5
0.0	15.600000000000001
0.0	15.700000000000001
0.0	15.8
0.0	15.9
0.0	16.0
0.0	16.1
