a = 14715.756524208353 м
b = 11859.73805338369 м
x0 = 12010.974181762049 м
vr = 2165.385041794427 м/с
A0 = 0.6088444234879247 м
Xmax = 11108.599399735489 м
sigmaX = 4606.6530870749475 м
sigmaY = 4488.6674657601525 м
M0 = 1.346893092356252e+19 Н*м - интегральное значение сейсмического момента
Mr_max = 4.0647989409962624e+18 Н*м/с - максимальное значение функции источника
1-ый столбец - источника
2-ой столбец - время
0.0	0.0
1939662012888924.2	0.1
3.390669094967319e+17	0.2
6.681311157990505e+17	0.30000000000000004
9.890064676059561e+17	0.4
1.309058117093365e+18	0.5
1.6032708810913597e+18	0.6000000000000001
1.9097466501275466e+18	0.7000000000000001
2.183627920674181e+18	0.8
2.440814317623214e+18	0.9
2.688355153339921e+18	1.0
2.904618142303693e+18	1.1
3.119892236008654e+18	1.2000000000000002
3.3128848205046625e+18	1.3
3.4631825650157947e+18	1.4000000000000001
3.6229683117672346e+18	1.5
3.7564420780652e+18	1.6
3.834787107604559e+18	1.7000000000000002
3.8928183143122796e+18	1.8
4.003072833726804e+18	1.9000000000000001
4.043015646166644e+18	2.0
4.0647989409962624e+18	2.1
4.0372166057070684e+18	2.2
4.0034953306118036e+18	2.3000000000000003
3.979664548294249e+18	2.4000000000000004
3.9274466982112056e+18	2.5
3.8600577079972603e+18	2.6
3.7825501847414467e+18	2.7
3.7033158466497644e+18	2.8000000000000003
3.5947145855916677e+18	2.9000000000000004
3.4680174909869865e+18	3.0
3.355436675885154e+18	3.1
3.2394814497830113e+18	3.2
3.107473906457199e+18	3.3000000000000003
2.9612157287338644e+18	3.4000000000000004
2.8089848755977605e+18	3.5
2.6918522335358904e+18	3.6
2.5271565361926487e+18	3.7
2.4122620081364536e+18	3.8000000000000003
2.27136981949415e+18	3.9000000000000004
2.118133301236635e+18	4.0
1.9809711400658312e+18	4.1000000000000005
1.8508498547987267e+18	4.2
1.727451443796981e+18	4.3
1.5948432644875878e+18	4.4
1.483763252751988e+18	4.5
1.3679888178272484e+18	4.6000000000000005
1.2585477763625774e+18	4.7
1.1530539465740818e+18	4.800000000000001
1.0544819162383156e+18	4.9
9.686355223110194e+17	5.0
8.805562182471983e+17	5.1000000000000005
8.029431922525773e+17	5.2
7.262546637024946e+17	5.300000000000001
4.80680550081542e+17	5.4
3.5211746665993005e+17	5.5
2.3657103068457942e+17	5.6000000000000005
1.3445818054614821e+17	5.7
1.101545366546319e+17	5.800000000000001
9.31131212084146e+16	5.9
7.673407517795734e+16	6.0
6.387457116552837e+16	6.1000000000000005
5.325227498194858e+16	6.2
4.4336102029915576e+16	6.300000000000001
3.6865472001239784e+16	6.4
3.026880203079547e+16	6.5
2.4907648644371892e+16	6.6000000000000005
2.0562837373379664e+16	6.7
1.6637855719595432e+16	6.800000000000001
1.3639434995308874e+16	6.9
1.1012702139386764e+16	7.0
8927608840636068.0	7.1000000000000005
7187812065602483.0	7.2
5841970303077178.0	7.300000000000001
4505210086008278.0	7.4
3562202686546563.0	7.5
2734817202575202.5	7.6000000000000005
2062440265054990.2	7.7
1523392724180577.8	7.800000000000001
1074690297463557.2	7.9
692454943905879.9	8.0
325239518607843.4	8.1
0.0	8.200000000000001
0.0	8.3
0.0	8.4
0.0	8.5
0.0	8.6
0.0	8.700000000000001
0.0	8.8
0.0	8.9
0.0	9.0
