a = 8756.401939589145 м
b = 6244.390675489546 м
x0 = 4340.890126972478 м
vr = 1686.7104117739943 м/с
A0 = 2.1642339172441547 м
Xmax = 7037.37486176634 м
sigmaX = 4076.5742644106754 м
sigmaY = 4882.529654862987 м
M0 = 3.266557282402612e+19 Н*м - интегральное значение сейсмического момента
Mr_max = 9.667132249287465e+18 Н*м/с - максимальное значение функции источника
1-ый столбец - источника
2-ой столбец - время
0.0	0.0
4402684030898014.0	0.1
5.939393280060911e+17	0.2
1.181643112187953e+18	0.30000000000000004
1.7698126692926428e+18	0.4
2.313611662778474e+18	0.5
2.909083772750496e+18	0.6000000000000001
3.4223937283457316e+18	0.7000000000000001
3.9348754563309875e+18	0.8
4.4758687832762747e+18	0.9
4.969823382242764e+18	1.0
5.47896056693755e+18	1.1
5.92600776456252e+18	1.2000000000000002
6.344528686387852e+18	1.3
6.738862113926389e+18	1.4000000000000001
7.116520665941457e+18	1.5
7.497684530991978e+18	1.6
7.839572055988754e+18	1.7000000000000002
8.122577234910644e+18	1.8
8.462629049133677e+18	1.9000000000000001
8.708929854847908e+18	2.0
8.892214328626153e+18	2.1
9.119011589083155e+18	2.2
9.343585495334877e+18	2.3000000000000003
9.433725830714358e+18	2.4000000000000004
9.552740970937074e+18	2.5
9.667132249287465e+18	2.6
8.966120716607683e+18	2.7
8.365556684631576e+18	2.8000000000000003
8.000023141646198e+18	2.9000000000000004
7.896992537073115e+18	3.0
7.617467717509161e+18	3.1
7.406029229863619e+18	3.2
7.165376245461364e+18	3.3000000000000003
7.038333044066021e+18	3.4000000000000004
6.763898482928437e+18	3.5
6.493981484967382e+18	3.6
6.339334288917046e+18	3.7
6.079567787885282e+18	3.8000000000000003
5.796329074893095e+18	3.9000000000000004
5.5660226843169e+18	4.0
5.363080299940532e+18	4.1000000000000005
5.01468274742266e+18	4.2
4.843582661703601e+18	4.3
4.633625081769302e+18	4.4
4.3070354198583736e+18	4.5
4.088109205176279e+18	4.6000000000000005
3.8524332115683277e+18	4.7
3.654935154894726e+18	4.800000000000001
3.3684530335042867e+18	4.9
3.155304415109105e+18	5.0
2.954059335768034e+18	5.1000000000000005
2.71979294409938e+18	5.2
2.535818821318592e+18	5.300000000000001
2.3516151081337093e+18	5.4
2.1841075193641285e+18	5.5
2.0050843430861875e+18	5.6000000000000005
1.867697479762052e+18	5.7
1.6885380697482744e+18	5.800000000000001
1.5288132553292723e+18	5.9
1.3825144632991017e+18	6.0
1.2812858712644567e+18	6.1000000000000005
1.1490496391066792e+18	6.2
1.017208449180539e+18	6.300000000000001
9.335963698186915e+17	6.4
8.259145539720901e+17	6.5
7.38560690579498e+17	6.6000000000000005
6.494749138137028e+17	6.7
5.730339976605567e+17	6.800000000000001
5.0160373151344774e+17	6.9
4.393692453788465e+17	7.0
3.787783901748352e+17	7.1000000000000005
3.2159453824535443e+17	7.2
2.7333364537037165e+17	7.300000000000001
2.270227822990971e+17	7.4
1.847409647321603e+17	7.5
1.4567156211072704e+17	7.6000000000000005
1.0895230586324973e+17	7.7
7.154734217398952e+16	7.800000000000001
2.053598852583018e+16	7.9
0.0	8.0
0.0	8.1
0.0	8.200000000000001
0.0	8.3
0.0	8.4
0.0	8.5
0.0	8.6
0.0	8.700000000000001
0.0	8.8
