a = 14570.04391476693 м
b = 13266.433368914073 м
x0 = 4519.536079962504 м
vr = 1969.8885216340043 м/с
A0 = 0.38178727648900246 м
Xmax = 15237.049386090708 м
sigmaX = 4491.894672520245 м
sigmaY = 4406.917385370899 м
M0 = 7.825796422399656e+18 Н*м - интегральное значение сейсмического момента
Mr_max = 1.4342931457175519e+18 Н*м/с - максимальное значение функции источника
1-ый столбец - источника
2-ой столбец - время
0.0	0.0
65505384719405.46	0.1
1.0384191449452408e+16	0.2
2.073853238669389e+16	0.30000000000000004
3.147271566556763e+16	0.4
4.2337638630462216e+16	0.5
5.366641774279458e+16	0.6000000000000001
6.517698731478713e+16	0.7000000000000001
7.79298534805311e+16	0.8
9.106047155948238e+16	0.9
1.0396374994747253e+17	1.0
1.1869498442835048e+17	1.1
1.3514582037700974e+17	1.2000000000000002
1.5110714887761555e+17	1.3
1.6819698509121046e+17	1.4000000000000001
1.8668815635470448e+17	1.5
2.073083579571033e+17	1.6
2.2813503085601277e+17	1.7000000000000002
2.4967814087819578e+17	1.8
2.7692746446667478e+17	1.9000000000000001
3.009413523738771e+17	2.0
3.259149199264836e+17	2.1
3.543517622060598e+17	2.2
3.848721631711496e+17	2.3000000000000003
4.1197782341234643e+17	2.4000000000000004
4.4229658561072685e+17	2.5
4.75250918893622e+17	2.6
5.0723545623630803e+17	2.7
5.447856220736237e+17	2.8000000000000003
5.7703389411991e+17	2.9000000000000004
6.18932223978407e+17	3.0
6.58134586392521e+17	3.1
6.933853108638157e+17	3.2
7.403728224848904e+17	3.3000000000000003
7.737530212457166e+17	3.4000000000000004
8.111675838257827e+17	3.5
8.476876231333908e+17	3.6
8.947159580974433e+17	3.7
9.421980839940735e+17	3.8000000000000003
9.767777673143887e+17	3.9000000000000004
1.0171673671556076e+18	4.0
1.055674225899725e+18	4.1000000000000005
1.0955595251166912e+18	4.2
1.1211750894664754e+18	4.3
1.155272101419641e+18	4.4
1.1921607129830892e+18	4.5
1.224081845352804e+18	4.6000000000000005
1.25565102355439e+18	4.7
1.2874529755666545e+18	4.800000000000001
1.3136350935217103e+18	4.9
1.3323924012161308e+18	5.0
1.3620089922908206e+18	5.1000000000000005
1.3762499956150254e+18	5.2
1.393084189934907e+18	5.300000000000001
1.406742046711153e+18	5.4
1.4192233111210227e+18	5.5
1.419981171701799e+18	5.6000000000000005
1.4342573295373622e+18	5.7
1.4290166506249231e+18	5.800000000000001
1.4332950059530583e+18	5.9
1.4342931457175519e+18	6.0
1.4278420275974812e+18	6.1000000000000005
1.4227059341783386e+18	6.2
1.4003334358632394e+18	6.300000000000001
1.3951296519522929e+18	6.4
1.3727753015117804e+18	6.5
1.3451903420684524e+18	6.6000000000000005
1.3177556140048356e+18	6.7
1.3021056258407816e+18	6.800000000000001
1.2803954097941583e+18	6.9
1.244337903155679e+18	7.0
1.2191534478179791e+18	7.1000000000000005
1.1844313506705774e+18	7.2
1.1481150350354388e+18	7.300000000000001
1.1198716549615693e+18	7.4
1.0766574898922807e+18	7.5
1.0501149567579251e+18	7.6000000000000005
1.006456973066386e+18	7.7
9.643093404575505e+17	7.800000000000001
9.324021621742679e+17	7.9
8.971060787664588e+17	8.0
8.543034727625592e+17	8.1
8.152730520921806e+17	8.200000000000001
7.73836236987867e+17	8.3
7.381029231130058e+17	8.4
6.99224902851776e+17	8.5
6.58257458764629e+17	8.6
6.189013585675845e+17	8.700000000000001
5.82680809151224e+17	8.8
5.4983804413507e+17	8.9
5.2053282672730714e+17	9.0
4.862552853873946e+17	9.1
4.5518134566272454e+17	9.200000000000001
4.248707044276831e+17	9.3
3.944873649440816e+17	9.4
3.647581843526412e+17	9.5
3.3952710413357485e+17	9.600000000000001
3.1300432626261094e+17	9.700000000000001
2.9240666587948826e+17	9.8
2.673905213132072e+17	9.9
2.4794129409847978e+17	10.0
2.2596826601854538e+17	10.100000000000001
2.0696041539693155e+17	10.200000000000001
1.8859239053475834e+17	10.3
1.7144305161598243e+17	10.4
1.555947562694136e+17	10.5
1.4118303395714533e+17	10.600000000000001
1.2815627014333504e+17	10.700000000000001
1.156155381299118e+17	10.8
1.0287712739515045e+17	10.9
9.316726237984586e+16	11.0
8.295245297512174e+16	11.100000000000001
7.376456218801659e+16	11.200000000000001
6.50756948341539e+16	11.3
5.780691788952098e+16	11.4
5.079135765850498e+16	11.5
4.437197128731554e+16	11.600000000000001
3.870653798266825e+16	11.700000000000001
3.3373881154641076e+16	11.8
2.8617594048175736e+16	11.9
2.425260655427075e+16	12.0
2.027988656228554e+16	12.100000000000001
1.6493358298164482e+16	12.200000000000001
1.3046161427902154e+16	12.3
9718052246941112.0	12.4
6260166789755245.0	12.5
93460411626051.33	12.600000000000001
0.0	12.700000000000001
0.0	12.8
0.0	12.9
0.0	13.0
0.0	13.100000000000001
0.0	13.200000000000001
0.0	13.3
0.0	13.4
