a = 11103.095027254314 м
b = 11364.135832896049 м
x0 = 7508.28526242937 м
vr = 1522.9475738193223 м/с
A0 = 1.763937235167588 м
Xmax = 11340.558495849313 м
sigmaX = 4398.619220445761 м
sigmaY = 4458.583532136933 м
M0 = 3.5594865964618043e+19 Н*м - интегральное значение сейсмического момента
Mr_max = 6.729677889791661e+18 Н*м/с - максимальное значение функции источника
1-ый столбец - источника
2-ой столбец - время
0.0	0.0
2757893395774224.0	0.1
3.392874299248504e+17	0.2
6.72150844446453e+17	0.30000000000000004
1.0093706215263939e+18	0.4
1.330063953364451e+18	0.5
1.636345605035352e+18	0.6000000000000001
1.9689275840202703e+18	0.7000000000000001
2.279648234059317e+18	0.8
2.577342039833017e+18	0.9
2.878741436385101e+18	1.0
3.1656899356936197e+18	1.1
3.459218219856599e+18	1.2000000000000002
3.7243626193959096e+18	1.3
3.9652505458678216e+18	1.4000000000000001
4.2559203120953416e+18	1.5
4.47047816795637e+18	1.6
4.680933890625304e+18	1.7000000000000002
4.874704177140191e+18	1.8
5.08254475925187e+18	1.9000000000000001
5.32961034668829e+18	2.0
5.518244515863478e+18	2.1
5.700480760312154e+18	2.2
5.790003714218106e+18	2.3000000000000003
5.958380919322752e+18	2.4000000000000004
6.123272836377687e+18	2.5
6.204740129336271e+18	2.6
6.329689205718476e+18	2.7
6.482384908402428e+18	2.8000000000000003
6.55357595342108e+18	2.9000000000000004
6.574672937216442e+18	3.0
6.637834013026892e+18	3.1
6.666278523531543e+18	3.2
6.649335498053165e+18	3.3000000000000003
6.643449685993955e+18	3.4000000000000004
6.71518401851495e+18	3.5
6.678776456480598e+18	3.6
6.729677889791661e+18	3.7
6.721550276375371e+18	3.8000000000000003
6.687968464423184e+18	3.9000000000000004
6.61357129870629e+18	4.0
6.556657066014927e+18	4.1000000000000005
6.473759432487342e+18	4.2
6.328091201642203e+18	4.3
6.300938112045868e+18	4.4
6.165037231732119e+18	4.5
6.063727316155144e+18	4.6000000000000005
6.012946603393532e+18	4.7
5.817637132819381e+18	4.800000000000001
5.778878311809745e+18	4.9
5.674079286625012e+18	5.0
5.464173050200547e+18	5.1000000000000005
5.242852330672742e+18	5.2
5.089894801261677e+18	5.300000000000001
4.954446984630186e+18	5.4
4.750406136108654e+18	5.5
4.610928614875665e+18	5.6000000000000005
4.4853889280127954e+18	5.7
4.2998390681164524e+18	5.800000000000001
4.151238252266418e+18	5.9
3.9984002900178924e+18	6.0
3.830025578787871e+18	6.1000000000000005
3.697613119668532e+18	6.2
3.5230678341917174e+18	6.300000000000001
3.389375914165198e+18	6.4
3.2447074029067904e+18	6.5
3.1158115147413647e+18	6.6000000000000005
2.967508046830663e+18	6.7
2.8176232851983416e+18	6.800000000000001
2.683015761652927e+18	6.9
2.518828557670833e+18	7.0
2.4033140462914284e+18	7.1000000000000005
2.2680785598575788e+18	7.2
2.1632858712607406e+18	7.300000000000001
2.0392780254261898e+18	7.4
1.9306969484954445e+18	7.5
1.8088327967657823e+18	7.6000000000000005
1.6929636589182298e+18	7.7
1.5917079706577157e+18	7.800000000000001
1.4888191472988045e+18	7.9
1.3891392748429942e+18	8.0
1.290937151263901e+18	8.1
1.1962501126144468e+18	8.200000000000001
1.1136406630004567e+18	8.3
1.0238113002139343e+18	8.4
9.430039532476819e+17	8.5
8.587650637989279e+17	8.6
7.886721789373645e+17	8.700000000000001
7.21799926582012e+17	8.8
6.500741894886068e+17	8.9
5.869921964536073e+17	9.0
5.21764764349988e+17	9.1
4.599033999834477e+17	9.200000000000001
3.96293535341827e+17	9.3
3.36804461285308e+17	9.4
2.7403943538025542e+17	9.5
2.0466288250454576e+17	9.600000000000001
1.1581034356804341e+17	9.700000000000001
0.0	9.8
0.0	9.9
0.0	10.0
0.0	10.100000000000001
0.0	10.200000000000001
0.0	10.3
0.0	10.4
0.0	10.5
0.0	10.600000000000001
0.0	10.700000000000001
0.0	10.8
0.0	10.9
