a = 8730.221775850501 м
b = 7282.970761405413 м
x0 = 3835.2442509138937 м
vr = 2231.003392247883 м/с
A0 = 1.0681127804363106 м
Xmax = 9497.322196773068 м
sigmaX = 4059.6763957619496 м
sigmaY = 4556.33533825035 м
M0 = 1.6806482223751643e+19 Н*м - интегральное значение сейсмического момента
Mr_max = 4.667940492850147e+18 Н*м/с - максимальное значение функции источника
1-ый столбец - источника
2-ой столбец - время
0.0	0.0
1353688047510737.5	0.1
2.4224194650914902e+17	0.2
4.794005273216876e+17	0.30000000000000004
7.196947592207004e+17	0.4
9.493942612026452e+17	0.5
1.1943535868268856e+18	0.6000000000000001
1.4257212529793498e+18	0.7000000000000001
1.6567148162909212e+18	0.8
1.8652920470698176e+18	0.9
2.0962939071599268e+18	1.0
2.328144834161835e+18	1.1
2.5425909110929843e+18	1.2000000000000002
2.7568754652978447e+18	1.3
2.9763017397916483e+18	1.4000000000000001
3.225870387339492e+18	1.5
3.4319393292269297e+18	1.6
3.5911047259857004e+18	1.7000000000000002
3.7963446228243645e+18	1.8
3.830309855667798e+18	1.9000000000000001
3.966240574782926e+18	2.0
4.0578378016072064e+18	2.1
4.1966076026659343e+18	2.2
4.30155877747607e+18	2.3000000000000003
4.412665460843462e+18	2.4000000000000004
4.5154095557331994e+18	2.5
4.577553280568749e+18	2.6
4.606543705797189e+18	2.7
4.635234653485707e+18	2.8000000000000003
4.667940492850147e+18	2.9000000000000004
4.590521782105872e+18	3.0
4.598714457439917e+18	3.1
4.537111012496767e+18	3.2
4.553488652906272e+18	3.3000000000000003
4.490478305048958e+18	3.4000000000000004
4.410103346915022e+18	3.5
4.302383780383279e+18	3.6
4.121436947245809e+18	3.7
4.032552006242538e+18	3.8000000000000003
3.8824747370723717e+18	3.9000000000000004
3.6811140309562455e+18	4.0
3.5200032414964987e+18	4.1000000000000005
3.3586718651491415e+18	4.2
3.1967573576136433e+18	4.3
3.013849401091381e+18	4.4
2.827110858047521e+18	4.5
2.6928901276457667e+18	4.6000000000000005
2.4344248091821445e+18	4.7
2.2490935031598646e+18	4.800000000000001
2.0715873467813888e+18	4.9
1.8979609257858988e+18	5.0
1.71516781220207e+18	5.1000000000000005
1.5454638452774561e+18	5.2
1.3929764608406536e+18	5.300000000000001
1.2264207452093842e+18	5.4
1.064707075123367e+18	5.5
9.21507828539247e+17	5.6000000000000005
7.836528588665859e+17	5.7
6.530314565448616e+17	5.800000000000001
5.2284087761420205e+17	5.9
3.971326702732393e+17	6.0
2.633916789890497e+17	6.1000000000000005
6.826586344227473e+16	6.2
0.0	6.300000000000001
0.0	6.4
0.0	6.5
0.0	6.6000000000000005
0.0	6.7
0.0	6.800000000000001
0.0	6.9
0.0	7.0
0.0	7.1000000000000005
