a = 15255.264949167244 м
b = 16251.56505738257 м
x0 = 5288.588508746004 м
vr = 1613.835279156429 м/с
A0 = 1.7227597819028295 м
Xmax = 17034.60412345338 м
sigmaX = 4279.570324406959 м
sigmaY = 4582.90815076785 м
M0 = 3.4879791438967833e+19 Н*м - интегральное значение сейсмического момента
Mr_max = 5.446310505056592e+18 Н*м/с - максимальное значение функции источника
1-ый столбец - источника
2-ой столбец - время
0.0	0.0
96549440301069.06	0.1
1.2590700091555304e+16	0.2
2.514514301084281e+16	0.30000000000000004
3.77766804558764e+16	0.4
5.148024064501229e+16	0.5
6.468098963076163e+16	0.6000000000000001
7.965363186145384e+16	0.7000000000000001
9.538671394344589e+16	0.8
1.117713741900046e+17	0.9
1.294594729346071e+17	1.0
1.4778238614368806e+17	1.1
1.672686724529625e+17	1.2000000000000002
1.9061303527319267e+17	1.3
2.1258730907878947e+17	1.4000000000000001
2.3902382435892304e+17	1.5
2.6572225117366934e+17	1.6
2.9510913151513376e+17	1.7000000000000002
3.290878558730825e+17	1.8
3.6378286421538074e+17	1.9000000000000001
3.9652363071045677e+17	2.0
4.417397647046813e+17	2.1
4.818229637447502e+17	2.2
5.2649088680376237e+17	2.3000000000000003
5.802006902123928e+17	2.4000000000000004
6.266860107182954e+17	2.5
6.902794048065192e+17	2.6
7.399688218675354e+17	2.7
7.963558158104854e+17	2.8000000000000003
8.739016433256608e+17	2.9000000000000004
9.355633479746345e+17	3.0
1.014810083578021e+18	3.1
1.1000055231258588e+18	3.2
1.1643644419995612e+18	3.3000000000000003
1.2532244929748255e+18	3.4000000000000004
1.3393607779266662e+18	3.5
1.447316800656743e+18	3.6
1.5419986315393495e+18	3.7
1.6313879349628293e+18	3.8000000000000003
1.732084393645181e+18	3.9000000000000004
1.8344999698132564e+18	4.0
1.94577890513518e+18	4.1000000000000005
2.0558293533203075e+18	4.2
2.1696003995282898e+18	4.3
2.2874527943759992e+18	4.4
2.4017708640830776e+18	4.5
2.5239599537382415e+18	4.6000000000000005
2.6661636496505656e+18	4.7
2.7778641773201556e+18	4.800000000000001
2.931591692808405e+18	4.9
3.05686581317928e+18	5.0
3.1414848758397164e+18	5.1000000000000005
3.282691058656945e+18	5.2
3.428830222404799e+18	5.300000000000001
3.554470320691473e+18	5.4
3.6998572832369423e+18	5.5
3.791212201607386e+18	5.6000000000000005
3.8885036423937044e+18	5.7
4.0764398275768105e+18	5.800000000000001
4.1478980497736525e+18	5.9
4.320180310097199e+18	6.0
4.394548378076492e+18	6.1000000000000005
4.4551519959707e+18	6.2
4.614581133331212e+18	6.300000000000001
4.701394287889872e+18	6.4
4.818054145734725e+18	6.5
4.943820731659856e+18	6.6000000000000005
4.969460368798058e+18	6.7
5.043454858120515e+18	6.800000000000001
5.088952143846435e+18	6.9
5.183527304547345e+18	7.0
5.181063720377753e+18	7.1000000000000005
5.305810324943423e+18	7.2
5.324676948365552e+18	7.300000000000001
5.32656742457287e+18	7.4
5.360648566630371e+18	7.5
5.375159813935009e+18	7.6000000000000005
5.397668433440505e+18	7.7
5.446310505056592e+18	7.800000000000001
5.413132734245247e+18	7.9
5.404059030543426e+18	8.0
5.366097549058705e+18	8.1
5.372001637720822e+18	8.200000000000001
5.350972421962737e+18	8.3
5.24905666426399e+18	8.4
5.208535010057754e+18	8.5
5.137996783374355e+18	8.6
5.07283663726703e+18	8.700000000000001
4.935213161132705e+18	8.8
4.94768087483291e+18	8.9
4.794550173165274e+18	9.0
4.711503097043331e+18	9.1
4.669572346547042e+18	9.200000000000001
4.5466113288876605e+18	9.3
4.456611228887907e+18	9.4
4.389802120940537e+18	9.5
4.2505885160518815e+18	9.600000000000001
4.103554538392173e+18	9.700000000000001
3.9860134916093e+18	9.8
3.900705547469885e+18	9.9
3.7323732198946017e+18	10.0
3.662103189529651e+18	10.100000000000001
3.4692596288751473e+18	10.200000000000001
3.3594721852064814e+18	10.3
3.236370224864026e+18	10.4
3.119758559090939e+18	10.5
3.007462237770894e+18	10.600000000000001
2.868896813911935e+18	10.700000000000001
2.7479968159597614e+18	10.8
2.6265985866457974e+18	10.9
2.506485676545867e+18	11.0
2.4047032387478943e+18	11.100000000000001
2.2862453566399155e+18	11.200000000000001
2.1701832722175176e+18	11.3
2.0333825311725596e+18	11.4
1.9331553634544238e+18	11.5
1.8301221308894984e+18	11.600000000000001
1.7452183997325445e+18	11.700000000000001
1.6368970653022318e+18	11.8
1.5523077214491034e+18	11.9
1.4404036112982377e+18	12.0
1.3525596712100634e+18	12.100000000000001
1.274418753506144e+18	12.200000000000001
1.1966151305765353e+18	12.3
1.1149358958030881e+18	12.4
1.0459181323104901e+18	12.5
9.728194300324251e+17	12.600000000000001
9.019177457578029e+17	12.700000000000001
8.3846327535904e+17	12.8
7.749870586871768e+17	12.9
7.251904250680648e+17	13.0
6.653098703507753e+17	13.100000000000001
6.177072827829775e+17	13.200000000000001
5.671363561696661e+17	13.3
5.260456493735544e+17	13.4
4.8046093748100294e+17	13.5
4.432961096503297e+17	13.600000000000001
4.0544849353006483e+17	13.700000000000001
3.6827277986255866e+17	13.8
3.38721376509744e+17	13.9
3.055517469289171e+17	14.0
2.79383686112738e+17	14.100000000000001
2.538928498248054e+17	14.200000000000001
2.3008412190245808e+17	14.3
2.0657754835662246e+17	14.4
1.8620620047293658e+17	14.5
1.6686769370086e+17	14.600000000000001
1.4940983664249456e+17	14.700000000000001
1.3268937483101077e+17	14.8
1.1734585462005856e+17	14.9
1.0305838214319e+17	15.0
8.983651257664859e+16	15.100000000000001
7.730706482994763e+16	15.200000000000001
6.548540874403118e+16	15.3
5.3960616175004184e+16	15.4
4.260447684961119e+16	15.5
3.0221649772424612e+16	15.600000000000001
1.3814930613708524e+16	15.700000000000001
0.0	15.8
0.0	15.9
0.0	16.0
0.0	16.1
0.0	16.2
0.0	16.3
0.0	16.400000000000002
0.0	16.5
0.0	16.6
0.0	16.7
0.0	16.8
0.0	16.900000000000002
0.0	17.0
0.0	17.1
0.0	17.2
0.0	17.3
0.0	17.400000000000002
0.0	17.5
0.0	17.6
0.0	17.7
0.0	17.8
