a = 5121.239843863605 м
b = 4602.867933593035 м
x0 = 81.35339347255628 м
vr = 1874.1277398608925 м/с
A0 = 1.784087429778262 м
Xmax = 5596.3510993270565 м
sigmaX = 4429.538251714734 м
sigmaY = 4471.692229282089 м
M0 = 1.6379231336292923e+19 Н*м - интегральное значение сейсмического момента
Mr_max = 4.664296890162548e+18 Н*м/с - максимальное значение функции источника
1-ый столбец - источника
2-ой столбец - время
0.0	0.0
2312814262031699.0	0.1
2.2274854596381574e+17	0.2
3.997388384504601e+17	0.30000000000000004
5.79787641986034e+17	0.4
7.840573532320745e+17	0.5
9.718530478352516e+17	0.6000000000000001
1.1702102004379238e+18	0.7000000000000001
1.3824285730523912e+18	0.8
1.5601760900258813e+18	0.9
1.7808028608916582e+18	1.0
1.9819009613397368e+18	1.1
2.1695596918523953e+18	1.2000000000000002
2.3917024233518305e+18	1.3
2.5961263611649275e+18	1.4000000000000001
2.778690410978916e+18	1.5
2.988825349092501e+18	1.6
3.1370763113865636e+18	1.7000000000000002
3.350719356531114e+18	1.8
3.4792482547891164e+18	1.9000000000000001
3.6696871663410335e+18	2.0
3.7911376363022776e+18	2.1
3.9763560291320765e+18	2.2
4.041357694175596e+18	2.3000000000000003
4.1523022724574136e+18	2.4000000000000004
4.2498555430274524e+18	2.5
4.365896318479197e+18	2.6
4.4560744774800015e+18	2.7
4.555536413093884e+18	2.8000000000000003
4.605925741550078e+18	2.9000000000000004
4.553735294912172e+18	3.0
4.596568645273201e+18	3.1
4.664296890162548e+18	3.2
4.643637259839974e+18	3.3000000000000003
4.628003630191007e+18	3.4000000000000004
4.5395835836415636e+18	3.5
4.463703309890127e+18	3.6
4.408201243601568e+18	3.7
4.318634555772213e+18	3.8000000000000003
4.252933341656838e+18	3.9000000000000004
4.0562099812715284e+18	4.0
3.97595577344311e+18	4.1000000000000005
3.873360294488688e+18	4.2
3.733563087002704e+18	4.3
3.5448237106333107e+18	4.4
3.3388020648111944e+18	4.5
3.17756763680102e+18	4.6000000000000005
2.9979541013799793e+18	4.7
2.778671462965527e+18	4.800000000000001
2.572776804104195e+18	4.9
2.286670326813687e+18	5.0
2.051494041542246e+18	5.1000000000000005
1.7723799828705687e+18	5.2
1.4495614301089695e+18	5.300000000000001
1.0669154424295283e+18	5.4
4.5421508865813325e+17	5.5
0.0	5.6000000000000005
0.0	5.7
0.0	5.800000000000001
0.0	5.9
0.0	6.0
0.0	6.1000000000000005
0.0	6.2
0.0	6.300000000000001
0.0	6.4
