a = 6068.738406888343 м
b = 6255.059589143136 м
x0 = 3009.657777825653 м
vr = 2211.865857045982 м/с
A0 = 1.6667371486568778 м
Xmax = 4868.810553809221 м
sigmaX = 4975.3094808186215 м
sigmaY = 4514.595311756827 м
M0 = 2.21061981518281e+19 Н*м - интегральное значение сейсмического момента
Mr_max = 9.173231796041223e+18 Н*м/с - максимальное значение функции источника
1-ый столбец - источника
2-ой столбец - время
0.0	0.0
5157120368663621.0	0.1
9.224083368790764e+17	0.2
1.793132689432129e+18	0.30000000000000004
2.683664495743023e+18	0.4
3.5371240389913646e+18	0.5
4.362159688831936e+18	0.6000000000000001
5.132892550509127e+18	0.7000000000000001
5.787401373729702e+18	0.8
6.543989175326772e+18	0.9
7.154243887190018e+18	1.0
7.747462532110942e+18	1.1
8.173631596146553e+18	1.2000000000000002
8.808424569351073e+18	1.3
9.173231796041223e+18	1.4000000000000001
8.866633425879611e+18	1.5
8.41668855714242e+18	1.6
8.103392556453881e+18	1.7000000000000002
8.046018226770371e+18	1.8
7.739017060339386e+18	1.9000000000000001
7.649154058763197e+18	2.0
7.390006734502963e+18	2.1
7.238113275229336e+18	2.2
6.99594761996228e+18	2.3000000000000003
6.82443083055853e+18	2.4000000000000004
6.569594947613133e+18	2.5
6.341276396666167e+18	2.6
6.129181106719885e+18	2.7
5.78966915449104e+18	2.8000000000000003
5.59055471024326e+18	2.9000000000000004
5.196896749314081e+18	3.0
4.906862203718745e+18	3.1
4.60782104790682e+18	3.2
4.30019709287657e+18	3.3000000000000003
3.970661730068799e+18	3.4000000000000004
3.594508060898533e+18	3.5
3.336437260490152e+18	3.6
2.9548991393727626e+18	3.7
2.6102083708632817e+18	3.8000000000000003
2.260446293119285e+18	3.9000000000000004
1.8302770852299382e+18	4.0
1.3486474124915236e+18	4.1000000000000005
6.295165599435055e+17	4.2
0.0	4.3
0.0	4.4
0.0	4.5
0.0	4.6000000000000005
0.0	4.7
0.0	4.800000000000001
0.0	4.9
0.0	5.0
0.0	5.1000000000000005
0.0	5.2
