a = 17960.139835296566 м
b = 22530.09251833389 м
x0 = 8860.614311136633 м
vr = 2198.982909205114 м/с
A0 = 0.4170783100788294 м
Xmax = 23077.557063636425 м
sigmaX = 4705.484059331244 м
sigmaY = 4386.063466924058 м
M0 = 8.725645761174806e+18 Н*м - интегральное значение сейсмического момента
Mr_max = 1.6755665093554486e+18 Н*м/с - максимальное значение функции источника
1-ый столбец - источника
2-ой столбец - время
0.0	0.0
14371591204471.82	0.1
2523254407691583.5	0.2
5113323690070046.0	0.30000000000000004
7851406003140040.0	0.4
1.0680668443342736e+16	0.5
1.3688809831496878e+16	0.6000000000000001
1.7032017922334196e+16	0.7000000000000001
2.0841523019595316e+16	0.8
2.4889135737932988e+16	0.9
2.9477124035118532e+16	1.0
3.439133682422719e+16	1.1
4.002849866680672e+16	1.2000000000000002
4.6432060754526936e+16	1.3
5.3592504131501336e+16	1.4000000000000001
6.06524816004109e+16	1.5
7.0166750916959064e+16	1.6
8.00933184372759e+16	1.7000000000000002
9.017699401862445e+16	1.8
1.0302608267039387e+17	1.9000000000000001
1.1559087191898773e+17	2.0
1.2849382589753323e+17	2.1
1.4444763121998355e+17	2.2
1.6252115014012845e+17	2.3000000000000003
1.791838547115329e+17	2.4000000000000004
1.9906111973781987e+17	2.5
2.2178078862837123e+17	2.6
2.4211605048686394e+17	2.7
2.6881335123122694e+17	2.8000000000000003
2.9682439337029504e+17	2.9000000000000004
3.2314396522154874e+17	3.0
3.532804715786889e+17	3.1
3.8699847315569536e+17	3.2
4.174943356181851e+17	3.3000000000000003
4.526270766859097e+17	3.4000000000000004
4.937947635556745e+17	3.5
5.252016472383416e+17	3.6
5.6464397142930944e+17	3.7
6.099481071557546e+17	3.8000000000000003
6.484805270433367e+17	3.9000000000000004
7.028413235353179e+17	4.0
7.422595450437279e+17	4.1000000000000005
7.867365625466706e+17	4.2
8.336978460319848e+17	4.3
8.857780122052809e+17	4.4
9.258540722638276e+17	4.5
9.835151386560416e+17	4.6000000000000005
1.0258726647757051e+18	4.7
1.0716645038836428e+18	4.800000000000001
1.1304663523999424e+18	4.9
1.1653300958140828e+18	5.0
1.211239547187901e+18	5.1000000000000005
1.2690175688211103e+18	5.2
1.3001786060443308e+18	5.300000000000001
1.3418246613005056e+18	5.4
1.4070986922887946e+18	5.5
1.4392939528970872e+18	5.6000000000000005
1.465646273440835e+18	5.7
1.5088068983230633e+18	5.800000000000001
1.5313507802044027e+18	5.9
1.559036371564303e+18	6.0
1.5966946166770642e+18	6.1000000000000005
1.6209525897487555e+18	6.2
1.632604944106453e+18	6.300000000000001
1.649169351355453e+18	6.4
1.639140995542795e+18	6.5
1.6575166399098885e+18	6.6000000000000005
1.669940275562777e+18	6.7
1.6730993395930058e+18	6.800000000000001
1.6755665093554486e+18	6.9
1.6692615054737313e+18	7.0
1.6398648312406364e+18	7.1000000000000005
1.638276986702582e+18	7.2
1.624308361153873e+18	7.300000000000001
1.5932568413071575e+18	7.4
1.568268771144751e+18	7.5
1.5337261075667482e+18	7.6000000000000005
1.5238248495668017e+18	7.7
1.479927830547538e+18	7.800000000000001
1.4429069743031334e+18	7.9
1.4072603636107668e+18	8.0
1.3577944268593341e+18	8.1
1.3304871761284918e+18	8.200000000000001
1.2789143128528246e+18	8.3
1.2418678752946941e+18	8.4
1.1931825889173668e+18	8.5
1.1340408518309999e+18	8.6
1.0967986633628358e+18	8.700000000000001
1.0450165897332105e+18	8.8
9.996653109877608e+17	8.9
9.529357272947886e+17	9.0
9.018653640043282e+17	9.1
8.511432318871412e+17	9.200000000000001
8.059478023330317e+17	9.3
7.623885445895246e+17	9.4
7.15975605484285e+17	9.5
6.768958130784372e+17	9.600000000000001
6.319219342400882e+17	9.700000000000001
5.903884519759789e+17	9.8
5.509795771406835e+17	9.9
5.1216935534341926e+17	10.0
4.748577738619863e+17	10.100000000000001
4.4205036625808083e+17	10.200000000000001
4.1238629058950816e+17	10.3
3.749312674311513e+17	10.4
3.475004759239768e+17	10.5
3.2074209677409165e+17	10.600000000000001
2.9360771604383565e+17	10.700000000000001
2.6755188778838496e+17	10.8
2.4399686818945686e+17	10.9
2.2281603729452538e+17	11.0
2.0285666894503578e+17	11.100000000000001
1.82737117143698e+17	11.200000000000001
1.658001572117774e+17	11.3
1.49572635589546e+17	11.4
1.3481215533147414e+17	11.5
1.213418743759312e+17	11.600000000000001
1.0852132657921902e+17	11.700000000000001
9.672833384793829e+16	11.8
8.705111926145106e+16	11.9
7.725724779970306e+16	12.0
6.8756586435000376e+16	12.100000000000001
6.095855381028101e+16	12.200000000000001
5.3848385519951784e+16	12.3
4.7199273977037656e+16	12.4
0.0	12.5
0.0	12.600000000000001
0.0	12.700000000000001
0.0	12.8
0.0	12.9
0.0	13.0
0.0	13.100000000000001
0.0	13.200000000000001
0.0	13.3
0.0	13.4
0.0	13.5
0.0	13.600000000000001
0.0	13.700000000000001
0.0	13.8
0.0	13.9
0.0	14.0
0.0	14.100000000000001
0.0	14.200000000000001
0.0	14.3
0.0	14.4
0.0	14.5
0.0	14.600000000000001
0.0	14.700000000000001
0.0	14.8
0.0	14.9
0.0	15.0
0.0	15.100000000000001
0.0	15.200000000000001
0.0	15.3
0.0	15.4
0.0	15.5
0.0	15.600000000000001
0.0	15.700000000000001
0.0	15.8
0.0	15.9
0.0	16.0
0.0	16.1
0.0	16.2
0.0	16.3
0.0	16.400000000000002
0.0	16.5
0.0	16.6
0.0	16.7
0.0	16.8
0.0	16.900000000000002
0.0	17.0
0.0	17.1
0.0	17.2
0.0	17.3
0.0	17.400000000000002
