a = 15447.075655729055 м
b = 12124.63815457767 м
x0 = 1637.0151983953083 м
vr = 1568.2127328433596 м/с
A0 = 1.8394199100782325 м
Xmax = 19193.463906535202 м
sigmaX = 4319.378448787841 м
sigmaY = 4328.490360218817 м
M0 = 3.3579436677314445e+19 Н*м - интегральное значение сейсмического момента
Mr_max = 5.030250260114707e+18 Н*м/с - максимальное значение функции источника
1-ый столбец - источника
2-ой столбец - время
0.0	0.0
1121896270908.1987	0.1
142173201602143.1	0.2
287073708430788.7	0.30000000000000004
441964103286560.06	0.4
605917436526323.1	0.5
787621266249643.6	0.6000000000000001
985939140342550.0	0.7000000000000001
1215482158641544.8	0.8
1474352810507252.5	0.9
1765842021693593.2	1.0
2109510777324100.8	1.1
2461957768989641.0	1.2000000000000002
2923589258847477.5	1.3
3399177241540687.0	1.4000000000000001
3946623150916448.0	1.5
4665871456963011.0	1.6
5429284727637199.0	1.7000000000000002
6283403062223227.0	1.8
7301273160727796.0	1.9000000000000001
8400624667431072.0	2.0
9711839493759170.0	2.1
1.1113897995339524e+16	2.2
1.2816134015906202e+16	2.3000000000000003
1.480342019497394e+16	2.4000000000000004
1.68079768764969e+16	2.5
1.9146812412268184e+16	2.6
2.1760494353008148e+16	2.7
2.4579307361795704e+16	2.8000000000000003
2.8094926419513756e+16	2.9000000000000004
3.2009611722095276e+16	3.0
3.591777588437831e+16	3.1
4.059100121435514e+16	3.2
4.551019037602562e+16	3.3000000000000003
5.112047520746695e+16	3.4000000000000004
5.7813019672037384e+16	3.5
6.480006622771818e+16	3.6
7.215176002919557e+16	3.7
8.154263356105966e+16	3.8000000000000003
8.98555120237816e+16	3.9000000000000004
9.868097968164187e+16	4.0
1.1086407891547136e+17	4.1000000000000005
1.2375501154075509e+17	4.2
1.3581369647621045e+17	4.3
1.5052040344756278e+17	4.4
1.679797812293952e+17	4.5
1.8437922249466275e+17	4.6000000000000005
2.0322979451681504e+17	4.7
2.2219613117179405e+17	4.800000000000001
2.4236858669826064e+17	4.9
2.6766780373045542e+17	5.0
2.9420674112572826e+17	5.1000000000000005
3.2113084311537984e+17	5.2
3.505716356285165e+17	5.300000000000001
3.82118699652758e+17	5.4
4.1313374943606874e+17	5.5
4.4818258252537235e+17	5.6000000000000005
4.896121086517965e+17	5.7
5.344712343623021e+17	5.800000000000001
5.7189103773656614e+17	5.9
6.247116518094673e+17	6.0
6.710426858702144e+17	6.1000000000000005
7.115182108932524e+17	6.2
7.667464403685964e+17	6.300000000000001
8.354554144087159e+17	6.4
8.884922850555329e+17	6.5
9.483226306618816e+17	6.6000000000000005
1.0168954021001846e+18	6.7
1.0838233280963222e+18	6.800000000000001
1.1636779606547415e+18	6.9
1.2422046658813624e+18	7.0
1.2967641874432282e+18	7.1000000000000005
1.3926249186111898e+18	7.2
1.4815826131544591e+18	7.300000000000001
1.5810038353428588e+18	7.4
1.667543029663616e+18	7.5
1.7362564418639252e+18	7.6000000000000005
1.8405769811970765e+18	7.7
1.9249872443957394e+18	7.800000000000001
2.039624855746252e+18	7.9
2.1439800254880758e+18	8.0
2.2345553431933745e+18	8.1
2.332724756362706e+18	8.200000000000001
2.462077851970768e+18	8.3
2.582839680525606e+18	8.4
2.6422116091435397e+18	8.5
2.7811445237698473e+18	8.6
2.9063019463960207e+18	8.700000000000001
2.999840782225789e+18	8.8
3.127919244926878e+18	8.9
3.2319492264994836e+18	9.0
3.372138564097029e+18	9.1
3.455538725943864e+18	9.200000000000001
3.5424915974396877e+18	9.3
3.6249323039522683e+18	9.4
3.784716538855102e+18	9.5
3.89394319510609e+18	9.600000000000001
4.0073467914434355e+18	9.700000000000001
4.0731768100986977e+18	9.8
4.146814239840662e+18	9.9
4.241510669201727e+18	10.0
4.3326639941782093e+18	10.100000000000001
4.444073561681701e+18	10.200000000000001
4.505401305128921e+18	10.3
4.5939743659347763e+18	10.4
4.638742432116142e+18	10.5
4.703956900840422e+18	10.600000000000001
4.751253409822061e+18	10.700000000000001
4.793831584557398e+18	10.8
4.891495873139379e+18	10.9
4.867512138655392e+18	11.0
4.936716997607272e+18	11.100000000000001
4.961653235465971e+18	11.200000000000001
5.002911731009776e+18	11.3
4.964082251802006e+18	11.4
5.030250260114707e+18	11.5
4.994963655399452e+18	11.600000000000001
4.955979574462783e+18	11.700000000000001
4.982829742987188e+18	11.8
4.998156499419914e+18	11.9
4.934680078257711e+18	12.0
4.89641724387776e+18	12.100000000000001
4.807056977182386e+18	12.200000000000001
4.805090032305824e+18	12.3
4.784644200686155e+18	12.4
4.671713602719743e+18	12.5
4.612676529360231e+18	12.600000000000001
4.559063109739434e+18	12.700000000000001
4.499041403154946e+18	12.8
4.4164670156564895e+18	12.9
4.337728684356932e+18	13.0
4.2251983085592253e+18	13.100000000000001
4.1153207558032614e+18	13.200000000000001
4.030622879790605e+18	13.3
3.9224652006346353e+18	13.4
3.8476093735158287e+18	13.5
3.7218948490308485e+18	13.600000000000001
3.6055615018426004e+18	13.700000000000001
3.5204061176393774e+18	13.8
3.4093948118219945e+18	13.9
3.306094475268047e+18	14.0
3.192571594126645e+18	14.100000000000001
3.0660340006322386e+18	14.200000000000001
2.949288692504398e+18	14.3
2.8431603805520026e+18	14.4
2.7590321706719826e+18	14.5
2.629426222742707e+18	14.600000000000001
2.499393703509694e+18	14.700000000000001
2.40209656312461e+18	14.8
2.2869085548644406e+18	14.9
2.1860395776841078e+18	15.0
2.0851122743307192e+18	15.100000000000001
1.9677660128350095e+18	15.200000000000001
1.8722407488966487e+18	15.3
1.7784114071269624e+18	15.4
1.6802536758836884e+18	15.5
1.592224929781262e+18	15.600000000000001
1.5043673434494513e+18	15.700000000000001
1.4068151638085755e+18	15.8
1.3377318165357711e+18	15.9
1.2419619349366707e+18	16.0
1.1644317560072727e+18	16.1
1.0932820213876155e+18	16.2
1.021747216910264e+18	16.3
9.550760416106026e+17	16.400000000000002
8.843368303778771e+17	16.5
8.239392689193194e+17	16.6
7.633252239847185e+17	16.7
7.070285955077624e+17	16.8
6.517227603404893e+17	16.900000000000002
5.978118914428736e+17	17.0
5.494385195627407e+17	17.1
4.999665606353573e+17	17.2
4.5913539667467174e+17	17.3
4.1741231296087494e+17	17.400000000000002
3.790036729166169e+17	17.5
3.4117866754539923e+17	17.6
3.07065448347862e+17	17.7
2.7421795048842138e+17	17.8
2.4262291608403738e+17	17.900000000000002
2.141505874430376e+17	18.0
1.8646450644066256e+17	18.1
1.607313889574892e+17	18.2
1.3654260290391835e+17	18.3
1.125676199220036e+17	18.400000000000002
8.913526176738032e+16	18.5
6.528805827924343e+16	18.6
3.675127230675637e+16	18.7
0.0	18.8
0.0	18.900000000000002
0.0	19.0
0.0	19.1
0.0	19.200000000000003
0.0	19.3
0.0	19.400000000000002
0.0	19.5
0.0	19.6
