a = 16528.517191264065 м
b = 14812.117476118952 м
x0 = 12166.136172807031 м
vr = 2004.8820183569678 м/с
A0 = 1.13864737748229 м
Xmax = 17290.00983165151 м
sigmaX = 4777.209935741497 м
sigmaY = 4410.242932886964 м
M0 = 2.611340351901367e+19 Н*м - интегральное значение сейсмического момента
Mr_max = 5.579078569131833e+18 Н*м/с - максимальное значение функции источника
1-ый столбец - источника
2-ой столбец - время
0.0	0.0
1928147058355464.5	0.1
3.122503704141653e+17	0.2
6.177193400163585e+17	0.30000000000000004
9.202076093584923e+17	0.4
1.2167344742038787e+18	0.5
1.512444106649785e+18	0.6000000000000001
1.785511269066409e+18	0.7000000000000001
2.090572922989954e+18	0.8
2.3543607545501594e+18	0.9
2.6403105038789555e+18	1.0
2.8883360576103547e+18	1.1
3.132193742878272e+18	1.2000000000000002
3.3776127131374587e+18	1.3
3.576591739795706e+18	1.4000000000000001
3.8353589630504806e+18	1.5
4.032084296123205e+18	1.6
4.198375263394251e+18	1.7000000000000002
4.425232891252838e+18	1.8
4.584569293781197e+18	1.9000000000000001
4.736095338665923e+18	2.0
4.898819452212156e+18	2.1
5.030440639524396e+18	2.2
5.117717138313641e+18	2.3000000000000003
5.274744289367321e+18	2.4000000000000004
5.307852895311746e+18	2.5
5.396281728001076e+18	2.6
5.453552339952977e+18	2.7
5.504407837881001e+18	2.8000000000000003
5.48605963759814e+18	2.9000000000000004
5.579078569131833e+18	3.0
5.568140708165061e+18	3.1
5.488002151913299e+18	3.2
5.571385897148814e+18	3.3000000000000003
5.502918167107982e+18	3.4000000000000004
5.452799412190782e+18	3.5
5.4242862069156e+18	3.6
5.333690802217642e+18	3.7
5.295607371386361e+18	3.8000000000000003
5.160763967133986e+18	3.9000000000000004
5.052895587688232e+18	4.0
4.972794272046348e+18	4.1000000000000005
4.854771128231337e+18	4.2
4.762592863595866e+18	4.3
4.628939528329304e+18	4.4
4.44841755935406e+18	4.5
4.360279485052209e+18	4.6000000000000005
4.218867384144557e+18	4.7
4.061488809248278e+18	4.800000000000001
3.85908091229197e+18	4.9
3.7785203806351493e+18	5.0
3.650207770876095e+18	5.1000000000000005
3.491634180741793e+18	5.2
3.311355965062036e+18	5.300000000000001
3.172798050925672e+18	5.4
3.0209168832951183e+18	5.5
2.9155217025724897e+18	5.6000000000000005
2.756609078561647e+18	5.7
2.6130916013604224e+18	5.800000000000001
2.461503110207485e+18	5.9
2.321334899367986e+18	6.0
2.1846172252183066e+18	6.1000000000000005
2.0757002801050657e+18	6.2
1.9096796209629786e+18	6.300000000000001
1.8192599628688778e+18	6.4
1.711260993121076e+18	6.5
1.5827742784142295e+18	6.6000000000000005
1.470302980052683e+18	6.7
1.3920881377715558e+18	6.800000000000001
1.276788478877372e+18	6.9
1.1785506864078157e+18	7.0
1.1022877658965906e+18	7.1000000000000005
1.0182095008322943e+18	7.2
9.310710392349556e+17	7.300000000000001
8.615525452217893e+17	7.4
7.934594241364219e+17	7.5
7.24670795021278e+17	7.6000000000000005
6.635111240391496e+17	7.7
6.047192252930967e+17	7.800000000000001
5.54151291240263e+17	7.9
5.0198090887029434e+17	8.0
4.565403915729924e+17	8.1
4.1457697279347014e+17	8.200000000000001
3.7447096658388205e+17	8.3
3.354567652105732e+17	8.4
3.0247864284484934e+17	8.5
2.7373800682084797e+17	8.6
2.4227458365456272e+17	8.700000000000001
2.1772694167059872e+17	8.8
1.9468989923628896e+17	8.9
1.7225556691158115e+17	9.0
1.522691625439901e+17	9.1
1.3416207748784318e+17	9.200000000000001
1.1836957478305454e+17	9.3
1.039614324000466e+17	9.4
9.037723704677003e+16	9.5
7.863705884288746e+16	9.600000000000001
6.814345432666012e+16	9.700000000000001
5.800081423448695e+16	9.8
4.924702694741274e+16	9.9
4.111669792807057e+16	10.0
3.3795987838797256e+16	10.100000000000001
2.6873434142735508e+16	10.200000000000001
2.039126458092021e+16	10.3
1.3843419550087622e+16	10.4
5341383659059092.0	10.5
0.0	10.600000000000001
0.0	10.700000000000001
0.0	10.8
0.0	10.9
0.0	11.0
0.0	11.100000000000001
0.0	11.200000000000001
0.0	11.3
0.0	11.4
