a = 14543.140424349702 м
b = 8823.463164650999 м
x0 = 11708.426614742275 м
vr = 1573.1213225977751 м/с
A0 = 1.3202629875183747 м
Xmax = 12728.862689179949 м
sigmaX = 4559.624859842685 м
sigmaY = 4990.88486860939 м
M0 = 2.977326233476308e+19 Н*м - интегральное значение сейсмического момента
Mr_max = 6.65953845050174e+18 Н*м/с - максимальное значение функции источника
1-ый столбец - источника
2-ой столбец - время
0.0	0.0
3038585601697318.5	0.1
3.857507803126077e+17	0.2
7.550131466414442e+17	0.30000000000000004
1.1401269132370849e+18	0.4
1.5002011934658373e+18	0.5
1.8586065628624617e+18	0.6000000000000001
2.2237620331515889e+18	0.7000000000000001
2.5725948091041014e+18	0.8
2.905266872447602e+18	0.9
3.24786980779276e+18	1.0
3.548213126257162e+18	1.1
3.8622391032317327e+18	1.2000000000000002
4.176928142529233e+18	1.3
4.4028705090003886e+18	1.4000000000000001
4.691689937700083e+18	1.5
4.916757483390651e+18	1.6
5.139470572060924e+18	1.7000000000000002
5.360257034940398e+18	1.8
5.583530027194923e+18	1.9000000000000001
5.733507254141084e+18	2.0
5.913197062076e+18	2.1
6.028142687892825e+18	2.2
6.173300451164082e+18	2.3000000000000003
6.288849018202319e+18	2.4000000000000004
6.386747209715029e+18	2.5
6.450338741635001e+18	2.6
6.557248422827872e+18	2.7
6.560201187884783e+18	2.8000000000000003
6.606741801781951e+18	2.9000000000000004
6.649199067118816e+18	3.0
6.60130236233874e+18	3.1
6.65953845050174e+18	3.2
6.620941002466761e+18	3.3000000000000003
6.502038000106488e+18	3.4000000000000004
6.478917141825968e+18	3.5
6.444048306002485e+18	3.6
6.337855469928026e+18	3.7
6.283607511605753e+18	3.8000000000000003
6.161649892059246e+18	3.9000000000000004
6.026771901492691e+18	4.0
5.9690758494231e+18	4.1000000000000005
5.795060691805801e+18	4.2
5.657169021013527e+18	4.3
5.579856701279149e+18	4.4
5.405811196565775e+18	4.5
5.280749111123082e+18	4.6000000000000005
5.11271281730522e+18	4.7
4.980776238979359e+18	4.800000000000001
4.80878795591158e+18	4.9
4.666029826796609e+18	5.0
4.481741489292704e+18	5.1000000000000005
4.3583144716976835e+18	5.2
4.1951383241553654e+18	5.300000000000001
3.9912519013983217e+18	5.4
3.8613642511953423e+18	5.5
3.264099870320591e+18	5.6000000000000005
2.851440035399283e+18	5.7
2.579369897077559e+18	5.800000000000001
2.3000948771553452e+18	5.9
2.07399966535901e+18	6.0
1.8863421773259712e+18	6.1000000000000005
1.689954090414236e+18	6.2
1.5494319576176148e+18	6.300000000000001
1.413050687354975e+18	6.4
1.268292483944574e+18	6.5
1.145211766406125e+18	6.6000000000000005
1.0377112552877503e+18	6.7
9.351471987212388e+17	6.800000000000001
8.477637378367644e+17	6.9
7.668258637589076e+17	7.0
6.851808511710511e+17	7.1000000000000005
6.156695344313169e+17	7.2
5.502021778614687e+17	7.300000000000001
4.8415325902014464e+17	7.4
4.264400718981825e+17	7.5
3.749688312558718e+17	7.6000000000000005
3.3774486362951066e+17	7.7
3.0855241408635245e+17	7.800000000000001
2.7633925286279648e+17	7.9
2.505696199466038e+17	8.0
2.222548984634165e+17	8.1
2.011451342807264e+17	8.200000000000001
1.802914967876795e+17	8.3
1.626963339589729e+17	8.4
1.4491467668936342e+17	8.5
1.289879678153587e+17	8.6
1.15501058187983e+17	8.700000000000001
1.0214448085570544e+17	8.8
9.04962559677753e+16	8.9
8.049452127489234e+16	9.0
6.982502742117652e+16	9.1
6.229992871507935e+16	9.200000000000001
5.458222607475771e+16	9.3
4.78001149471318e+16	9.4
4.1741116713552296e+16	9.5
3.6232005283967784e+16	9.600000000000001
3.15719074920761e+16	9.700000000000001
2.7422046589107516e+16	9.8
2.3679065787962856e+16	9.9
2.0236327040236428e+16	10.0
1.7390926986494024e+16	10.100000000000001
1.4825983638614452e+16	10.200000000000001
1.2484319703030188e+16	10.3
1.0349498703685654e+16	10.4
8601918382268543.0	10.5
7065564343027418.0	10.600000000000001
5663106659239212.0	10.700000000000001
4435631006434234.5	10.8
3322162837725485.0	10.9
2283208949584931.5	11.0
1158564297647856.8	11.100000000000001
0.0	11.200000000000001
0.0	11.3
0.0	11.4
0.0	11.5
0.0	11.600000000000001
0.0	11.700000000000001
0.0	11.8
0.0	11.9
0.0	12.0
