a = 10566.810025664636 м
b = 13378.746584101895 м
x0 = 6005.733986289239 м
vr = 2183.8975991561074 м/с
A0 = 1.7549821066470903 м
Xmax = 7904.433479188899 м
sigmaX = 4932.323895813444 м
sigmaY = 4800.940683258168 м
M0 = 4.0938665714794e+19 Н*м - интегральное значение сейсмического момента
Mr_max = 1.2034624401294025e+19 Н*м/с - максимальное значение функции источника
1-ый столбец - источника
2-ой столбец - время
0.0	0.0
5340258986637651.0	0.1
9.335870030254607e+17	0.2
1.861973225817829e+18	0.30000000000000004
2.7643246568181233e+18	0.4
3.6247280768593347e+18	0.5
4.520750983995444e+18	0.6000000000000001
5.31968567203941e+18	0.7000000000000001
6.074953004951861e+18	0.8
6.779716973254815e+18	0.9
7.495796138250045e+18	1.0
8.211870523467938e+18	1.1
8.862138217059988e+18	1.2000000000000002
9.382313032858247e+18	1.3
9.915509785697542e+18	1.4000000000000001
1.0257374230475831e+19	1.5
1.0772564867855411e+19	1.6
1.1079931358551902e+19	1.7000000000000002
1.135564374467714e+19	1.8
1.157625295018892e+19	1.9000000000000001
1.1834005749235456e+19	2.0
1.190603540404405e+19	2.1
1.1967988068301244e+19	2.2
1.2005800158907953e+19	2.3000000000000003
1.2034624401294025e+19	2.4000000000000004
1.1921542822418313e+19	2.5
1.1845729284395723e+19	2.6
1.1671510085664225e+19	2.7
1.1466640291694637e+19	2.8000000000000003
1.0836204484932676e+19	2.9000000000000004
1.0260356046871874e+19	3.0
9.685816765227168e+18	3.1
9.399295794660334e+18	3.2
8.935324049627927e+18	3.3000000000000003
8.480324323041116e+18	3.4000000000000004
8.061468809012456e+18	3.5
7.628028692770782e+18	3.6
7.361188075007131e+18	3.7
6.938221266045028e+18	3.8000000000000003
6.575578059599455e+18	3.9000000000000004
6.161109451828248e+18	4.0
5.853385005947261e+18	4.1000000000000005
5.541754492715318e+18	4.2
5.185691114240245e+18	4.3
4.838837676852667e+18	4.4
4.5323013169805317e+18	4.5
4.231773786997451e+18	4.6000000000000005
3.949089006920503e+18	4.7
3.672713600444197e+18	4.800000000000001
3.3789844254767795e+18	4.9
3.0750539862617953e+18	5.0
2.9221430378315525e+18	5.1000000000000005
2.66386820911432e+18	5.2
2.4578717218563825e+18	5.300000000000001
2.24949620356815e+18	5.4
2.0584090846630728e+18	5.5
1.8819206635271025e+18	5.6000000000000005
1.7095788549966223e+18	5.7
1.550076132360162e+18	5.800000000000001
1.4049986118400407e+18	5.9
1.2730223811538616e+18	6.0
1.143598399551816e+18	6.1000000000000005
1.0194352402009802e+18	6.2
9.203784003965338e+17	6.300000000000001
8.179246345305111e+17	6.4
7.275917185653471e+17	6.5
6.405652543855081e+17	6.6000000000000005
5.6568954825783174e+17	6.7
4.941598321969969e+17	6.800000000000001
4.2677866639482675e+17	6.9
3.6136892476161517e+17	7.0
6.69504255381547e+16	7.1000000000000005
0.0	7.2
0.0	7.300000000000001
0.0	7.4
0.0	7.5
0.0	7.6000000000000005
0.0	7.7
0.0	7.800000000000001
0.0	7.9
0.0	8.0
0.0	8.1
0.0	8.200000000000001
0.0	8.3
0.0	8.4
0.0	8.5
0.0	8.6
0.0	8.700000000000001
0.0	8.8
0.0	8.9
0.0	9.0
0.0	9.1
0.0	9.200000000000001
0.0	9.3
0.0	9.4
0.0	9.5
0.0	9.600000000000001
0.0	9.700000000000001
0.0	9.8
0.0	9.9
0.0	10.0
0.0	10.100000000000001
0.0	10.200000000000001
0.0	10.3
0.0	10.4
0.0	10.5
