a = 3663.647020486267 м
b = 4752.731809829165 м
x0 = 796.1535222173691 м
vr = 2160.1142295208233 м/с
A0 = 0.41393806164100466 м
Xmax = 2834.634609470224 м
sigmaX = 4510.278786452669 м
sigmaY = 4574.409476699482 м
M0 = 2.989808078352855e+18 Н*м - интегральное значение сейсмического момента
Mr_max = 1.3116630991387666e+18 Н*м/с - максимальное значение функции источника
1-ый столбец - источника
2-ой столбец - время
0.0	0.0
1211472904554414.5	0.1
2.0940448050083936e+17	0.2
4.0768088261474797e+17	0.30000000000000004
6.112005890821864e+17	0.4
7.051071859937966e+17	0.5
7.554808619883764e+17	0.6000000000000001
8.219552437960287e+17	0.7000000000000001
8.832854416022877e+17	0.8
9.542910365946199e+17	0.9
1.0189189876673408e+18	1.0
1.0679378268573737e+18	1.1
1.1216810807468677e+18	1.2000000000000002
1.1928750950257638e+18	1.3
1.2285809480334963e+18	1.4000000000000001
1.2565176429437747e+18	1.5
1.3063670391498191e+18	1.6
1.2953648035123018e+18	1.7000000000000002
1.3116630991387666e+18	1.8
1.3034192241653898e+18	1.9000000000000001
1.2900916637585572e+18	2.0
1.279871005646057e+18	2.1
1.2543802570908073e+18	2.2
1.23471472072745e+18	2.3000000000000003
1.1990987910127946e+18	2.4000000000000004
1.1497401975078975e+18	2.5
1.0940151314774755e+18	2.6
1.0231375843474688e+18	2.7
9.397535672713519e+17	2.8000000000000003
8.350636289438308e+17	2.9000000000000004
7.111221004955625e+17	3.0
4.3414919293096877e+17	3.1
0.0	3.2
0.0	3.3000000000000003
0.0	3.4000000000000004
0.0	3.5
0.0	3.6
0.0	3.7
0.0	3.8000000000000003
0.0	3.9000000000000004
0.0	4.0
0.0	4.1000000000000005
0.0	4.2
0.0	4.3
0.0	4.4
0.0	4.5
0.0	4.6000000000000005
0.0	4.7
0.0	4.800000000000001
0.0	4.9
0.0	5.0
