a = 9718.636857438043 м
b = 11430.435749829976 м
x0 = 3780.763416648123 м
vr = 1813.2707398791617 м/с
A0 = 0.7026298109712632 м
Xmax = 8766.198890338608 м
sigmaX = 4018.232987996496 м
sigmaY = 4116.72574618619 м
M0 = 1.1941883889449617e+19 Н*м - интегральное значение сейсмического момента
Mr_max = 2.540760141347065e+18 Н*м/с - максимальное значение функции источника
1-ый столбец - источника
2-ой столбец - время
0.0	0.0
886306288835795.4	0.1
1.302250423431345e+17	0.2
2.558695868234218e+17	0.30000000000000004
3.809392493128237e+17	0.4
5.058281125619102e+17	0.5
6.322381968543585e+17	0.6000000000000001
7.546326768315036e+17	0.7000000000000001
8.781656534007676e+17	0.8
9.930343134624415e+17	0.9
1.1076448956313341e+18	1.0
1.2152734325269204e+18	1.1
1.3363194723601876e+18	1.2000000000000002
1.4474716819215255e+18	1.3
1.5472563188214746e+18	1.4000000000000001
1.632756163013222e+18	1.5
1.7487382778812262e+18	1.6
1.848538126722602e+18	1.7000000000000002
1.9225064521135875e+18	1.8
2.0182272928747028e+18	1.9000000000000001
2.0992386255026255e+18	2.0
2.1757653609695757e+18	2.1
2.2169047863114432e+18	2.2
2.2469459861196055e+18	2.3000000000000003
2.2991936987362752e+18	2.4000000000000004
2.3312773505785754e+18	2.5
2.3877429685884795e+18	2.6
2.406746687018195e+18	2.7
2.4732370705899505e+18	2.8000000000000003
2.482371105751621e+18	2.9000000000000004
2.5047708796148746e+18	3.0
2.532067677467053e+18	3.1
2.506138029874458e+18	3.2
2.522799136878716e+18	3.3000000000000003
2.5326267988790584e+18	3.4000000000000004
2.540760141347065e+18	3.5
2.5256844903562194e+18	3.6
2.5059169011151703e+18	3.7
2.4840980610624164e+18	3.8000000000000003
2.456394120007123e+18	3.9000000000000004
2.4115603507355817e+18	4.0
2.385156956624148e+18	4.1000000000000005
2.3373230599581025e+18	4.2
2.2657831922937103e+18	4.3
2.2275377248730056e+18	4.4
2.1936492700474624e+18	4.5
2.1079100908077414e+18	4.6000000000000005
2.08217303838333e+18	4.7
2.0157321170296883e+18	4.800000000000001
1.9255967118783585e+18	4.9
1.857825915531356e+18	5.0
1.7936542633630175e+18	5.1000000000000005
1.7148392691976456e+18	5.2
1.64620625990844e+18	5.300000000000001
1.575244499984879e+18	5.4
1.4985237872955128e+18	5.5
1.4221354357365107e+18	5.6000000000000005
1.3563404194676388e+18	5.7
1.2921727062582902e+18	5.800000000000001
1.211609454553939e+18	5.9
1.154729887299276e+18	6.0
1.0798783718430879e+18	6.1000000000000005
1.0024463773814775e+18	6.2
9.552739567485856e+17	6.300000000000001
8.865567209393386e+17	6.4
8.317307261882534e+17	6.5
7.583003158701466e+17	6.6000000000000005
7.172744329769626e+17	6.7
6.582098839983357e+17	6.800000000000001
6.073662533320991e+17	6.9
5.546514870942503e+17	7.0
5.1777405753586765e+17	7.1000000000000005
4.706226107431536e+17	7.2
4.307748894552366e+17	7.300000000000001
3.9185128765161875e+17	7.4
3.5583491013263866e+17	7.5
3.244362322238299e+17	7.6000000000000005
2.9108133527528486e+17	7.7
2.6350520263586154e+17	7.800000000000001
2.353609318324044e+17	7.9
2.086626228895655e+17	8.0
1.8375785764470787e+17	8.1
1.6164402600579334e+17	8.200000000000001
1.4008661129258694e+17	8.3
1.1873381805112427e+17	8.4
9.744314273652262e+16	8.5
7.37215035142224e+16	8.6
3.892378876115658e+16	8.700000000000001
0.0	8.8
0.0	8.9
0.0	9.0
0.0	9.1
0.0	9.200000000000001
0.0	9.3
0.0	9.4
0.0	9.5
0.0	9.600000000000001
0.0	9.700000000000001
0.0	9.8
0.0	9.9
0.0	10.0
0.0	10.100000000000001
0.0	10.200000000000001
0.0	10.3
0.0	10.4
0.0	10.5
0.0	10.600000000000001
0.0	10.700000000000001
0.0	10.8
0.0	10.9
0.0	11.0
0.0	11.100000000000001
0.0	11.200000000000001
0.0	11.3
0.0	11.4
0.0	11.5
