a = 16303.484768833257 м
b = 19207.600286517274 м
x0 = 3423.9296349065576 м
vr = 2168.34319410338 м/с
A0 = 1.6206538706428282 м
Xmax = 17505.226297037334 м
sigmaX = 4149.280548067484 м
sigmaY = 4486.254343233684 м
M0 = 3.088069514451729e+19 Н*м - интегральное значение сейсмического момента
Mr_max = 6.593627437690363e+18 Н*м/с - максимальное значение функции источника
1-ый столбец - источника
2-ой столбец - время
0.0	0.0
16649571709577.703	0.1
2940601281807202.0	0.2
5912035710652901.0	0.30000000000000004
9211203061498366.0	0.4
1.2695497869013698e+16	0.5
1.6842004086445164e+16	0.6000000000000001
2.138571729688484e+16	0.7000000000000001
2.6790837493344276e+16	0.8
3.3015468237954484e+16	0.9
4.017089766007203e+16	1.0
4.8352213174844e+16	1.1
5.85076421662357e+16	1.2000000000000002
6.983599436472058e+16	1.3
8.294495011166072e+16	1.4000000000000001
9.8867091954143e+16	1.5
1.1609411603996576e+17	1.6
1.3482595531297518e+17	1.7000000000000002
1.5926337507293142e+17	1.8
1.868195595548066e+17	1.9000000000000001
2.1325179226319075e+17	2.0
2.499767118717755e+17	2.1
2.8704563249079274e+17	2.2
3.290394989089103e+17	2.3000000000000003
3.7907149777382995e+17	2.4000000000000004
4.302087928542398e+17	2.5
4.843712790375776e+17	2.6
5.5525631017457274e+17	2.7
6.239927633223191e+17	2.8000000000000003
7.039432943085905e+17	2.9000000000000004
7.904073972255767e+17	3.0
8.86298947741047e+17	3.1
9.786438833632906e+17	3.2
1.084820606596708e+18	3.3000000000000003
1.214636174072998e+18	3.4000000000000004
1.3325539586680942e+18	3.5
1.4731622647330388e+18	3.6
1.613055394787428e+18	3.7
1.7513205483665603e+18	3.8000000000000003
1.9153416163811261e+18	3.9000000000000004
2.0823603084629783e+18	4.0
2.251912717634753e+18	4.1000000000000005
2.430758646666726e+18	4.2
2.6232514514044826e+18	4.3
2.830387961828408e+18	4.4
3.0226979211384233e+18	4.5
3.226829386601643e+18	4.6000000000000005
3.4281071286781635e+18	4.7
3.6001807926782285e+18	4.800000000000001
3.8259853628754217e+18	4.9
4.03440427186051e+18	5.0
4.2472148156293985e+18	5.1000000000000005
4.4811128798092626e+18	5.2
4.665730225281181e+18	5.300000000000001
4.888786483918166e+18	5.4
5.118059784095293e+18	5.5
5.253374319476911e+18	5.6000000000000005
5.434974359323815e+18	5.7
5.606011638010336e+18	5.800000000000001
5.786660980794137e+18	5.9
5.984413315275494e+18	6.0
6.090873932298013e+18	6.1000000000000005
6.214033565713841e+18	6.2
6.295501804275023e+18	6.300000000000001
6.356398997820903e+18	6.4
6.424246209574345e+18	6.5
6.480992243594954e+18	6.6000000000000005
6.52352786963684e+18	6.7
6.570572835609238e+18	6.800000000000001
6.593627437690363e+18	6.9
6.581243111176051e+18	7.0
6.496529518409685e+18	7.1000000000000005
6.414938204956446e+18	7.2
6.325419023147043e+18	7.300000000000001
6.2837234639368e+18	7.4
6.146933667127813e+18	7.5
6.076334026649883e+18	7.6000000000000005
5.923231831051409e+18	7.7
5.767941902472492e+18	7.800000000000001
5.588958251183031e+18	7.9
5.471501869609591e+18	8.0
5.275813223306876e+18	8.1
5.06546977170113e+18	8.200000000000001
4.868156935796693e+18	8.3
4.643856390027801e+18	8.4
4.452022678212665e+18	8.5
4.222970170154011e+18	8.6
4.012783390408734e+18	8.700000000000001
3.8050008003791964e+18	8.8
3.590400921449125e+18	8.9
3.4104572322406523e+18	9.0
3.1881730650031995e+18	9.1
3.0155690113635456e+18	9.200000000000001
2.8132075079064474e+18	9.3
2.604611836061267e+18	9.4
2.427477167060048e+18	9.5
2.2431356067921574e+18	9.600000000000001
2.0921029838498527e+18	9.700000000000001
1.921055824916922e+18	9.8
1.770191149781295e+18	9.9
1.6157404652883374e+18	10.0
1.4909618585246047e+18	10.100000000000001
1.3508621958251791e+18	10.200000000000001
1.2268644400515075e+18	10.3
1.1199282522933123e+18	10.4
1.0088330597603524e+18	10.5
9.072102198962272e+17	10.600000000000001
8.220031461410102e+17	10.700000000000001
7.36599029450553e+17	10.8
6.598292536420978e+17	10.9
5.865037599659455e+17	11.0
5.205833822842808e+17	11.100000000000001
4.6576509545253984e+17	11.200000000000001
4.097963530634899e+17	11.3
3.578136231043649e+17	11.4
3.171067495284063e+17	11.5
2.787933270584847e+17	11.600000000000001
2.4384970928287194e+17	11.700000000000001
2.1072283280885306e+17	11.8
1.8363450304233146e+17	11.9
1.596449647608143e+17	12.0
1.385477343059991e+17	12.100000000000001
1.191421270652881e+17	12.200000000000001
1.0273047260801662e+17	12.3
8.778963169902045e+16	12.4
7.492150038435618e+16	12.5
6.3825210090037816e+16	12.600000000000001
5.410017837754944e+16	12.700000000000001
4.553789241331574e+16	12.8
3.8202263397342184e+16	12.9
3.1895942661237336e+16	13.0
2.630871861603377e+16	13.100000000000001
2.138342133555111e+16	13.200000000000001
1.677409147948561e+16	13.3
1.240258463582334e+16	13.4
7253096125546237.0	13.5
0.0	13.600000000000001
0.0	13.700000000000001
0.0	13.8
0.0	13.9
0.0	14.0
0.0	14.100000000000001
0.0	14.200000000000001
0.0	14.3
0.0	14.4
0.0	14.5
0.0	14.600000000000001
0.0	14.700000000000001
0.0	14.8
0.0	14.9
0.0	15.0
0.0	15.100000000000001
0.0	15.200000000000001
0.0	15.3
0.0	15.4
0.0	15.5
0.0	15.600000000000001
0.0	15.700000000000001
0.0	15.8
0.0	15.9
0.0	16.0
0.0	16.1
0.0	16.2
0.0	16.3
0.0	16.400000000000002
0.0	16.5
0.0	16.6
0.0	16.7
0.0	16.8
0.0	16.900000000000002
0.0	17.0
0.0	17.1
