a = 16999.64148417431 м
b = 17043.612968323763 м
x0 = 7294.970663815292 м
vr = 1533.1898501405688 м/с
A0 = 0.39334093611601606 м
Xmax = 16698.01076083611 м
sigmaX = 4623.824274557088 м
sigmaY = 4234.063854356574 м
M0 = 8.22704743036119e+18 Н*м - интегральное значение сейсмического момента
Mr_max = 1.1652713806301407e+18 Н*м/с - максимальное значение функции источника
1-ый столбец - источника
2-ой столбец - время
0.0	0.0
114402972902677.42	0.1
1.4102188713613146e+16	0.2
2.8243136075159524e+16	0.30000000000000004
4.211669975343197e+16	0.4
5.6185322929025016e+16	0.5
7.122517510780574e+16	0.6000000000000001
8.450290196268552e+16	0.7000000000000001
1.0074196310003771e+17	0.8
1.1570979232064315e+17	0.9
1.2954728993448106e+17	1.0
1.459160116532014e+17	1.1
1.6178234344839648e+17	1.2000000000000002
1.7924632554934246e+17	1.3
1.9485642673741286e+17	1.4000000000000001
2.1100572382135213e+17	1.5
2.3069716386500218e+17	1.6
2.4630552843100346e+17	1.7000000000000002
2.6723173993813827e+17	1.8
2.843456428369101e+17	1.9000000000000001
3.063047914688437e+17	2.0
3.2514273395105574e+17	2.1
3.4716481366120864e+17	2.2
3.6599736107833344e+17	2.3000000000000003
3.83234943519164e+17	2.4000000000000004
4.123563571004901e+17	2.5
4.288806010695969e+17	2.6
4.559772318066182e+17	2.7
4.775768182741699e+17	2.8000000000000003
5.010639248473333e+17	2.9000000000000004
5.2258029408222304e+17	3.0
5.478083626746782e+17	3.1
5.706328639584881e+17	3.2
5.978942531196314e+17	3.3000000000000003
6.207233456722952e+17	3.4000000000000004
6.450810671467805e+17	3.5
6.804628520148104e+17	3.6
7.036217711850671e+17	3.7
7.259369689363607e+17	3.8000000000000003
7.511610559789495e+17	3.9000000000000004
7.703463486710118e+17	4.0
7.984329372261582e+17	4.1000000000000005
8.215029570342007e+17	4.2
8.459326117846072e+17	4.3
8.67718206015003e+17	4.4
8.902338043334671e+17	4.5
9.128839627922089e+17	4.6000000000000005
9.333514147147817e+17	4.7
9.570167656443624e+17	4.800000000000001
9.785427254330998e+17	4.9
1.0056336934770102e+18	5.0
1.0125760384169327e+18	5.1000000000000005
1.033780168061716e+18	5.2
1.0454392755861725e+18	5.300000000000001
1.0632246409613887e+18	5.4
1.0743957897383821e+18	5.5
1.0727361991009934e+18	5.6000000000000005
1.100993772054702e+18	5.7
1.1135770575697357e+18	5.800000000000001
1.1279288229977266e+18	5.9
1.1346614363328385e+18	6.0
1.1365666943995155e+18	6.1000000000000005
1.1504054247453347e+18	6.2
1.1454292290234482e+18	6.300000000000001
1.1534892578978043e+18	6.4
1.15920104297515e+18	6.5
1.1652713806301407e+18	6.6000000000000005
1.1532706561448643e+18	6.7
1.1564597076773466e+18	6.800000000000001
1.1425463087179395e+18	6.9
1.1478788758678579e+18	7.0
1.1403820991974694e+18	7.1000000000000005
1.132970127959768e+18	7.2
1.1294674372973444e+18	7.300000000000001
1.1103998936854702e+18	7.4
1.1027199806042079e+18	7.5
1.0929688824134917e+18	7.6000000000000005
1.0841503356099288e+18	7.7
1.0627005483765348e+18	7.800000000000001
1.0501734147723214e+18	7.9
1.0255498548653505e+18	8.0
1.0165765052555918e+18	8.1
1.0007256388913048e+18	8.200000000000001
9.711664491085359e+17	8.3
9.487805315828054e+17	8.4
9.300148798805841e+17	8.5
9.1161838359724e+17	8.6
8.896990483891553e+17	8.700000000000001
8.690241429128524e+17	8.8
8.421247112875226e+17	8.9
8.250621523538826e+17	9.0
7.982838445070575e+17	9.1
7.724100380316392e+17	9.200000000000001
7.508599746613791e+17	9.3
7.319277644845729e+17	9.4
7.007404118545217e+17	9.5
6.851385578118857e+17	9.600000000000001
6.556774033994116e+17	9.700000000000001
6.333287213415663e+17	9.8
6.173119913679693e+17	9.9
5.86241580232285e+17	10.0
5.6611501590381235e+17	10.100000000000001
5.413677158425261e+17	10.200000000000001
5.224148183239098e+17	10.3
4.952321376192853e+17	10.4
4.755281704905859e+17	10.5
4.583253068835245e+17	10.600000000000001
4.3347249122470336e+17	10.700000000000001
4.1224246876687584e+17	10.8
3.935792415608038e+17	10.9
3.745276818680269e+17	11.0
3.5435159617090157e+17	11.100000000000001
3.377916262482387e+17	11.200000000000001
3.191332299623839e+17	11.3
3.017433240642133e+17	11.4
2.8657720043254147e+17	11.5
2.709897757811015e+17	11.600000000000001
2.553226622345901e+17	11.700000000000001
2.4009290570215843e+17	11.8
2.2673165756634253e+17	11.9
2.1401380623170102e+17	12.0
2.002617193976278e+17	12.100000000000001
1.8750850307677376e+17	12.200000000000001
1.7623392798963898e+17	12.3
1.6521011944411626e+17	12.4
1.5352035504595456e+17	12.5
1.438675134415541e+17	12.600000000000001
1.3475433739660163e+17	12.700000000000001
1.2493333550952902e+17	12.8
1.1719338119082771e+17	12.9
1.079656178283078e+17	13.0
1.011854761419718e+17	13.100000000000001
9.321794874002616e+16	13.200000000000001
8.602081458048547e+16	13.3
8.002356076893469e+16	13.4
7.448018327217909e+16	13.5
6.818128807969101e+16	13.600000000000001
6.322233286628785e+16	13.700000000000001
5.798247677527678e+16	13.8
5.3349468571700024e+16	13.9
4.935814635046632e+16	14.0
4.534418121466338e+16	14.100000000000001
4.166412183356157e+16	14.200000000000001
3.837623804607858e+16	14.3
3.5068185576076308e+16	14.4
3.1967519115821776e+16	14.5
2.9148727657659604e+16	14.600000000000001
2.6736892958793184e+16	14.700000000000001
2.422468841094965e+16	14.8
2.207955099845819e+16	14.9
1.9997037996061376e+16	15.0
1.818270787815789e+16	15.100000000000001
1.659161127521107e+16	15.200000000000001
1.4908293320389442e+16	15.3
1.349214206840116e+16	15.4
1.2183809455303632e+16	15.5
1.101210072660092e+16	15.600000000000001
9985427656778638.0	15.700000000000001
8906903308170952.0	15.8
7985907705806990.0	15.9
7180322761918593.0	16.0
6407951731335333.0	16.1
5686444685280743.0	16.2
5084490997874010.0	16.3
4496684381235009.5	16.400000000000002
3988344870731922.5	16.5
3510357401260291.5	16.6
3082558719254484.0	16.7
2680465034447917.0	16.8
2313135482433094.0	16.900000000000002
1972586730416906.5	17.0
1666931029209646.0	17.1
1355659078934027.0	17.2
1054684069286045.6	17.3
735231691984228.6	17.400000000000002
278365940988946.66	17.5
0.0	17.6
0.0	17.7
0.0	17.8
0.0	17.900000000000002
0.0	18.0
0.0	18.1
0.0	18.2
0.0	18.3
0.0	18.400000000000002
