a = 10152.46557269779 м
b = 11056.07829718543 м
x0 = 7403.599499225847 м
vr = 2279.9858894290774 м/с
A0 = 1.5649922605223006 м
Xmax = 9292.246828605545 м
sigmaX = 4578.354946380216 м
sigmaY = 4218.780205356229 м
M0 = 3.04647736714008e+19 Н*м - интегральное значение сейсмического момента
Mr_max = 9.992629043576826e+18 Н*м/с - максимальное значение функции источника
1-ый столбец - источника
2-ой столбец - время
0.0	0.0
4916300989930892.0	0.1
8.987999313956543e+17	0.2
1.7906189343021414e+18	0.30000000000000004
2.640135414841763e+18	0.4
3.4813998710537144e+18	0.5
4.2324362786867267e+18	0.6000000000000001
5.039645637246204e+18	0.7000000000000001
5.725006030008211e+18	0.8
6.383532543539549e+18	0.9
6.979283263644101e+18	1.0
7.52188935859277e+18	1.1
8.036611911698808e+18	1.2000000000000002
8.437869630700239e+18	1.3
8.868263764564522e+18	1.4000000000000001
9.216217307875069e+18	1.5
9.451637994388728e+18	1.6
9.724826603580916e+18	1.7000000000000002
9.822180707659127e+18	1.8
9.98079400263648e+18	1.9000000000000001
9.978238207613413e+18	2.0
9.992629043576826e+18	2.1
9.88552713086408e+18	2.2
9.748492058003476e+18	2.3000000000000003
9.616381300292411e+18	2.4000000000000004
9.416435497019443e+18	2.5
9.208702496678154e+18	2.6
8.956735827976686e+18	2.7
8.674174280949638e+18	2.8000000000000003
8.341694763408494e+18	2.9000000000000004
7.983113421880879e+18	3.0
7.628213683694373e+18	3.1
7.309082527548066e+18	3.2
6.9015012514629e+18	3.3000000000000003
6.28008936992172e+18	3.4000000000000004
5.667602778064357e+18	3.5
5.234223582674945e+18	3.6
4.810427152384979e+18	3.7
4.4375284025979837e+18	3.8000000000000003
4.045551405510672e+18	3.9000000000000004
3.7421527226121436e+18	4.0
3.4174322641815747e+18	4.1000000000000005
3.1291239062480973e+18	4.2
2.8254705359884733e+18	4.3
2.600174009004787e+18	4.4
2.348124836569712e+18	4.5
2.1244414624137236e+18	4.6000000000000005
1.908880938094679e+18	4.7
1.7234044191998106e+18	4.800000000000001
1.5375701502108646e+18	4.9
1.377522144270914e+18	5.0
1.2051600291790587e+18	5.1000000000000005
1.066761835768145e+18	5.2
9.213659623927063e+17	5.300000000000001
8.01261492443081e+17	5.4
6.675397059771492e+17	5.5
5.386273976006509e+17	5.6000000000000005
3.6031323232417146e+17	5.7
0.0	5.800000000000001
0.0	5.9
0.0	6.0
0.0	6.1000000000000005
0.0	6.2
0.0	6.300000000000001
0.0	6.4
0.0	6.5
0.0	6.6000000000000005
0.0	6.7
0.0	6.800000000000001
0.0	6.9
0.0	7.0
0.0	7.1000000000000005
0.0	7.2
0.0	7.300000000000001
0.0	7.4
