a = 16118.97379294638 м
b = 12216.451946620391 м
x0 = 11061.857077771157 м
vr = 2213.7720569377225 м/с
A0 = 2.0458775264815094 м
Xmax = 11703.270463994873 м
sigmaX = 4163.171870752317 м
sigmaY = 4188.371000659224 м
M0 = 3.966919030786574e+19 Н*м - интегральное значение сейсмического момента
Mr_max = 1.310529516111007e+19 Н*м/с - максимальное значение функции источника
1-ый столбец - источника
2-ой столбец - время
0.0	0.0
6714284504041189.0	0.1
1.1934998753961362e+18	0.2
2.3635028858371896e+18	0.30000000000000004
3.501060968701481e+18	0.4
4.6097929592516905e+18	0.5
5.700119114865613e+18	0.6000000000000001
6.711203244837657e+18	0.7000000000000001
7.640352068580502e+18	0.8
8.516513511360298e+18	0.9
9.346670382225492e+18	1.0
1.0122659528938957e+19	1.1
1.076088970800161e+19	1.2000000000000002
1.1275592631521518e+19	1.3
1.1818411873290398e+19	1.4000000000000001
1.218620899380546e+19	1.5
1.2652400939893805e+19	1.6
1.2803783093716177e+19	1.7000000000000002
1.289542108200296e+19	1.8
1.310529516111007e+19	1.9000000000000001
1.2966723282538291e+19	2.0
1.3010940474592725e+19	2.1
1.2835300876652513e+19	2.2
1.2611963070859284e+19	2.3000000000000003
1.2351365664592454e+19	2.4000000000000004
1.2047805486777608e+19	2.5
1.163238481409182e+19	2.6
1.1306348368330727e+19	2.7
1.0879447194750296e+19	2.8000000000000003
1.040393552877159e+19	2.9000000000000004
9.956954450067067e+18	3.0
9.407480445584146e+18	3.1
8.979079138739961e+18	3.2
8.38800363440494e+18	3.3000000000000003
7.936865765546431e+18	3.4000000000000004
7.370458428028132e+18	3.5
6.887980770671575e+18	3.6
6.435187699836538e+18	3.7
5.925920426972792e+18	3.8000000000000003
5.487361737385649e+18	3.9000000000000004
5.047923616582059e+18	4.0
4.614111844409615e+18	4.1000000000000005
4.2232955713213496e+18	4.2
3.8289763941368156e+18	4.3
3.4763023501139215e+18	4.4
3.158455525194721e+18	4.5
2.835810488647487e+18	4.6000000000000005
2.539794768863491e+18	4.7
2.2715030112099924e+18	4.800000000000001
2.0363739705534697e+18	4.9
1.5204367966487022e+18	5.0
1.1110657286441249e+18	5.1000000000000005
9.452886071385405e+17	5.2
7.95741269250304e+17	5.300000000000001
6.834165167087789e+17	5.4
5.80140048004955e+17	5.5
4.888436056874693e+17	5.6000000000000005
4.1733788587298566e+17	5.7
3.515853596141225e+17	5.800000000000001
2.9284826656315674e+17	5.9
2.5088642278422803e+17	6.0
2.08879776717679e+17	6.1000000000000005
1.7563530275165184e+17	6.2
1.4700602066664717e+17	6.300000000000001
1.2017773161485808e+17	6.4
1.0061393851609467e+17	6.5
8.275079231164584e+16	6.6000000000000005
6.70236708345254e+16	6.7
5.610095134931117e+16	6.800000000000001
4.560705218741739e+16	6.9
3.730610317039551e+16	7.0
3.016358317531659e+16	7.1000000000000005
2.439126873142194e+16	7.2
1.9698906517853884e+16	7.300000000000001
1.581245457379127e+16	7.4
1.2609012673387146e+16	7.5
1.0088868435791288e+16	7.6000000000000005
8082409687166037.0	7.7
6336598017527347.0	7.800000000000001
5040726219174714.0	7.9
3909694915089772.0	8.0
3085845495824837.5	8.1
2392482007901614.5	8.200000000000001
1852478550514495.0	8.3
1429227590422902.8	8.4
1099743265937400.2	8.5
832353204128476.2	8.6
628312586199054.4	8.700000000000001
473963684566713.2	8.8
349309903154991.8	8.9
257699607275021.16	9.0
186964353481352.7	9.1
132991959972445.45	9.200000000000001
91806020648274.36	9.3
61370145929183.36	9.4
37590126837463.21	9.5
18462102017569.11	9.600000000000001
0.0	9.700000000000001
0.0	9.8
0.0	9.9
0.0	10.0
0.0	10.100000000000001
0.0	10.200000000000001
0.0	10.3
0.0	10.4
0.0	10.5
