a = 6282.923383428933 м
b = 4349.372404068286 м
x0 = 3289.723747627178 м
vr = 1894.9314383382716 м/с
A0 = 0.6412460180646913 м
Xmax = 6084.993647357445 м
sigmaX = 4539.760014474875 м
sigmaY = 4375.878311294599 м
M0 = 6.687106829400686e+18 Н*м - интегральное значение сейсмического момента
Mr_max = 2.865870265746023e+18 Н*м/с - максимальное значение функции источника
1-ый столбец - источника
2-ой столбец - время
0.0	0.0
1507994999243400.0	0.1
2.2617895724840003e+17	0.2
4.5128280055751014e+17	0.30000000000000004
6.700125631012658e+17	0.4
8.829768440329591e+17	0.5
1.0900736964562915e+18	0.6000000000000001
1.3080558920525112e+18	0.7000000000000001
1.4956982312073137e+18	0.8
1.6751348506179973e+18	0.9
1.8710623138159017e+18	1.0
2.023104081338591e+18	1.1
2.1406758237133896e+18	1.2000000000000002
2.3006973114678223e+18	1.3
2.449169259235036e+18	1.4000000000000001
2.574344203128176e+18	1.5
2.6796415661660083e+18	1.6
2.7818876664541926e+18	1.7000000000000002
2.865870265746023e+18	1.8
2.1999411466740204e+18	1.9000000000000001
2.0976542511996815e+18	2.0
2.0339643120573965e+18	2.1
1.9878305795382016e+18	2.2
1.8796198820085558e+18	2.3000000000000003
1.865575073324133e+18	2.4000000000000004
1.8158481427678958e+18	2.5
1.757388619717368e+18	2.6
1.6857086286274486e+18	2.7
1.635080352592575e+18	2.8000000000000003
1.5800161909752998e+18	2.9000000000000004
1.4705569164797855e+18	3.0
1.4160566289239055e+18	3.1
1.3565763518242788e+18	3.2
1.2990822906663183e+18	3.3000000000000003
1.2219452744104046e+18	3.4000000000000004
1.153364130672876e+18	3.5
1.0977568719006026e+18	3.6
1.0043671378080961e+18	3.7
9.323373998998607e+17	3.8000000000000003
8.761049299893354e+17	3.9000000000000004
7.994021925122358e+17	4.0
7.455984341035031e+17	4.1000000000000005
6.714844156214039e+17	4.2
6.092001565176232e+17	4.3
5.405018215236049e+17	4.4
4.702688857084696e+17	4.5
4.04568101730783e+17	4.6000000000000005
3.38619228211547e+17	4.7
2.615663765013647e+17	4.800000000000001
1.757092481796315e+17	4.9
0.0	5.0
0.0	5.1000000000000005
0.0	5.2
0.0	5.300000000000001
0.0	5.4
0.0	5.5
0.0	5.6000000000000005
0.0	5.7
0.0	5.800000000000001
