a = 11293.041113716345 м
b = 10039.839971605796 м
x0 = 5741.70305565074 м
vr = 2088.373221096439 м/с
A0 = 0.5306885060691706 м
Xmax = 8766.458336144886 м
sigmaX = 4773.669705140516 м
sigmaY = 4465.657872335964 м
M0 = 1.119243272783378e+19 Н*м - интегральное значение сейсмического момента
Mr_max = 3.130514306860376e+18 Н*м/с - максимальное значение функции источника
1-ый столбец - источника
2-ой столбец - время
0.0	0.0
1360649786336768.2	0.1
2.2702758772978915e+17	0.2
4.502647740038551e+17	0.30000000000000004
6.739632308600443e+17	0.4
8.87539032157789e+17	0.5
1.0932482166553741e+18	0.6000000000000001
1.2975629880461002e+18	0.7000000000000001
1.4968223575273418e+18	0.8
1.694260999791041e+18	0.9
1.85157420448603e+18	1.0
2.0127238727671322e+18	1.1
2.182288539773173e+18	1.2000000000000002
2.320814866239681e+18	1.3
2.4597716618350674e+18	1.4000000000000001
2.587071705585102e+18	1.5
2.703254887968948e+18	1.6
2.792015214314931e+18	1.7000000000000002
2.8653807588481654e+18	1.8
2.973363326818734e+18	1.9000000000000001
3.0051873419177887e+18	2.0
3.0572968374946196e+18	2.1
3.095930003911545e+18	2.2
3.0976084711909453e+18	2.3000000000000003
3.130514306860376e+18	2.4000000000000004
3.125862510505326e+18	2.5
3.102707649889681e+18	2.6
3.081710795533105e+18	2.7
3.0507366405553265e+18	2.8000000000000003
2.924064584759463e+18	2.9000000000000004
2.756385354909709e+18	3.0
2.672607656682803e+18	3.1
2.562074982316965e+18	3.2
2.4570217667435996e+18	3.3000000000000003
2.371176063041724e+18	3.4000000000000004
2.2651386961959982e+18	3.5
2.2004698545600873e+18	3.6
2.0880816710415086e+18	3.7
1.9668429693690614e+18	3.8000000000000003
1.9210224575416356e+18	3.9000000000000004
1.812567504954665e+18	4.0
1.725516238811297e+18	4.1000000000000005
1.6399342504598897e+18	4.2
1.559686518957598e+18	4.3
1.4647995651430638e+18	4.4
1.3918293110397732e+18	4.5
1.3204864669646715e+18	4.6000000000000005
1.2370498927161958e+18	4.7
1.160899191323579e+18	4.800000000000001
1.0850685083491857e+18	4.9
1.0049544778740908e+18	5.0
9.443472084723507e+17	5.1000000000000005
8.721576299397549e+17	5.2
8.012680011517868e+17	5.300000000000001
7.436726425601812e+17	5.4
6.887006862499241e+17	5.5
6.31991818045513e+17	5.6000000000000005
5.806060619975162e+17	5.7
5.2991889185311546e+17	5.800000000000001
4.888411267394657e+17	5.9
4.414737367303872e+17	6.0
4.036624555901416e+17	6.1000000000000005
3.628684734404594e+17	6.2
3.288221970609449e+17	6.300000000000001
2.963990253803912e+17	6.4
2.6451454180128752e+17	6.5
2.346335115786988e+17	6.6000000000000005
2.105311302622179e+17	6.7
1.8705846091218218e+17	6.800000000000001
1.6475595185486752e+17	6.9
1.4594675806460176e+17	7.0
1.2764031436388229e+17	7.1000000000000005
1.1081861641542757e+17	7.2
9.536044244491645e+16	7.300000000000001
8.230426076649509e+16	7.4
7.019936654605279e+16	7.5
5.875318926441412e+16	7.6000000000000005
4.834305416225241e+16	7.7
3.902171086304959e+16	7.800000000000001
3.0145535900903668e+16	7.9
2.162580609253505e+16	8.0
1.2403255022122826e+16	8.1
0.0	8.200000000000001
0.0	8.3
0.0	8.4
0.0	8.5
0.0	8.6
0.0	8.700000000000001
0.0	8.8
0.0	8.9
0.0	9.0
