a = 4932.215756169129 м
b = 5980.158848066374 м
x0 = 3701.9082164131332 м
vr = 1785.2188350340157 м/с
A0 = 0.849953110880894 м
Xmax = 6054.17092198515 м
sigmaX = 4626.439035229614 м
sigmaY = 4669.04262046419 м
M0 = 9.045392357992385e+18 Н*м - интегральное значение сейсмического момента
Mr_max = 3.7606922158063427e+18 Н*м/с - максимальное значение функции источника
1-ый столбец - источника
2-ой столбец - время
0.0	0.0
2000738565784563.8	0.1
2.8593303825105162e+17	0.2
5.6661663362595386e+17	0.30000000000000004
8.279542616687447e+17	0.4
1.0983143460193691e+18	0.5
1.3533495247509558e+18	0.6000000000000001
1.609802345054251e+18	0.7000000000000001
1.843712375208296e+18	0.8
2.0558369337004416e+18	0.9
2.2741672433461558e+18	1.0
2.5004472132930657e+18	1.1
2.7084525925607357e+18	1.2000000000000002
2.8337349341875635e+18	1.3
3.036369146028609e+18	1.4000000000000001
3.1428559993506616e+18	1.5
3.2947543261118863e+18	1.6
3.4219783766079e+18	1.7000000000000002
3.573065579470243e+18	1.8
3.6162702004741494e+18	1.9000000000000001
3.743068759885681e+18	2.0
3.7606922158063427e+18	2.1
3.659275159340588e+18	2.2
3.483733384744716e+18	2.3000000000000003
3.390588745855813e+18	2.4000000000000004
3.307667857087687e+18	2.5
3.1981553318813875e+18	2.6
3.147410996532017e+18	2.7
3.060365239565263e+18	2.8000000000000003
2.9809798361213256e+18	2.9000000000000004
2.905141548818944e+18	3.0
2.7801362478816364e+18	3.1
2.666024313932487e+18	3.2
2.52968207936348e+18	3.3000000000000003
2.4125044189728614e+18	3.4000000000000004
2.2246837999997683e+18	3.5
1.1581978358580122e+18	3.6
0.0	3.7
0.0	3.8000000000000003
0.0	3.9000000000000004
0.0	4.0
0.0	4.1000000000000005
0.0	4.2
0.0	4.3
0.0	4.4
0.0	4.5
0.0	4.6000000000000005
0.0	4.7
0.0	4.800000000000001
0.0	4.9
0.0	5.0
0.0	5.1000000000000005
0.0	5.2
0.0	5.300000000000001
0.0	5.4
0.0	5.5
0.0	5.6000000000000005
