a = 5470.197063036357 м
b = 5530.1676596285315 м
x0 = 153.3733300692371 м
vr = 1856.6609406679972 м/с
A0 = 1.4273970273083014 м
Xmax = 4721.381542477046 м
sigmaX = 4242.806343849988 м
sigmaY = 4037.178297068449 м
M0 = 1.4867931340912382e+19 Н*м - интегральное значение сейсмического момента
Mr_max = 3.9721233309711017e+18 Н*м/с - максимальное значение функции источника
1-ый столбец - источника
2-ой столбец - время
0.0	0.0
2227599960278361.8	0.1
2.6789116265851552e+17	0.2
4.231801095870462e+17	0.30000000000000004
5.934710080523007e+17	0.4
7.793756487635807e+17	0.5
9.52431377784638e+17	0.6000000000000001
1.1419056959105564e+18	0.7000000000000001
1.3293708112054966e+18	0.8
1.5165471322890929e+18	0.9
1.7118060445863718e+18	1.0
1.897693562910572e+18	1.1
2.0649751542709693e+18	1.2000000000000002
2.2509112449565146e+18	1.3
2.402410169184312e+18	1.4000000000000001
2.599410192376025e+18	1.5
2.7770989152708987e+18	1.6
2.9193160099375606e+18	1.7000000000000002
3.0440722362256184e+18	1.8
3.1913536888101115e+18	1.9000000000000001
3.329216172665582e+18	2.0
3.395490904823537e+18	2.1
3.5365272590373704e+18	2.2
3.6164132410569585e+18	2.3000000000000003
3.71000536022568e+18	2.4000000000000004
3.748985235701409e+18	2.5
3.8577968537255654e+18	2.6
3.9575246184135465e+18	2.7
3.9721233309711017e+18	2.8000000000000003
3.9199735678830213e+18	2.9000000000000004
3.942816552311793e+18	3.0
3.947609659109551e+18	3.1
3.949208940283047e+18	3.2
3.89896817451613e+18	3.3000000000000003
3.9190780328252897e+18	3.4000000000000004
3.7720879136027863e+18	3.5
3.796791706287371e+18	3.6
3.679123418004927e+18	3.7
3.670602697421026e+18	3.8000000000000003
3.520092756481808e+18	3.9000000000000004
3.457719559538129e+18	4.0
3.285786844396142e+18	4.1000000000000005
3.266614683456864e+18	4.2
3.07332290618081e+18	4.3
2.9723920544184883e+18	4.4
2.844669393183052e+18	4.5
2.6737517397148846e+18	4.6000000000000005
2.5457229356334433e+18	4.7
2.4107321942440755e+18	4.800000000000001
2.2811358127888512e+18	4.9
2.1044372484503096e+18	5.0
1.9296213382990597e+18	5.1000000000000005
1.776870322335088e+18	5.2
1.5991856583366602e+18	5.300000000000001
1.44199854990226e+18	5.4
1.265902419495262e+18	5.5
1.0721263154335539e+18	5.6000000000000005
8.627018836694917e+17	5.7
6.153578631711223e+17	5.800000000000001
1.9337952638828454e+17	5.9
0.0	6.0
0.0	6.1000000000000005
0.0	6.2
0.0	6.300000000000001
0.0	6.4
0.0	6.5
0.0	6.6000000000000005
0.0	6.7
0.0	6.800000000000001
