a = 9467.873606931716 м
b = 6155.479222097396 м
x0 = 6304.425960903368 м
vr = 1921.1109402451002 м/с
A0 = 1.4497895939991448 м
Xmax = 10235.22252105691 м
sigmaX = 4115.257262491959 м
sigmaY = 4677.382676368577 м
M0 = 2.215533623824592e+19 Н*м - интегральное значение сейсмического момента
Mr_max = 6.776496706069394e+18 Н*м/с - максимальное значение функции источника
1-ый столбец - источника
2-ой столбец - время
0.0	0.0
2647827371054813.5	0.1
4.105467659984209e+17	0.2
8.095590279135231e+17	0.30000000000000004
1.2135629210559488e+18	0.4
1.603551412772445e+18	0.5
1.98413041215267e+18	0.6000000000000001
2.359209000620722e+18	0.7000000000000001
2.7264005655237274e+18	0.8
3.088404358962445e+18	0.9
3.396924728094025e+18	1.0
3.7254330226908017e+18	1.1
4.0794215704668047e+18	1.2000000000000002
4.358602041009577e+18	1.3
4.634562942870832e+18	1.4000000000000001
4.918780191812096e+18	1.5
5.171016231192026e+18	1.6
5.382819119642588e+18	1.7000000000000002
5.639970848869175e+18	1.8
5.794667376403959e+18	1.9000000000000001
6.004153117730771e+18	2.0
6.168107902945797e+18	2.1
6.257856776492538e+18	2.2
6.394844975822577e+18	2.3000000000000003
6.530161237922898e+18	2.4000000000000004
6.598290543636646e+18	2.5
6.647536822923025e+18	2.6
6.776496706069394e+18	2.7
6.751161998276749e+18	2.8000000000000003
6.72119665799859e+18	2.9000000000000004
6.386466359490474e+18	3.0
5.870907935241818e+18	3.1
5.64413014320602e+18	3.2
5.391413457073072e+18	3.3000000000000003
5.046023859960634e+18	3.4000000000000004
4.84828047949693e+18	3.5
4.634664049903547e+18	3.6
4.4698428272552986e+18	3.7
4.2305650255223946e+18	3.8000000000000003
4.1166480147775053e+18	3.9000000000000004
3.847731867425561e+18	4.0
3.632268294054892e+18	4.1000000000000005
3.448347507048877e+18	4.2
3.239663967290079e+18	4.3
3.0375663658913603e+18	4.4
2.802642878572136e+18	4.5
2.6523242071576417e+18	4.6000000000000005
2.444509554516877e+18	4.7
2.2382004692142129e+18	4.800000000000001
2.0623697688273377e+18	4.9
1.9483505620093668e+18	5.0
1.7643633110105674e+18	5.1000000000000005
1.6107633137726385e+18	5.2
1.4538345913304727e+18	5.300000000000001
1.3064077943841615e+18	5.4
1.183922866458527e+18	5.5
1.0403359983923905e+18	5.6000000000000005
9.308979641174406e+17	5.7
8.213718357630139e+17	5.800000000000001
7.180275501446391e+17	5.9
6.210268242447962e+17	6.0
5.3170441029641734e+17	6.1000000000000005
4.432899139706204e+17	6.2
3.629076596216623e+17	6.300000000000001
2.8521904415375258e+17	6.4
2.097209849325333e+17	6.5
1.2663362068771725e+17	6.6000000000000005
0.0	6.7
0.0	6.800000000000001
0.0	6.9
0.0	7.0
0.0	7.1000000000000005
0.0	7.2
0.0	7.300000000000001
0.0	7.4
0.0	7.5
