a = 16232.44153256373 м
b = 19793.737907252587 м
x0 = 7060.331394168238 м
vr = 1877.9676399827226 м/с
A0 = 1.3681207030601163 м
Xmax = 13314.345957342088 м
sigmaX = 4546.855820975812 м
sigmaY = 4533.656449517964 м
M0 = 3.098331357281064e+19 Н*м - интегральное значение сейсмического момента
Mr_max = 5.891869319095107e+18 Н*м/с - максимальное значение функции источника
1-ый столбец - источника
2-ой столбец - время
0.0	0.0
1498644593738069.5	0.1
2.246709239679408e+17	0.2
4.508303491080163e+17	0.30000000000000004
6.711245502467453e+17	0.4
8.929744978433681e+17	0.5
1.1144595784608289e+18	0.6000000000000001
1.3358343019406172e+18	0.7000000000000001
1.551748402371548e+18	0.8
1.7557368618826734e+18	0.9
1.993380660091167e+18	1.0
2.1926970628823101e+18	1.1
2.415672234334054e+18	1.2000000000000002
2.621278718348999e+18	1.3
2.8342676484180004e+18	1.4000000000000001
3.019766180645499e+18	1.5
3.2249219749483796e+18	1.6
3.4516225931109197e+18	1.7000000000000002
3.6069624689993324e+18	1.8
3.811044285429963e+18	1.9000000000000001
3.967754844055885e+18	2.0
4.1783530089509596e+18	2.1
4.3208352558855583e+18	2.2
4.51268386339239e+18	2.3000000000000003
4.644683473732846e+18	2.4000000000000004
4.827295861250513e+18	2.5
4.937045241487605e+18	2.6
5.046765291655581e+18	2.7
5.211206288903242e+18	2.8000000000000003
5.362122139248892e+18	2.9000000000000004
5.441844519919517e+18	3.0
5.530691632981592e+18	3.1
5.626832401553745e+18	3.2
5.751058484522635e+18	3.3000000000000003
5.758694844011832e+18	3.4000000000000004
5.774355303066847e+18	3.5
5.822656148449316e+18	3.6
5.834931733722223e+18	3.7
5.890959587104763e+18	3.8000000000000003
5.872653732250099e+18	3.9000000000000004
5.891869319095107e+18	4.0
5.821334316429654e+18	4.1000000000000005
5.821158050327076e+18	4.2
5.76573311946162e+18	4.3
5.734146711642526e+18	4.4
5.625330849823777e+18	4.5
5.617659737354113e+18	4.6000000000000005
5.545514536045873e+18	4.7
5.474403062962593e+18	4.800000000000001
5.346796819507708e+18	4.9
5.23791274529177e+18	5.0
5.155705679507616e+18	5.1000000000000005
5.014750167055954e+18	5.2
4.842309735919773e+18	5.300000000000001
4.738170423990406e+18	5.4
4.6087456506396273e+18	5.5
4.5101711132107197e+18	5.6000000000000005
4.32650962812958e+18	5.7
4.1987460869893463e+18	5.800000000000001
4.0218241990901837e+18	5.9
3.8564633572777585e+18	6.0
3.72463077075667e+18	6.1000000000000005
3.5658600386712914e+18	6.2
3.413458828928122e+18	6.300000000000001
3.3012886291827436e+18	6.4
3.149726165801644e+18	6.5
2.985376766943915e+18	6.6000000000000005
2.8128971990036644e+18	6.7
2.6806956932051707e+18	6.800000000000001
2.5389297388772895e+18	6.9
2.428497965902193e+18	7.0
2.2871217193155287e+18	7.1000000000000005
2.1412023875824801e+18	7.2
2.0184124615286246e+18	7.300000000000001
1.8918357717108004e+18	7.4
1.7850093818910044e+18	7.5
1.6683833499386235e+18	7.6000000000000005
1.560277608617228e+18	7.7
1.4526805139720486e+18	7.800000000000001
1.3496050257215854e+18	7.9
1.2529349160190392e+18	8.0
1.1584683553828265e+18	8.1
1.0831096162051668e+18	8.200000000000001
1.009260018558265e+18	8.3
9.220034333880568e+17	8.4
8.497698085181187e+17	8.5
7.797439296527528e+17	8.6
7.185195523868462e+17	8.700000000000001
6.569510086619302e+17	8.8
5.97797834925788e+17	8.9
5.47097350403392e+17	9.0
5.053864409210284e+17	9.1
4.520056191803181e+17	9.200000000000001
4.114569347966194e+17	9.3
3.745581295426088e+17	9.4
3.3927543730897946e+17	9.5
3.036447599250163e+17	9.600000000000001
2.7463483589775955e+17	9.700000000000001
2.4812832129680464e+17	9.8
2.2270589493905744e+17	9.9
2.011810700491785e+17	10.0
1.8107142911168925e+17	10.100000000000001
1.6087102561162186e+17	10.200000000000001
1.4307995041867238e+17	10.3
1.2791332044290675e+17	10.4
1.1315926880333971e+17	10.5
1.0047202334588883e+17	10.600000000000001
8.916069062866506e+16	10.700000000000001
7.882264576261806e+16	10.8
6.976259150007208e+16	10.9
6.143490640209052e+16	11.0
5.369494808840787e+16	11.100000000000001
4.7450536630311e+16	11.200000000000001
4.136308522092805e+16	11.3
3.63958304107305e+16	11.4
3.191020928933147e+16	11.5
2.7739305249239892e+16	11.600000000000001
2.4300376473110188e+16	11.700000000000001
2.1023827828074596e+16	11.8
1.8294404906540916e+16	11.9
1.5742590903666434e+16	12.0
1.3597050167336224e+16	12.100000000000001
1.1614664661092252e+16	12.200000000000001
1.0083617436341668e+16	12.3
8675137037073714.0	12.4
7444018208106006.0	12.5
6376415227437144.0	12.600000000000001
5445088965904293.0	12.700000000000001
4636631760364352.0	12.8
3945329721579405.5	12.9
3349675714985418.0	13.0
2806840354801988.0	13.100000000000001
2354288599959092.0	13.200000000000001
1950042954086730.5	13.3
1586352756030683.2	13.4
1223708091885173.2	13.5
689710388513562.8	13.600000000000001
0.0	13.700000000000001
0.0	13.8
0.0	13.9
0.0	14.0
0.0	14.100000000000001
0.0	14.200000000000001
0.0	14.3
0.0	14.4
0.0	14.5
0.0	14.600000000000001
0.0	14.700000000000001
0.0	14.8
0.0	14.9
0.0	15.0
0.0	15.100000000000001
0.0	15.200000000000001
0.0	15.3
0.0	15.4
0.0	15.5
0.0	15.600000000000001
0.0	15.700000000000001
0.0	15.8
0.0	15.9
0.0	16.0
0.0	16.1
0.0	16.2
0.0	16.3
0.0	16.400000000000002
0.0	16.5
0.0	16.6
0.0	16.7
0.0	16.8
0.0	16.900000000000002
0.0	17.0
0.0	17.1
0.0	17.2
0.0	17.3
0.0	17.400000000000002
0.0	17.5
0.0	17.6
0.0	17.7
0.0	17.8
0.0	17.900000000000002
0.0	18.0
0.0	18.1
0.0	18.2
0.0	18.3
