a = 7873.0766943580675 м
b = 9230.81983075361 м
x0 = 6121.942533070335 м
vr = 1879.8691557320883 м/с
A0 = 1.4620125249947227 м
Xmax = 6804.99621494668 м
sigmaX = 4216.183058428197 м
sigmaY = 4466.843600364589 м
M0 = 2.4490794926456685e+19 Н*м - интегральное значение сейсмического момента
Mr_max = 7.647342562039679e+18 Н*м/с - максимальное значение функции источника
1-ый столбец - источника
2-ой столбец - время
0.0	0.0
4069317125807977.0	0.1
6.138808181164594e+17	0.2
1.2163108793019177e+18	0.30000000000000004
1.8200552322823204e+18	0.4
2.3651988141442637e+18	0.5
2.9065346858053105e+18	0.6000000000000001
3.4715139681365745e+18	0.7000000000000001
3.9933895176026496e+18	0.8
4.4523404639371745e+18	0.9
4.856492084540698e+18	1.0
5.304972918073782e+18	1.1
5.741382520976744e+18	1.2000000000000002
6.072962055413379e+18	1.3
6.40007320695256e+18	1.4000000000000001
6.654813278116121e+18	1.5
6.9428707758587e+18	1.6
7.171568541713151e+18	1.7000000000000002
7.334122650616333e+18	1.8
7.501187672437575e+18	1.9000000000000001
7.594130656992839e+18	2.0
7.607827775794374e+18	2.1
7.593789410909095e+18	2.2
7.647342562039679e+18	2.3000000000000003
7.578513534710908e+18	2.4000000000000004
7.627048431120541e+18	2.5
7.493059386288712e+18	2.6
7.40977886447512e+18	2.7
7.23332516739683e+18	2.8000000000000003
7.144083394050333e+18	2.9000000000000004
6.985591568215634e+18	3.0
6.801304244222475e+18	3.1
6.614542909569267e+18	3.2
6.387225986999741e+18	3.3000000000000003
5.781547967202963e+18	3.4000000000000004
5.285410836524834e+18	3.5
4.920154587311261e+18	3.6
4.570254872307765e+18	3.7
4.2401292457409034e+18	3.8000000000000003
3.9384392454203305e+18	3.9000000000000004
3.643660640028795e+18	4.0
3.3684551323506007e+18	4.1000000000000005
3.105530625833349e+18	4.2
2.883605155063881e+18	4.3
2.6337746229483274e+18	4.4
2.421798177576268e+18	4.5
2.197123056489854e+18	4.6000000000000005
1.9890661943332216e+18	4.7
1.788067552393275e+18	4.800000000000001
1.5846033256488604e+18	4.9
1.4156462656505147e+18	5.0
1.2299909149088852e+18	5.1000000000000005
1.0369084627694849e+18	5.2
3.3247909012644064e+17	5.300000000000001
0.0	5.4
0.0	5.5
0.0	5.6000000000000005
0.0	5.7
0.0	5.800000000000001
0.0	5.9
0.0	6.0
0.0	6.1000000000000005
0.0	6.2
0.0	6.300000000000001
0.0	6.4
0.0	6.5
0.0	6.6000000000000005
0.0	6.7
0.0	6.800000000000001
0.0	6.9
0.0	7.0
0.0	7.1000000000000005
0.0	7.2
0.0	7.300000000000001
0.0	7.4
0.0	7.5
