a = 16888.2089757468 м
b = 21699.07979295167 м
x0 = 11778.870363164684 м
vr = 2188.38457778516 м/с
A0 = 1.47149917543701 м
Xmax = 15797.058037063289 м
sigmaX = 4333.669301044531 м
sigmaY = 4221.320507299858 м
M0 = 2.9890386277461774e+19 Н*м - интегральное значение сейсмического момента
Mr_max = 7.850904032152663e+18 Н*м/с - максимальное значение функции источника
1-ый столбец - источника
2-ой столбец - время
0.0	0.0
3143384782764861.5	0.1
5.5004366567096595e+17	0.2
1.0977226977951909e+18	0.30000000000000004
1.6331764823812068e+18	0.4
2.1592974431441024e+18	0.5
2.675800694451364e+18	0.6000000000000001
3.1678317677308104e+18	0.7000000000000001
3.64957365491186e+18	0.8
4.1245838552512686e+18	0.9
4.5364734928200177e+18	1.0
4.998571353656104e+18	1.1
5.36404311040685e+18	1.2000000000000002
5.733020384808557e+18	1.3
6.089182094977767e+18	1.4000000000000001
6.39133464735256e+18	1.5
6.703687634024152e+18	1.6
6.932594772569417e+18	1.7000000000000002
7.094222529987789e+18	1.8
7.305275477736891e+18	1.9000000000000001
7.502770070320342e+18	2.0
7.622900194919857e+18	2.1
7.752270052732946e+18	2.2
7.814858546053061e+18	2.3000000000000003
7.850904032152663e+18	2.4000000000000004
7.812034614597573e+18	2.5
7.849991716880498e+18	2.6
7.718159623736283e+18	2.7
7.693653644266912e+18	2.8000000000000003
7.629546728283935e+18	2.9000000000000004
7.544372848417869e+18	3.0
7.399178138306245e+18	3.1
7.22598923970976e+18	3.2
7.018543637388259e+18	3.3000000000000003
6.842659023859436e+18	3.4000000000000004
6.588154146040342e+18	3.5
6.37911864505369e+18	3.6
6.16613187290344e+18	3.7
5.898474368407325e+18	3.8000000000000003
5.74443767038465e+18	3.9000000000000004
5.442229524293818e+18	4.0
5.170375500435006e+18	4.1000000000000005
4.890854510497149e+18	4.2
4.644829391099374e+18	4.3
4.420837414158521e+18	4.4
4.134364951582689e+18	4.5
3.8763227446049587e+18	4.6000000000000005
3.653811842482932e+18	4.7
3.4234958378501847e+18	4.800000000000001
3.1585223730581386e+18	4.9
2.9554600816221466e+18	5.0
2.761654035429519e+18	5.1000000000000005
2.534855081963925e+18	5.2
2.3476902677286605e+18	5.300000000000001
2.1500082255578202e+18	5.4
1.967512103315058e+18	5.5
1.785816598391646e+18	5.6000000000000005
1.632009292748083e+18	5.7
1.4974637188335004e+18	5.800000000000001
1.364511836929734e+18	5.9
1.2252863665301885e+18	6.0
1.10810151409508e+18	6.1000000000000005
9.996314627058861e+17	6.2
8.975813408368664e+17	6.300000000000001
7.972945123763648e+17	6.4
7.164172118506281e+17	6.5
6.344732007622959e+17	6.6000000000000005
5.6707146687402784e+17	6.7
5.032729525273327e+17	6.800000000000001
4.4630289212576294e+17	6.9
3.921531751435394e+17	7.0
3.47381093598385e+17	7.1000000000000005
3.038328879319409e+17	7.2
2.6527587113707338e+17	7.300000000000001
2.3204705142718483e+17	7.4
2.0134455386163523e+17	7.5
1.741537867569858e+17	7.6000000000000005
1.5113513856355658e+17	7.7
1.3041907064046715e+17	7.800000000000001
1.1317999527185864e+17	7.9
9.67975083899385e+16	8.0
8.357874017647571e+16	8.1
7.10977800491417e+16	8.200000000000001
6.052632570565651e+16	8.3
5.125497148962878e+16	8.4
4.357255380098554e+16	8.5
3.682150084217795e+16	8.6
3.1029623177550976e+16	8.700000000000001
2.620685982875854e+16	8.8
2.205719577991222e+16	8.9
1.8368340557340356e+16	9.0
1.530222968603337e+16	9.1
1.2745274938980808e+16	9.200000000000001
1.0617855873433732e+16	9.3
8779559258769221.0	9.4
7247088621466376.0	9.5
5984847172146128.0	9.600000000000001
4934687876106885.0	9.700000000000001
4053559463430908.0	9.8
3302851283154644.0	9.9
2706773964238040.0	10.0
2190020203994437.2	10.100000000000001
1072807980150735.6	10.200000000000001
497347990302389.2	10.3
243839476672739.88	10.4
116279485132229.81	10.5
47515071490206.625	10.600000000000001
0.0	10.700000000000001
0.0	10.8
0.0	10.9
0.0	11.0
0.0	11.100000000000001
0.0	11.200000000000001
0.0	11.3
0.0	11.4
0.0	11.5
0.0	11.600000000000001
0.0	11.700000000000001
0.0	11.8
0.0	11.9
0.0	12.0
0.0	12.100000000000001
0.0	12.200000000000001
0.0	12.3
0.0	12.4
0.0	12.5
0.0	12.600000000000001
0.0	12.700000000000001
0.0	12.8
0.0	12.9
0.0	13.0
0.0	13.100000000000001
0.0	13.200000000000001
0.0	13.3
0.0	13.4
0.0	13.5
0.0	13.600000000000001
0.0	13.700000000000001
0.0	13.8
0.0	13.9
0.0	14.0
0.0	14.100000000000001
0.0	14.200000000000001
0.0	14.3
0.0	14.4
0.0	14.5
0.0	14.600000000000001
0.0	14.700000000000001
0.0	14.8
0.0	14.9
0.0	15.0
0.0	15.100000000000001
0.0	15.200000000000001
0.0	15.3
0.0	15.4
