a = 9411.834827653931 м
b = 6383.320428312479 м
x0 = 4988.889306771916 м
vr = 1539.5235326257657 м/с
A0 = 0.817407204073926 м
Xmax = 6729.769859882136 м
sigmaX = 4888.766262355997 м
sigmaY = 4371.727261156385 м
M0 = 1.3487196191402998e+19 Н*м - интегральное значение сейсмического момента
Mr_max = 3.7327843448913987e+18 Н*м/с - максимальное значение функции источника
1-ый столбец - источника
2-ой столбец - время
0.0	0.0
1771803800057379.5	0.1
2.1961827072131082e+17	0.2
4.332720298697149e+17	0.30000000000000004
6.454652829531036e+17	0.4
8.593522535061658e+17	0.5
1.0581101577805719e+18	0.6000000000000001
1.265692825814195e+18	0.7000000000000001
1.470196298873262e+18	0.8
1.6569897693843013e+18	0.9
1.84455943323813e+18	1.0
2.0193275123825354e+18	1.1
2.2013089888524756e+18	1.2000000000000002
2.3705789419159864e+18	1.3
2.5086016310555453e+18	1.4000000000000001
2.660852826569566e+18	1.5
2.7764732315967206e+18	1.6
2.917741166815627e+18	1.7000000000000002
3.015854475113758e+18	1.8
3.1703317508568535e+18	1.9000000000000001
3.250489675932273e+18	2.0
3.343091068311918e+18	2.1
3.443204877604013e+18	2.2
3.4720180286507443e+18	2.3000000000000003
3.541057189916735e+18	2.4000000000000004
3.6193875112611415e+18	2.5
3.670659439318747e+18	2.6
3.6965687844384087e+18	2.7
3.724915607258576e+18	2.8000000000000003
3.709666857028563e+18	2.9000000000000004
3.717410634198508e+18	3.0
3.7137502917009106e+18	3.1
3.7327843448913987e+18	3.2
3.351251411137103e+18	3.3000000000000003
2.694415256518206e+18	3.4000000000000004
2.49714747231403e+18	3.5
2.397598592997e+18	3.6
2.297037744420718e+18	3.7
2.1917664880639432e+18	3.8000000000000003
2.1351932507829996e+18	3.9000000000000004
2.0309492581137152e+18	4.0
1.9846470761673065e+18	4.1000000000000005
1.8823013913335255e+18	4.2
1.807799551649602e+18	4.3
1.739381944770741e+18	4.4
1.671089580413231e+18	4.5
1.5873538918814446e+18	4.6000000000000005
1.545957907694324e+18	4.7
1.4669103438085852e+18	4.800000000000001
1.3944694737940204e+18	4.9
1.3326606525827136e+18	5.0
1.2729470207242624e+18	5.1000000000000005
1.2084601429360325e+18	5.2
1.1486360873361234e+18	5.300000000000001
1.1087751875518536e+18	5.4
1.0256266657767878e+18	5.5
9.798223021743845e+17	5.6000000000000005
9.284313503672297e+17	5.7
8.750739342616521e+17	5.800000000000001
8.339723393772827e+17	5.9
7.852247706731493e+17	6.0
7.330858044917801e+17	6.1000000000000005
6.928020871259246e+17	6.2
6.421966788058025e+17	6.300000000000001
6.067654839514907e+17	6.4
5.648362806947211e+17	6.5
5.2948464914244576e+17	6.6000000000000005
4.906599611104373e+17	6.7
4.601885994022039e+17	6.800000000000001
4.341340434224895e+17	6.9
3.9767909480855706e+17	7.0
3.6421606785822144e+17	7.1000000000000005
3.363556649328545e+17	7.2
3.1510700383166483e+17	7.300000000000001
2.857261286355838e+17	7.4
2.6407041169372115e+17	7.5
2.4269752028124592e+17	7.6000000000000005
2.2090349431782864e+17	7.7
2.029084593023106e+17	7.800000000000001
1.810288944817495e+17	7.9
1.647282085171072e+17	8.0
1.4652135688387914e+17	8.1
1.316876734233817e+17	8.200000000000001
1.1581463562885923e+17	8.3
1.0140035268883618e+17	8.4
8.839946866317395e+16	8.5
7.525940363511194e+16	8.6
6.326831191238618e+16	8.700000000000001
5.087219670222638e+16	8.8
3.850699940628147e+16	8.9
2.4652927043970548e+16	9.0
0.0	9.1
0.0	9.200000000000001
0.0	9.3
0.0	9.4
0.0	9.5
0.0	9.600000000000001
0.0	9.700000000000001
0.0	9.8
0.0	9.9
