a = 4443.564706073484 м
b = 5388.976999814043 м
x0 = 3543.4226258487515 м
vr = 1623.7160469896667 м/с
A0 = 1.5496118473851108 м
Xmax = 5395.128079862363 м
sigmaX = 4011.251223189539 м
sigmaY = 4674.385564845965 м
M0 = 1.3658139777953268e+19 Н*м - интегральное значение сейсмического момента
Mr_max = 5.856640635782089e+18 Н*м/с - максимальное значение функции источника
1-ый столбец - источника
2-ой столбец - время
0.0	0.0
3393352127587304.0	0.1
4.410280260266042e+17	0.2
8.703854082588169e+17	0.30000000000000004
1.282626833568761e+18	0.4
1.687462523885006e+18	0.5
2.103211756143044e+18	0.6000000000000001
2.46047827270392e+18	0.7000000000000001
2.857001365102568e+18	0.8
3.1974399837198505e+18	0.9
3.5031967960992333e+18	1.0
3.866675195094588e+18	1.1
4.0863037649818245e+18	1.2000000000000002
4.3793119012989286e+18	1.3
4.665605638951682e+18	1.4000000000000001
4.871745740399228e+18	1.5
5.118844127750749e+18	1.6
5.207296645478704e+18	1.7000000000000002
5.453078878787141e+18	1.8
5.573188259591214e+18	1.9000000000000001
5.645972984159017e+18	2.0
5.856640635782089e+18	2.1
5.841355715789721e+18	2.2
5.70946761009916e+18	2.3000000000000003
5.449045415986136e+18	2.4000000000000004
5.258787068355206e+18	2.5
5.101134834687383e+18	2.6
4.957343327087149e+18	2.7
4.818546611363866e+18	2.8000000000000003
4.70976187823739e+18	2.9000000000000004
4.544294451458921e+18	3.0
4.33251440173362e+18	3.1
4.126799585955338e+18	3.2
3.898776099618676e+18	3.3000000000000003
3.1914307543810924e+18	3.4000000000000004
1.511251934868454e+18	3.5
0.0	3.6
0.0	3.7
0.0	3.8000000000000003
0.0	3.9000000000000004
0.0	4.0
0.0	4.1000000000000005
0.0	4.2
0.0	4.3
0.0	4.4
0.0	4.5
0.0	4.6000000000000005
0.0	4.7
0.0	4.800000000000001
0.0	4.9
0.0	5.0
0.0	5.1000000000000005
0.0	5.2
0.0	5.300000000000001
0.0	5.4
