a = 16651.685082452575 м
b = 21338.384107835558 м
x0 = 3725.293924079848 м
vr = 1775.9007961168754 м/с
A0 = 1.253088432617015 м
Xmax = 20489.985572985024 м
sigmaX = 4743.550777812179 м
sigmaY = 4940.987659760967 м
M0 = 2.9354725357777924e+19 Н*м - интегральное значение сейсмического момента
Mr_max = 4.496281424346281e+18 Н*м/с - максимальное значение функции источника
1-ый столбец - источника
2-ой столбец - время
0.0	0.0
6496962107622.881	0.1
931779789465794.6	0.2
1885898515206150.2	0.30000000000000004
2860217052822245.0	0.4
3924213397956045.5	0.5
4999972564643324.0	0.6000000000000001
6289749311497130.0	0.7000000000000001
7585919179272193.0	0.8
9087637330879576.0	0.9
1.0761629585118712e+16	1.0
1.2578424015825676e+16	1.1
1.4777289591417272e+16	1.2000000000000002
1.715893985705256e+16	1.3
1.968648339231997e+16	1.4000000000000001
2.2500092784616296e+16	1.5
2.623846431872547e+16	1.6
2.972240186825375e+16	1.7000000000000002
3.3625133967210356e+16	1.8
3.88574035750584e+16	1.9000000000000001
4.3841658988489e+16	2.0
5.025906271584539e+16	2.1
5.6752664988485416e+16	2.2
6.31724536509965e+16	2.3000000000000003
7.1619457010899224e+16	2.4000000000000004
8.050622955011112e+16	2.5
9.025325454381803e+16	2.6
1.0055659505246982e+17	2.7
1.121214099558949e+17	2.8000000000000003
1.2538194691844272e+17	2.9000000000000004
1.3920535701804435e+17	3.0
1.5459238220237056e+17	3.1
1.6898789690574134e+17	3.2
1.8862113606941034e+17	3.3000000000000003
2.0806380733555338e+17	3.4000000000000004
2.2928109046385427e+17	3.5
2.531904686872135e+17	3.6
2.756673615373359e+17	3.7
3.0563978017434854e+17	3.8000000000000003
3.3317943149530714e+17	3.9000000000000004
3.6817285743990835e+17	4.0
3.964184073010458e+17	4.1000000000000005
4.337327154912788e+17	4.2
4.78020819427694e+17	4.3
5.122349129513856e+17	4.4
5.508426682354389e+17	4.5
5.983158365364009e+17	4.6000000000000005
6.553751339241134e+17	4.7
6.951377091171955e+17	4.800000000000001
7.568399413395726e+17	4.9
8.124715051665388e+17	5.0
8.657021556719412e+17	5.1000000000000005
9.369282574489559e+17	5.2
9.954941991990537e+17	5.300000000000001
1.0594007722256896e+18	5.4
1.1320885556857256e+18	5.5
1.2188882359904886e+18	5.6000000000000005
1.2832346734960553e+18	5.7
1.3661557094716408e+18	5.800000000000001
1.4482476991078769e+18	5.9
1.5364596154502438e+18	6.0
1.6291412007787052e+18	6.1000000000000005
1.7218803987009234e+18	6.2
1.8007063050687437e+18	6.300000000000001
1.8934166936748882e+18	6.4
1.987495027478175e+18	6.5
2.0925517783936328e+18	6.6000000000000005
2.1864452660228541e+18	6.7
2.3039768627506977e+18	6.800000000000001
2.413974069397187e+18	6.9
2.459466134958415e+18	7.0
2.623229513605619e+18	7.1000000000000005
2.7084047825380193e+18	7.2
2.7940811549103314e+18	7.300000000000001
2.9122708619023985e+18	7.4
3.015848016377115e+18	7.5
3.1342025117732214e+18	7.6000000000000005
3.1973962333715026e+18	7.7
3.318373974487835e+18	7.800000000000001
3.377328352638004e+18	7.9
3.508930954870351e+18	8.0
3.6223640317629343e+18	8.1
3.700082172984818e+18	8.200000000000001
3.793535011188294e+18	8.3
3.855683124427509e+18	8.4
3.926022914691385e+18	8.5
4.005652467852113e+18	8.6
4.088972781420325e+18	8.700000000000001
4.1778776796005115e+18	8.8
4.2006109560495933e+18	8.9
4.2910550756579205e+18	9.0
4.3111099923482066e+18	9.1
4.3551989255814723e+18	9.200000000000001
4.372003130622186e+18	9.3
4.4126008898130396e+18	9.4
4.439396542068761e+18	9.5
4.4818055953357967e+18	9.600000000000001
4.496281424346281e+18	9.700000000000001
4.4426031312045507e+18	9.8
4.470348048117841e+18	9.9
4.4384741697009434e+18	10.0
4.4491049316387205e+18	10.100000000000001
4.4252392954767355e+18	10.200000000000001
4.416548874550408e+18	10.3
4.387062290352397e+18	10.4
4.327839588376427e+18	10.5
4.3135789158601774e+18	10.600000000000001
4.235811425558754e+18	10.700000000000001
4.2051179052366157e+18	10.8
4.1077049169771556e+18	10.9
4.0540469763292355e+18	11.0
4.0036881962996726e+18	11.100000000000001
3.964331165522517e+18	11.200000000000001
3.8344972818030505e+18	11.3
3.756293212724005e+18	11.4
3.6683182373532984e+18	11.5
3.590539203419747e+18	11.600000000000001
3.459834003840552e+18	11.700000000000001
3.386131948148445e+18	11.8
3.310553251666148e+18	11.9
3.1961089905821384e+18	12.0
3.0970043104431406e+18	12.100000000000001
3.0080349154208215e+18	12.200000000000001
2.8948976349187226e+18	12.3
2.796556138310628e+18	12.4
2.6804575036116055e+18	12.5
2.590625239546485e+18	12.600000000000001
2.495085534247359e+18	12.700000000000001
2.38132844282594e+18	12.8
2.2586630515116157e+18	12.9
2.174421284686073e+18	13.0
2.0757137784201667e+18	13.100000000000001
1.985137647496956e+18	13.200000000000001
1.8924687896945684e+18	13.3
1.7927314081068378e+18	13.4
1.704349122289805e+18	13.5
1.616739008425432e+18	13.600000000000001
1.5346711799474865e+18	13.700000000000001
1.4399162143536077e+18	13.8
1.3614767634680973e+18	13.9
1.2922168218655603e+18	14.0
1.2163854444827612e+18	14.100000000000001
1.1383417598921567e+18	14.200000000000001
1.0742274290367177e+18	14.3
1.0065514699002679e+18	14.4
9.407281261866781e+17	14.5
8.793926261513541e+17	14.600000000000001
8.193440177585467e+17	14.700000000000001
7.623362113698907e+17	14.8
7.138993752116079e+17	14.9
6.597475954395598e+17	15.0
6.147787544139452e+17	15.100000000000001
5.6843686992639405e+17	15.200000000000001
5.255819772349078e+17	15.3
4.870147500154725e+17	15.4
4.481752003351518e+17	15.5
4.151639548534873e+17	15.600000000000001
3.8102821297081875e+17	15.700000000000001
3.4965037746108064e+17	15.8
3.2188058547490157e+17	15.9
2.9398112692276934e+17	16.0
2.681848736583613e+17	16.1
2.452810520076148e+17	16.2
2.2269202027099274e+17	16.3
2.0101428496673904e+17	16.400000000000002
1.799471147761374e+17	16.5
1.5633096648060915e+17	16.6
1.1697986779770445e+17	16.7
0.0	16.8
0.0	16.900000000000002
0.0	17.0
0.0	17.1
0.0	17.2
0.0	17.3
0.0	17.400000000000002
0.0	17.5
0.0	17.6
0.0	17.7
0.0	17.8
0.0	17.900000000000002
0.0	18.0
0.0	18.1
0.0	18.2
0.0	18.3
0.0	18.400000000000002
0.0	18.5
0.0	18.6
0.0	18.7
0.0	18.8
0.0	18.900000000000002
0.0	19.0
0.0	19.1
0.0	19.200000000000003
0.0	19.3
0.0	19.400000000000002
0.0	19.5
0.0	19.6
0.0	19.700000000000003
0.0	19.8
0.0	19.900000000000002
0.0	20.0
0.0	20.1
0.0	20.200000000000003
0.0	20.3
0.0	20.400000000000002
0.0	20.5
0.0	20.6
0.0	20.700000000000003
0.0	20.8
0.0	20.900000000000002
0.0	21.0
0.0	21.1
0.0	21.200000000000003
0.0	21.3
0.0	21.400000000000002
0.0	21.5
0.0	21.6
0.0	21.700000000000003
0.0	21.8
0.0	21.900000000000002
0.0	22.0
0.0	22.1
0.0	22.200000000000003
0.0	22.3
0.0	22.400000000000002
0.0	22.5
0.0	22.6
0.0	22.700000000000003
0.0	22.8
0.0	22.900000000000002
