a = 13386.319982669622 м
b = 10060.56905349205 м
x0 = 5481.443407639735 м
vr = 2256.2631692159393 м/с
A0 = 1.6558477229491957 м
Xmax = 10195.783325120203 м
sigmaX = 4538.3542049359085 м
sigmaY = 4589.1566697871385 м
M0 = 3.538113647706329e+19 Н*м - интегральное значение сейсмического момента
Mr_max = 9.29375387189455e+18 Н*м/с - максимальное значение функции источника
1-ый столбец - источника
2-ой столбец - время
0.0	0.0
3269943369924287.5	0.1
5.914972407719814e+17	0.2
1.1680838872313213e+18	0.30000000000000004
1.7498578534754824e+18	0.4
2.3234741266607053e+18	0.5
2.858883107017995e+18	0.6000000000000001
3.4091128521722767e+18	0.7000000000000001
3.9408823923730714e+18	0.8
4.4911549534372296e+18	0.9
4.966345975678413e+18	1.0
5.477465936090204e+18	1.1
5.904511318149879e+18	1.2000000000000002
6.29507615939707e+18	1.3
6.736760634585395e+18	1.4000000000000001
7.106488531905595e+18	1.5
7.44121182155394e+18	1.6
7.780974383679679e+18	1.7000000000000002
8.034190296423781e+18	1.8
8.374725414466849e+18	1.9000000000000001
8.599499753459367e+18	2.0
8.837508395888027e+18	2.1
9.051599383291217e+18	2.2
9.104429470271154e+18	2.3000000000000003
9.197834218950863e+18	2.4000000000000004
9.29375387189455e+18	2.5
9.121299939148506e+18	2.6
9.022637174308217e+18	2.7
8.890811073770861e+18	2.8000000000000003
8.67217854937917e+18	2.9000000000000004
8.655575629064484e+18	3.0
8.644176127102395e+18	3.1
8.388965035193008e+18	3.2
8.224756001763133e+18	3.3000000000000003
7.99005651807605e+18	3.4000000000000004
7.727726207713256e+18	3.5
7.568385613328852e+18	3.6
7.339324550132198e+18	3.7
7.152618104019562e+18	3.8000000000000003
6.901520233948889e+18	3.9000000000000004
6.683750678090179e+18	4.0
6.357636027201588e+18	4.1000000000000005
6.195799071516133e+18	4.2
5.844134549263701e+18	4.3
5.551504970024258e+18	4.4
5.244453953148747e+18	4.5
4.927724674233354e+18	4.6000000000000005
4.679355395753511e+18	4.7
4.390004379204657e+18	4.800000000000001
4.1380081493911567e+18	4.9
3.8596502261979315e+18	5.0
3.5767679377703347e+18	5.1000000000000005
3.35275904286642e+18	5.2
3.076757029285969e+18	5.300000000000001
2.851553345311751e+18	5.4
2.6358338936234793e+18	5.5
2.4080359965078784e+18	5.6000000000000005
2.2249296743432635e+18	5.7
2.0625898317410862e+18	5.800000000000001
1.8463729952817088e+18	5.9
1.683812434354135e+18	6.0
1.5129871540724234e+18	6.1000000000000005
1.3872839870096494e+18	6.2
1.2510001934691249e+18	6.300000000000001
1.1147478953529925e+18	6.4
1.0026638951229539e+18	6.5
8.912394545287132e+17	6.6000000000000005
7.916779575514008e+17	6.7
7.011173855678696e+17	6.800000000000001
6.252679271351804e+17	6.9
5.441523179292186e+17	7.0
4.806205450316609e+17	7.1000000000000005
4.269834485059521e+17	7.2
3.675100316333388e+17	7.300000000000001
3.214713917404163e+17	7.4
2.7765794237356352e+17	7.5
2.4169022889615472e+17	7.6000000000000005
2.048979108988161e+17	7.7
1.7848177846393856e+17	7.800000000000001
1.504086696828267e+17	7.9
1.2866158507352458e+17	8.0
1.0818036975330866e+17	8.1
9.15054358323244e+16	8.200000000000001
7.689248245308798e+16	8.3
6.407148992860824e+16	8.4
5.307972666064544e+16	8.5
4.344921587864019e+16	8.6
3.5312497502878824e+16	8.700000000000001
2.865162651790884e+16	8.8
2.292744073116528e+16	8.9
1.8003672964269126e+16	9.0
1.3925380145851466e+16	9.1
1.0385329472818358e+16	9.200000000000001
7440042280034664.0	9.3
4817891075079700.0	9.4
2143535140733306.0	9.5
0.0	9.600000000000001
0.0	9.700000000000001
0.0	9.8
0.0	9.9
0.0	10.0
0.0	10.100000000000001
0.0	10.200000000000001
0.0	10.3
0.0	10.4
