a = 8886.778929755514 м
b = 7927.418804417928 м
x0 = 3843.5201429807307 м
vr = 1766.720048440025 м/с
A0 = 0.8011662333315022 м
Xmax = 10884.071901974985 м
sigmaX = 4338.515693312153 м
sigmaY = 4005.95412663744 м
M0 = 1.2154838422143625e+19 Н*м - интегральное значение сейсмического момента
Mr_max = 2.4714583524628506e+18 Н*м/с - максимальное значение функции источника
1-ый столбец - источника
2-ой столбец - время
0.0	0.0
569334817571855.2	0.1
8.152003467774184e+16	0.2
1.607939948594798e+17	0.30000000000000004
2.4165442207706394e+17	0.4
3.211083336069721e+17	0.5
3.997549219292025e+17	0.6000000000000001
4.778424021760254e+17	0.7000000000000001
5.5806961953801165e+17	0.8
6.364814820238243e+17	0.9
7.115408202370225e+17	1.0
7.904724435935375e+17	1.1
8.741168021745297e+17	1.2000000000000002
9.512428106693641e+17	1.3
1.0330805468154762e+18	1.4000000000000001
1.104284120260746e+18	1.5
1.1917810505675753e+18	1.6
1.272063244232749e+18	1.7000000000000002
1.3459127265538798e+18	1.8
1.4263982300589878e+18	1.9000000000000001
1.4962004956327488e+18	2.0
1.5711031190255752e+18	2.1
1.6422183016465267e+18	2.2
1.6901678444349832e+18	2.3000000000000003
1.749094666584524e+18	2.4000000000000004
1.8011917538496824e+18	2.5
1.8706721935260163e+18	2.6
1.9245807344537917e+18	2.7
1.9688307183779095e+18	2.8000000000000003
2.0349886371615155e+18	2.9000000000000004
2.1000600326935775e+18	3.0
2.1526245636275832e+18	3.1
2.1900847930219005e+18	3.2
2.238721683130693e+18	3.3000000000000003
2.276788198040694e+18	3.4000000000000004
2.3096202804721096e+18	3.5
2.3506828710776576e+18	3.6
2.3960017213906043e+18	3.7
2.405508518158916e+18	3.8000000000000003
2.409972453731394e+18	3.9000000000000004
2.440938429552813e+18	4.0
2.440107913952224e+18	4.1000000000000005
2.4714583524628506e+18	4.2
2.4585802232265764e+18	4.3
2.4453085602749015e+18	4.4
2.459267728503115e+18	4.5
2.4321223642457825e+18	4.6000000000000005
2.4306209252462444e+18	4.7
2.3687593833724744e+18	4.800000000000001
2.347952345645697e+18	4.9
2.34572651499451e+18	5.0
2.287614798280254e+18	5.1000000000000005
2.2514126954241672e+18	5.2
2.21844575494277e+18	5.300000000000001
2.1717985459204326e+18	5.4
2.1221536300061402e+18	5.5
2.0452942234303045e+18	5.6000000000000005
1.9741064611467858e+18	5.7
1.9213404884781507e+18	5.800000000000001
1.8474597580835315e+18	5.9
1.7961951172013225e+18	6.0
1.7476503005666586e+18	6.1000000000000005
1.654294558004618e+18	6.2
1.5991957877527662e+18	6.300000000000001
1.5389803751883095e+18	6.4
1.4591898476137556e+18	6.5
1.377178289476016e+18	6.6000000000000005
1.3130183763033743e+18	6.7
1.240024813925283e+18	6.800000000000001
1.1629430156611658e+18	6.9
1.0816603785958125e+18	7.0
1.0001432593371092e+18	7.1000000000000005
9.29009600296425e+17	7.2
8.441368372336035e+17	7.300000000000001
7.60221785905878e+17	7.4
6.748268809514605e+17	7.5
5.911100253523748e+17	7.6000000000000005
4.9442197157305594e+17	7.7
3.874780383784706e+17	7.800000000000001
2.5843494402088698e+17	7.9
0.0	8.0
0.0	8.1
0.0	8.200000000000001
0.0	8.3
0.0	8.4
0.0	8.5
0.0	8.6
0.0	8.700000000000001
0.0	8.8
