a = 7378.889390174873 м
b = 6313.822001450689 м
x0 = 7321.876315025035 м
vr = 1534.8336994145825 м/с
A0 = 1.3470164400951583 м
Xmax = 5337.469694902656 м
sigmaX = 4565.422544387143 м
sigmaY = 4362.341488416343 м
M0 = 1.8212207441215853e+19 Н*м - интегральное значение сейсмического момента
Mr_max = 5.470484051352856e+18 Н*м/с - максимальное значение функции источника
1-ый столбец - источника
2-ой столбец - время
0.0	0.0
2820789901402709.5	0.1
3.4955478767473594e+17	0.2
6.86959329324407e+17	0.30000000000000004
1.0303240060260379e+18	0.4
1.339448402218193e+18	0.5
1.6762256053233638e+18	0.6000000000000001
1.9736499892154806e+18	0.7000000000000001
2.2884291917513236e+18	0.8
2.566889656444408e+18	0.9
2.852491554620933e+18	1.0
3.120047517418901e+18	1.1
3.3614402226172846e+18	1.2000000000000002
3.618378850911461e+18	1.3
3.855102866496484e+18	1.4000000000000001
4.063223102071355e+18	1.5
4.216844904854768e+18	1.6
4.429911894951911e+18	1.7000000000000002
4.6004105370986644e+18	1.8
4.725127330814662e+18	1.9000000000000001
4.873505346928151e+18	2.0
4.989811797145255e+18	2.1
5.096097486522192e+18	2.2
5.226344564035582e+18	2.3000000000000003
5.249857882949338e+18	2.4000000000000004
5.34353534637738e+18	2.5
5.391501852656795e+18	2.6
5.37702649973155e+18	2.7
5.470484051352856e+18	2.8000000000000003
5.435284839988861e+18	2.9000000000000004
5.424609297694697e+18	3.0
5.41486169407511e+18	3.1
5.367814165387819e+18	3.2
5.319237433462585e+18	3.3000000000000003
5.261461173531719e+18	3.4000000000000004
5.236283449753539e+18	3.5
5.186650265474785e+18	3.6
5.061765361466664e+18	3.7
5.01600338886811e+18	3.8000000000000003
4.817342739271991e+18	3.9000000000000004
4.758341954185101e+18	4.0
4.648788544186665e+18	4.1000000000000005
4.5346074458971914e+18	4.2
3.389266967648021e+18	4.3
2.781990375205017e+18	4.4
2.306372588000756e+18	4.5
1.8896245212311596e+18	4.6000000000000005
1.451101796383354e+18	4.7
9.166139690094579e+17	4.800000000000001
1.2860707400102842e+17	4.9
0.0	5.0
0.0	5.1000000000000005
0.0	5.2
0.0	5.300000000000001
0.0	5.4
0.0	5.5
0.0	5.6000000000000005
0.0	5.7
0.0	5.800000000000001
