a = 14461.35679999287 м
b = 13068.27235538817 м
x0 = 14424.981235274154 м
vr = 1940.2400193383232 м/с
A0 = 1.544755269615337 м
Xmax = 10681.994438841813 м
sigmaX = 4846.822822140128 м
sigmaY = 4453.498413229208 м
M0 = 3.44632866373497e+19 Н*м - интегральное значение сейсмического момента
Mr_max = 8.024664471971571e+18 Н*м/с - максимальное значение функции источника
1-ый столбец - источника
2-ой столбец - время
0.0	0.0
3336591674100792.5	0.1
5.165290719288439e+17	0.2
1.0309477528944742e+18	0.30000000000000004
1.5314388016137265e+18	0.4
2.0203662348412657e+18	0.5
2.5193269057239613e+18	0.6000000000000001
2.9626104523059533e+18	0.7000000000000001
3.4247934348065577e+18	0.8
3.8356821089202985e+18	0.9
4.310936491895706e+18	1.0
4.698917099374713e+18	1.1
5.08625852201515e+18	1.2000000000000002
5.438694915819461e+18	1.3
5.754302594268945e+18	1.4000000000000001
6.130988654690393e+18	1.5
6.433351066610064e+18	1.6
6.639555302721888e+18	1.7000000000000002
6.877853396637112e+18	1.8
7.161186644483779e+18	1.9000000000000001
7.394442616905527e+18	2.0
7.506531932030538e+18	2.1
7.580786885453952e+18	2.2
7.755542531699473e+18	2.3000000000000003
7.86129207016599e+18	2.4000000000000004
7.901408108999253e+18	2.5
7.921958564695863e+18	2.6
7.949071938725496e+18	2.7
8.024664471971571e+18	2.8000000000000003
7.961549430111592e+18	2.9000000000000004
7.983416634305531e+18	3.0
7.828960267517768e+18	3.1
7.713818143948127e+18	3.2
7.680028880403418e+18	3.3000000000000003
7.520745874827724e+18	3.4000000000000004
7.439387345579597e+18	3.5
7.299061531334984e+18	3.6
7.176038051119273e+18	3.7
6.977980603559033e+18	3.8000000000000003
6.776038778202078e+18	3.9000000000000004
6.584463243241064e+18	4.0
6.465761607982164e+18	4.1000000000000005
6.21088047091538e+18	4.2
6.000587764825518e+18	4.3
5.803498261052027e+18	4.4
5.597828930441033e+18	4.5
5.398779838059312e+18	4.6000000000000005
5.201071476007708e+18	4.7
4.922217083980147e+18	4.800000000000001
4.71151046957878e+18	4.9
4.501563051606099e+18	5.0
4.3007781848724183e+18	5.1000000000000005
4.098857710113631e+18	5.2
3.8852192835726566e+18	5.300000000000001
3.655447047221977e+18	5.4
3.476434986194138e+18	5.5
3.2696921989669683e+18	5.6000000000000005
3.073441505042355e+18	5.7
2.8970943625529313e+18	5.800000000000001
2.746080268993129e+18	5.9
2.553488330851977e+18	6.0
2.4044035655068616e+18	6.1000000000000005
2.234051306722383e+18	6.2
2.0941932290072013e+18	6.300000000000001
1.9545460944338954e+18	6.4
1.8150322772167606e+18	6.5
1.6866800875543276e+18	6.6000000000000005
1.5579707655807918e+18	6.7
1.4459515166094556e+18	6.800000000000001
1.2536631232780383e+18	6.9
1.0892129969571727e+18	7.0
9.461913571741844e+17	7.1000000000000005
8.03547730440043e+17	7.2
6.484873605666267e+17	7.300000000000001
4.7861780736116365e+17	7.4
2.3582037423330694e+17	7.5
0.0	7.6000000000000005
0.0	7.7
0.0	7.800000000000001
0.0	7.9
0.0	8.0
0.0	8.1
0.0	8.200000000000001
0.0	8.3
0.0	8.4
