a = 9201.326423214396 м
b = 7537.979951316185 м
x0 = 538.8712104499439 м
vr = 1502.2173979879938 м/с
A0 = 0.7371900042658286 м
Xmax = 8187.8189075505925 м
sigmaX = 4758.774775301661 м
sigmaY = 4541.016930530649 м
M0 = 1.3233926058747222e+19 Н*м - интегральное значение сейсмического момента
Mr_max = 2.0285580406513987e+18 Н*м/с - максимальное значение функции источника
1-ый столбец - источника
2-ой столбец - время
0.0	0.0
456628689383927.8	0.1
5.531117454244269e+16	0.2
1.0976054196723037e+17	0.30000000000000004
1.6427115606144746e+17	0.4
1.9162241765796557e+17	0.5
2.1667836966331222e+17	0.6000000000000001
2.4828402643606157e+17	0.7000000000000001
2.8010251185042576e+17	0.8
3.149972094449662e+17	0.9
3.497832274636926e+17	1.0
3.92535159604797e+17	1.1
4.32250193229108e+17	1.2000000000000002
4.7346279716301005e+17	1.3
5.1654595956628736e+17	1.4000000000000001
5.5887401763895046e+17	1.5
6.052678719817354e+17	1.6
6.536971260373821e+17	1.7000000000000002
6.911017006979451e+17	1.8
7.420182218452544e+17	1.9000000000000001
7.902345234112387e+17	2.0
8.428894539361011e+17	2.1
8.806919429926164e+17	2.2
9.439493231806447e+17	2.3000000000000003
9.769831959760844e+17	2.4000000000000004
1.0348730391839944e+18	2.5
1.0849011266647964e+18	2.6
1.1301859173422665e+18	2.7
1.1760540075315932e+18	2.8000000000000003
1.2421225432334113e+18	2.9000000000000004
1.280891885683423e+18	3.0
1.3290714450314079e+18	3.1
1.3689788615163948e+18	3.2
1.4242313014225418e+18	3.3000000000000003
1.4549252640540803e+18	3.4000000000000004
1.5075576914361876e+18	3.5
1.5706920418138499e+18	3.6
1.5895533446974454e+18	3.7
1.6344257574011236e+18	3.8000000000000003
1.6784792886987973e+18	3.9000000000000004
1.7198031926031345e+18	4.0
1.746483485955201e+18	4.1000000000000005
1.776020887305452e+18	4.2
1.8045551492385208e+18	4.3
1.8638050436833695e+18	4.4
1.8784816359854902e+18	4.5
1.8975337142112584e+18	4.6000000000000005
1.9390402699770747e+18	4.7
1.943246154016885e+18	4.800000000000001
1.9367151443992259e+18	4.9
1.9841056588597453e+18	5.0
1.9829463038254292e+18	5.1000000000000005
1.9986948179961027e+18	5.2
1.995747391858391e+18	5.300000000000001
2.0129454292488338e+18	5.4
2.0285580406513987e+18	5.5
2.0240908238001224e+18	5.6000000000000005
2.0192086546223982e+18	5.7
1.9958226822737116e+18	5.800000000000001
1.978874165426931e+18	5.9
1.9905225098836692e+18	6.0
1.9781363306948086e+18	6.1000000000000005
1.9832509234749148e+18	6.2
1.9434505714149e+18	6.300000000000001
1.94392924778657e+18	6.4
1.8914197284800008e+18	6.5
1.9023037933852703e+18	6.6000000000000005
1.8629120247690685e+18	6.7
1.8723915384843515e+18	6.800000000000001
1.836775347524354e+18	6.9
1.7726655305934715e+18	7.0
1.7492416331004923e+18	7.1000000000000005
1.7153439558792228e+18	7.2
1.686608822307395e+18	7.300000000000001
1.6464997626647345e+18	7.4
1.6212682342981788e+18	7.5
1.5702503780464417e+18	7.6000000000000005
1.5412810378091543e+18	7.7
1.4911369566659756e+18	7.800000000000001
1.44883642848793e+18	7.9
1.4234513736669844e+18	8.0
1.3596394688603062e+18	8.1
1.329684305068503e+18	8.200000000000001
1.2864598632036593e+18	8.3
1.243877211267195e+18	8.4
1.207331910872475e+18	8.5
1.1553150308686715e+18	8.6
1.1215869463652078e+18	8.700000000000001
1.0760799679998143e+18	8.8
1.0326766661901992e+18	8.9
1.0034696480975096e+18	9.0
9.395256378605919e+17	9.1
8.948211389371891e+17	9.200000000000001
8.658388802101372e+17	9.3
8.240144525944955e+17	9.4
7.833029742134484e+17	9.5
7.42159066644667e+17	9.600000000000001
7.057299381723954e+17	9.700000000000001
6.646860569620573e+17	9.8
6.246487494063699e+17	9.9
5.903712552903661e+17	10.0
5.552689650093756e+17	10.100000000000001
5.204557337618659e+17	10.200000000000001
4.894942936856479e+17	10.3
4.558866411552861e+17	10.4
4.282445184994898e+17	10.5
3.944886641832187e+17	10.600000000000001
3.65265897964898e+17	10.700000000000001
3.3647466891593856e+17	10.8
3.082010143670608e+17	10.9
2.7948595347984422e+17	11.0
2.5402026401897187e+17	11.100000000000001
2.302085820962632e+17	11.200000000000001
2.0648167497016227e+17	11.3
1.8134214594879328e+17	11.4
1.585262896435105e+17	11.5
1.345041406177933e+17	11.600000000000001
1.1049188025383205e+17	11.700000000000001
8.55979573194706e+16	11.8
5.6535090389537944e+16	11.9
0.0	12.0
0.0	12.100000000000001
0.0	12.200000000000001
0.0	12.3
0.0	12.4
0.0	12.5
0.0	12.600000000000001
0.0	12.700000000000001
0.0	12.8
