a = 12812.984048362681 м
b = 9814.46910243435 м
x0 = 7860.3857393118105 м
vr = 2027.4705184820868 м/с
A0 = 0.3517507509780773 м
Xmax = 15857.278880320488 м
sigmaX = 4351.037181312386 м
sigmaY = 4258.7896934614855 м
M0 = 6.423636974927478e+18 Н*м - интегральное значение сейсмического момента
Mr_max = 1.3569434441381268e+18 Н*м/с - максимальное значение функции источника
1-ый столбец - источника
2-ой столбец - время
0.0	0.0
197974010226672.84	0.1
3.2066267395449184e+16	0.2
6.455925191715933e+16	0.30000000000000004
9.61977857317589e+16	0.4
1.2823305899538246e+17	0.5
1.6167443189277888e+17	0.6000000000000001
1.9453762516139242e+17	0.7000000000000001
2.28703477159236e+17	0.8
2.6316903502298198e+17	0.9
2.9369614803858714e+17	1.0
3.3303804846099136e+17	1.1
3.709462099537987e+17	1.2000000000000002
4.052129931720312e+17	1.3
4.4826270020390483e+17	1.4000000000000001
4.842613044818745e+17	1.5
5.230332374218345e+17	1.6
5.690890035297544e+17	1.7000000000000002
6.05954324938893e+17	1.8
6.467301195431176e+17	1.9000000000000001
6.934603413150008e+17	2.0
7.311901728189126e+17	2.1
7.725681306593848e+17	2.2
8.150263806338473e+17	2.3000000000000003
8.580170559393501e+17	2.4000000000000004
8.988375741181745e+17	2.5
9.441106755853526e+17	2.6
9.766385087524594e+17	2.7
1.0156665300704786e+18	2.8000000000000003
1.0650305006275012e+18	2.9000000000000004
1.0918321249700097e+18	3.0
1.1300513775043903e+18	3.1
1.1723694512139223e+18	3.2
1.183755104762941e+18	3.3000000000000003
1.2289424627465096e+18	3.4000000000000004
1.2554961223529815e+18	3.5
1.267190109064426e+18	3.6
1.2991402384062548e+18	3.7
1.3106426284400801e+18	3.8000000000000003
1.3345068740381606e+18	3.9000000000000004
1.3497715139728036e+18	4.0
1.3523516910938852e+18	4.1000000000000005
1.3569434441381268e+18	4.2
1.3548065981554499e+18	4.3
1.3500778928399037e+18	4.4
1.340917416966094e+18	4.5
1.3356625957728067e+18	4.6000000000000005
1.3270904949870546e+18	4.7
1.3119716404813944e+18	4.800000000000001
1.3017993663523942e+18	4.9
1.2663479041988424e+18	5.0
1.2504572394160794e+18	5.1000000000000005
1.233639328458716e+18	5.2
1.1830433735108419e+18	5.300000000000001
1.1790506170956385e+18	5.4
1.1342909034844145e+18	5.5
1.0959166722847786e+18	5.6000000000000005
1.0669142820943068e+18	5.7
1.0287059158631405e+18	5.800000000000001
9.862342927338353e+17	5.9
9.542311980319054e+17	6.0
9.169656794443062e+17	6.1000000000000005
8.646181622408529e+17	6.2
8.256547854349217e+17	6.300000000000001
7.861478298518423e+17	6.4
7.372736585052494e+17	6.5
7.036756211504895e+17	6.6000000000000005
6.568796405729089e+17	6.7
6.145112692521385e+17	6.800000000000001
5.758197580145996e+17	6.9
5.3977762220662746e+17	7.0
5.0168402257941856e+17	7.1000000000000005
4.609505784466905e+17	7.2
4.2627300072512115e+17	7.300000000000001
3.8873542829734784e+17	7.4
3.600570362193944e+17	7.5
3.2802286954625306e+17	7.6000000000000005
2.980079126084173e+17	7.7
2.6578707514878262e+17	7.800000000000001
2.3880000344482397e+17	7.9
2.125481589298736e+17	8.0
1.8853902130459024e+17	8.1
1.6382305505504534e+17	8.200000000000001
1.4106205311663387e+17	8.3
1.1988913079021085e+17	8.4
9.825340923766261e+16	8.5
7.805208687500285e+16	8.6
5.704851623187653e+16	8.700000000000001
3.3252621059999184e+16	8.8
0.0	8.9
0.0	9.0
0.0	9.1
0.0	9.200000000000001
0.0	9.3
0.0	9.4
0.0	9.5
0.0	9.600000000000001
0.0	9.700000000000001
