a = 17027.685090112973 м
b = 15277.537698703089 м
x0 = 12905.13536105329 м
vr = 1571.697639820268 м/с
A0 = 2.1440232486061945 м
Xmax = 13101.87300378829 м
sigmaX = 4908.475687672525 м
sigmaY = 4502.064475088929 м
M0 = 5.245220316725139e+19 Н*м - интегральное значение сейсмического момента
Mr_max = 1.0900589441089495e+19 Н*м/с - максимальное значение функции источника
1-ый столбец - источника
2-ой столбец - время
0.0	0.0
5050774054760623.0	0.1
6.410720960443067e+17	0.2
1.2648645635751288e+18	0.30000000000000004
1.9045209581678213e+18	0.4
2.4977064395319583e+18	0.5
3.0976275362572175e+18	0.6000000000000001
3.7170415712893496e+18	0.7000000000000001
4.2597279810924646e+18	0.8
4.828674912939229e+18	0.9
5.376343883338491e+18	1.0
5.901943419735763e+18	1.1
6.365995717081682e+18	1.2000000000000002
6.894314826197941e+18	1.3
7.400054310754068e+18	1.4000000000000001
7.763269179945446e+18	1.5
8.074953056912664e+18	1.6
8.595770063508069e+18	1.7000000000000002
8.940997438235943e+18	1.8
9.113413945684193e+18	1.9000000000000001
9.541037968063975e+18	2.0
9.778616975425505e+18	2.1
9.978090108942551e+18	2.2
1.0187186101680437e+19	2.3000000000000003
1.0435998259118334e+19	2.4000000000000004
1.057694391325169e+19	2.5
1.0582114890010145e+19	2.6
1.08668215595602e+19	2.7
1.0881292139224318e+19	2.8000000000000003
1.0895193066314981e+19	2.9000000000000004
1.0900589441089495e+19	3.0
1.0780915744911413e+19	3.1
1.0777421372574663e+19	3.2
1.0801432231073898e+19	3.3000000000000003
1.06367394597854e+19	3.4000000000000004
1.0683064266777412e+19	3.5
1.0418257504014615e+19	3.6
1.0319499017698003e+19	3.7
1.02390388869667e+19	3.8000000000000003
9.986837724213496e+18	3.9000000000000004
9.858301143397788e+18	4.0
9.564360002297833e+18	4.1000000000000005
9.448618932863363e+18	4.2
9.083422831075545e+18	4.3
8.911246947368854e+18	4.4
8.716414333834441e+18	4.5
8.375073800058441e+18	4.6000000000000005
8.168757498275506e+18	4.7
7.927644448770744e+18	4.800000000000001
7.668697657143155e+18	4.9
7.363694393624591e+18	5.0
7.15574448724319e+18	5.1000000000000005
6.84724108031007e+18	5.2
6.550883156348904e+18	5.300000000000001
6.246729723934409e+18	5.4
6.075677780874609e+18	5.5
5.753810820445341e+18	5.6000000000000005
5.52683004684437e+18	5.7
5.295787901988433e+18	5.800000000000001
5.014375975726814e+18	5.9
4.767759429775687e+18	6.0
4.5086479570174275e+18	6.1000000000000005
4.3364558933174753e+18	6.2
4.0646758972855163e+18	6.300000000000001
3.837610765096195e+18	6.4
3.6291374964258995e+18	6.5
3.44825924222235e+18	6.6000000000000005
3.224450317082729e+18	6.7
3.05448911149869e+18	6.800000000000001
2.86474566419197e+18	6.9
2.6881338607578593e+18	7.0
2.505682929556974e+18	7.1000000000000005
2.360611951343673e+18	7.2
2.2072472735165294e+18	7.300000000000001
2.0405111385795126e+18	7.4
1.9119373828838177e+18	7.5
1.7814423913554007e+18	7.6000000000000005
1.667301392293422e+18	7.7
1.5287953160327713e+18	7.800000000000001
1.434909950120517e+18	7.9
1.322554434334842e+18	8.0
1.2223144176911101e+18	8.1
1.1315858264287817e+18	8.200000000000001
1.0405106510809391e+18	8.3
7.69390523017491e+17	8.4
6.442510501314408e+17	8.5
5.632679778303563e+17	8.6
4.93425922550586e+17	8.700000000000001
4.3821561171592646e+17	8.8
3.8930246490258586e+17	8.9
3.473964939559027e+17	9.0
3.1036952901958426e+17	9.1
2.775817154996599e+17	9.200000000000001
2.490391941105616e+17	9.3
2.2157415492913446e+17	9.4
1.984282879465163e+17	9.5
1.7669035691482576e+17	9.600000000000001
1.5962122666425386e+17	9.700000000000001
1.4195243972612085e+17	9.8
1.2742762953125483e+17	9.9
1.1389695934744096e+17	10.0
1.0171174507419683e+17	10.100000000000001
8.999798259598022e+16	10.200000000000001
7.979207744570352e+16	10.3
7.1278698313499736e+16	10.4
6.2721788627332696e+16	10.5
5.6279755226976024e+16	10.600000000000001
4.969415979002509e+16	10.700000000000001
4.418805805537934e+16	10.8
3.885926799273864e+16	10.9
3.4428884539755252e+16	11.0
3.0189390028203344e+16	11.100000000000001
2.6788325437926064e+16	11.200000000000001
2.3452096079487424e+16	11.3
2.064276315393237e+16	11.4
1.8170236379380508e+16	11.5
1.575008219319614e+16	11.600000000000001
1.3861126549339864e+16	11.700000000000001
1.2070355119051558e+16	11.8
1.045827444578598e+16	11.9
9110725817896428.0	12.0
7891297776415074.0	12.100000000000001
6735619200921196.0	12.200000000000001
5882632912411387.0	12.3
5022618216602575.0	12.4
4260465274962087.5	12.5
3637956925537790.5	12.600000000000001
3073284893743052.5	12.700000000000001
2565225982691518.0	12.8
2125034106704389.0	12.9
1748944908561365.2	13.0
1416433178811883.2	13.100000000000001
1119701599298090.6	13.200000000000001
848789308467551.6	13.3
590046087490779.2	13.4
319334121479862.75	13.5
0.0	13.600000000000001
0.0	13.700000000000001
0.0	13.8
0.0	13.9
0.0	14.0
0.0	14.100000000000001
0.0	14.200000000000001
0.0	14.3
0.0	14.4
