a = 6365.924458322994 м
b = 7985.014408913989 м
x0 = 2000.6506465717932 м
vr = 2112.9526368930724 м/с
A0 = 0.9806961447286027 м
Xmax = 6756.106995247001 м
sigmaX = 4747.069752275247 м
sigmaY = 4926.485575773086 м
M0 = 1.5610376318326788e+19 Н*м - интегральное значение сейсмического момента
Mr_max = 4.3042058496375593e+18 Н*м/с - максимальное значение функции источника
1-ый столбец - источника
2-ой столбец - время
0.0	0.0
1883643609762742.8	0.1
3.2004543711617235e+17	0.2
6.276367343448196e+17	0.30000000000000004
9.34734123889453e+17	0.4
1.245173060563449e+18	0.5
1.5503550706092966e+18	0.6000000000000001
1.8158802491835822e+18	0.7000000000000001
2.1211638114355013e+18	0.8
2.364612017262954e+18	0.9
2.6514946059850916e+18	1.0
2.696191606792339e+18	1.1
2.780470527578194e+18	1.2000000000000002
2.9074735390906993e+18	1.3
2.9975292146162744e+18	1.4000000000000001
3.167069369503237e+18	1.5
3.318050369119283e+18	1.6
3.4202547854540324e+18	1.7000000000000002
3.529029354248422e+18	1.8
3.683219001956593e+18	1.9000000000000001
3.7798960364324895e+18	2.0
3.82790908906052e+18	2.1
3.9488324387253837e+18	2.2
3.999405838461018e+18	2.3000000000000003
4.153155082379639e+18	2.4000000000000004
4.133574383773963e+18	2.5
4.184870474916715e+18	2.6
4.1685782708350336e+18	2.7
4.3042058496375593e+18	2.8000000000000003
4.291747322464419e+18	2.9000000000000004
4.264921135136609e+18	3.0
4.2110234395856046e+18	3.1
4.236778321293727e+18	3.2
4.197461930724379e+18	3.3000000000000003
4.145402141698651e+18	3.4000000000000004
4.0422969513826376e+18	3.5
4.0255258776577915e+18	3.6
3.926871224590865e+18	3.7
3.7942525585078385e+18	3.8000000000000003
3.6766145012709335e+18	3.9000000000000004
3.6249392534539566e+18	4.0
3.45608541811851e+18	4.1000000000000005
3.33547762174357e+18	4.2
3.190633954116434e+18	4.3
3.0395292545403725e+18	4.4
2.8963277991862717e+18	4.5
2.7401821994119813e+18	4.6000000000000005
2.5539598707932534e+18	4.7
2.3634533526887327e+18	4.800000000000001
2.141284782186021e+18	4.9
1.857503654923941e+18	5.0
1.4587966312098573e+18	5.1000000000000005
0.0	5.2
0.0	5.300000000000001
0.0	5.4
0.0	5.5
0.0	5.6000000000000005
0.0	5.7
0.0	5.800000000000001
0.0	5.9
0.0	6.0
0.0	6.1000000000000005
0.0	6.2
0.0	6.300000000000001
0.0	6.4
0.0	6.5
0.0	6.6000000000000005
0.0	6.7
0.0	6.800000000000001
0.0	6.9
0.0	7.0
0.0	7.1000000000000005
0.0	7.2
0.0	7.300000000000001
0.0	7.4
0.0	7.5
0.0	7.6000000000000005
