a = 13036.806589353277 м
b = 9844.965463367274 м
x0 = 2831.972829682841 м
vr = 1823.012054785432 м/с
A0 = 1.1425545376764676 м
Xmax = 14388.471832393596 м
sigmaX = 4451.733538855406 м
sigmaY = 4034.5625832231703 м
M0 = 2.039424763058612e+19 Н*м - интегральное значение сейсмического момента
Mr_max = 3.510497263099681e+18 Н*м/с - максимальное значение функции источника
1-ый столбец - источника
2-ой столбец - время
0.0	0.0
107689431620026.39	0.1
1.5856548090464472e+16	0.2
3.1575180091967464e+16	0.30000000000000004
4.77622391226744e+16	0.4
6.408952576499251e+16	0.5
8.123884896726818e+16	0.6000000000000001
9.962895184913418e+16	0.7000000000000001
1.1922933322460901e+17	0.8
1.3854442872939851e+17	0.9
1.610540601942782e+17	1.0
1.8150484466686736e+17	1.1
2.0802729292473728e+17	1.2000000000000002
2.3411622432796896e+17	1.3
2.610545178636522e+17	1.4000000000000001
2.909422721886194e+17	1.5
3.2382991129210694e+17	1.6
3.553799750085848e+17	1.7000000000000002
3.884263519727481e+17	1.8
4.283089535532522e+17	1.9000000000000001
4.706302411750643e+17	2.0
5.100004977029324e+17	2.1
5.6685589595486714e+17	2.2
6.096518140777148e+17	2.3000000000000003
6.626660246707296e+17	2.4000000000000004
7.181566742177482e+17	2.5
7.83259324604991e+17	2.6
8.331386647647896e+17	2.7
9.09316865242332e+17	2.8000000000000003
9.78758546495911e+17	2.9000000000000004
1.0346955608963105e+18	3.0
1.1202669311207373e+18	3.1
1.197015770397525e+18	3.2
1.271588912372435e+18	3.3000000000000003
1.3430240022686216e+18	3.4000000000000004
1.4463316864920236e+18	3.5
1.5060569356678694e+18	3.6
1.6059153664716777e+18	3.7
1.6846077197058388e+18	3.8000000000000003
1.7965099033399432e+18	3.9000000000000004
1.8952389322099146e+18	4.0
1.9631719714956396e+18	4.1000000000000005
2.0503533742270715e+18	4.2
2.1398436582206034e+18	4.3
2.2209194075440195e+18	4.4
2.3093147721183355e+18	4.5
2.4208667490049285e+18	4.6000000000000005
2.4961423037366103e+18	4.7
2.5672874470673316e+18	4.800000000000001
2.678095096151986e+18	4.9
2.788444769494153e+18	5.0
2.8235092073781376e+18	5.1000000000000005
2.9336205651229414e+18	5.2
2.999465150504546e+18	5.300000000000001
3.068560256804625e+18	5.4
3.129112370495332e+18	5.5
3.1991265318347935e+18	5.6000000000000005
3.2063183679814625e+18	5.7
3.273854808553052e+18	5.800000000000001
3.3393523629449974e+18	5.9
3.39974559786472e+18	6.0
3.42300435824089e+18	6.1000000000000005
3.457598924158855e+18	6.2
3.4940957470405903e+18	6.300000000000001
3.490639153158128e+18	6.4
3.4849195398775183e+18	6.5
3.500161572780532e+18	6.6000000000000005
3.510497263099681e+18	6.7
3.4858565197470147e+18	6.800000000000001
3.499521392105577e+18	6.9
3.4710757235654113e+18	7.0
3.4676189467193477e+18	7.1000000000000005
3.431441601115357e+18	7.2
3.4098260811725087e+18	7.300000000000001
3.3102338622302e+18	7.4
3.315356518367558e+18	7.5
3.230424985207767e+18	7.6000000000000005
3.202318944505332e+18	7.7
3.1092654284664566e+18	7.800000000000001
3.0252245560031365e+18	7.9
2.9446839903425736e+18	8.0
2.8826378872521037e+18	8.1
2.841414364218068e+18	8.200000000000001
2.744189716215243e+18	8.3
2.6725147881487985e+18	8.4
2.562693656429411e+18	8.5
2.496608843104423e+18	8.6
2.404547062924084e+18	8.700000000000001
2.3331123047012844e+18	8.8
2.210908585178365e+18	8.9
2.1470022286652708e+18	9.0
2.0542821552927862e+18	9.1
1.9615241052641994e+18	9.200000000000001
1.8677647347986132e+18	9.3
1.7745001244922724e+18	9.4
1.6825749076301417e+18	9.5
1.5826824757203284e+18	9.600000000000001
1.5083734896601126e+18	9.700000000000001
1.445280187976595e+18	9.8
1.3492082175487675e+18	9.9
1.266542902983104e+18	10.0
1.1941747782468767e+18	10.100000000000001
1.1178470358114414e+18	10.200000000000001
1.0497235107378647e+18	10.3
9.738394566058262e+17	10.4
9.057331144634406e+17	10.5
8.407291264404736e+17	10.600000000000001
7.823874197049126e+17	10.700000000000001
7.227238820385514e+17	10.8
6.671457961454232e+17	10.9
6.125625926450268e+17	11.0
5.6460401699422317e+17	11.100000000000001
5.12977140842911e+17	11.200000000000001
4.707032154525977e+17	11.3
4.264981544185147e+17	11.4
3.8670706746812026e+17	11.5
3.473771919691956e+17	11.600000000000001
3.1113982383181843e+17	11.700000000000001
2.8044842237704742e+17	11.8
2.479001177368713e+17	11.9
2.1829319134405098e+17	12.0
1.9057788990169085e+17	12.100000000000001
1.6569362346588477e+17	12.200000000000001
1.416095161689782e+17	12.3
1.1915330005668214e+17	12.4
9.753472377013194e+16	12.5
7.643594034800638e+16	12.600000000000001
5.492029050702e+16	12.700000000000001
2.9439932599005896e+16	12.8
0.0	12.9
0.0	13.0
0.0	13.100000000000001
0.0	13.200000000000001
0.0	13.3
0.0	13.4
0.0	13.5
0.0	13.600000000000001
0.0	13.700000000000001
