a = 10961.264634373409 м
b = 7998.55558613767 м
x0 = 8206.87417177155 м
vr = 2286.3804823591468 м/с
A0 = 1.114329164522922 м
Xmax = 10600.51838529762 м
sigmaX = 4295.112075080562 м
sigmaY = 4054.350744259906 м
M0 = 1.919260381904861e+19 Н*м - интегральное значение сейсмического момента
Mr_max = 6.590100159081882e+18 Н*м/с - максимальное значение функции источника
1-ый столбец - источника
2-ой столбец - время
0.0	0.0
3273318062673948.5	0.1
5.982136241810149e+17	0.2
1.188611721136856e+18	0.30000000000000004
1.7383342736579098e+18	0.4
2.2957375282168852e+18	0.5
2.830179164792182e+18	0.6000000000000001
3.3542699194167076e+18	0.7000000000000001
3.8026487779161636e+18	0.8
4.253783745907229e+18	0.9
4.678467908387929e+18	1.0
5.018496944146316e+18	1.1
5.422268120864738e+18	1.2000000000000002
5.684819815039698e+18	1.3
5.898171655194258e+18	1.4000000000000001
6.136350933568166e+18	1.5
6.300051517165644e+18	1.6
6.416054185692664e+18	1.7000000000000002
6.543176832062206e+18	1.8
6.559135397575589e+18	1.9000000000000001
6.573030948578407e+18	2.0
6.590100159081882e+18	2.1
6.507812137258727e+18	2.2
6.368406320289602e+18	2.3000000000000003
6.344106917437458e+18	2.4000000000000004
6.161569428260063e+18	2.5
5.981188540036648e+18	2.6
5.811535654911778e+18	2.7
5.657881670811722e+18	2.8000000000000003
5.407420101835676e+18	2.9000000000000004
5.193789416145469e+18	3.0
4.916696043996319e+18	3.1
4.696128922016204e+18	3.2
4.4592236405234273e+18	3.3000000000000003
3.827561772885062e+18	3.4000000000000004
3.322156225257843e+18	3.5
2.994544846275024e+18	3.6
2.596128134090865e+18	3.7
2.327406499225271e+18	3.8000000000000003
2.1067759775520077e+18	3.9000000000000004
1.9440171382725253e+18	4.0
1.7366486876301174e+18	4.1000000000000005
1.5707997036866258e+18	4.2
1.3964480041901115e+18	4.3
1.258801913921797e+18	4.4
1.1228629816893228e+18	4.5
9.828970236853846e+17	4.6000000000000005
8.689087253266714e+17	4.7
7.596597172976897e+17	4.800000000000001
6.650925649943653e+17	4.9
5.7341313195147475e+17	5.0
4.952523312030063e+17	5.1000000000000005
4.2498528879270464e+17	5.2
3.623184393146393e+17	5.300000000000001
3.024959261556114e+17	5.4
2.5014885319377235e+17	5.5
2.0505922337160477e+17	5.6000000000000005
1.63333545248e+17	5.7
1.2530310204589309e+17	5.800000000000001
9.18745501597211e+16	5.9
5.7727047618257256e+16	6.0
2481551282534159.5	6.1000000000000005
0.0	6.2
0.0	6.300000000000001
0.0	6.4
0.0	6.5
0.0	6.6000000000000005
0.0	6.7
0.0	6.800000000000001
0.0	6.9
