a = 4151.43739736508 м
b = 5182.673586869287 м
x0 = 872.1803635560402 м
vr = 1959.51466845205 м/с
A0 = 0.4349869098197636 м
Xmax = 5367.093496501281 м
sigmaX = 4448.071911238502 м
sigmaY = 4504.502695014743 м
M0 = 3.5758205514273505e+18 Н*м - интегральное значение сейсмического момента
Mr_max = 1.341469240198722e+18 Н*м/с - максимальное значение функции источника
1-ый столбец - источника
2-ой столбец - время
0.0	0.0
767802177486237.2	0.1
1.1900141341305874e+17	0.2
2.383539223334241e+17	0.30000000000000004
3.531731745617395e+17	0.4
4.5875578983891526e+17	0.5
5.007529340553706e+17	0.6000000000000001
5.441480946505562e+17	0.7000000000000001
5.965682899376764e+17	0.8
6.606008054126954e+17	0.9
7.117897877534467e+17	1.0
7.784136932623606e+17	1.1
8.267358327750257e+17	1.2000000000000002
8.86379811788502e+17	1.3
9.32956774593212e+17	1.4000000000000001
9.996090569982333e+17	1.5
1.0401531756011959e+18	1.6
1.0886327315435036e+18	1.7000000000000002
1.1239095721717723e+18	1.8
1.1689364697403423e+18	1.9000000000000001
1.2144198403919178e+18	2.0
1.2510329162232056e+18	2.1
1.2685176988605443e+18	2.2
1.2860035954890363e+18	2.3000000000000003
1.289563652961911e+18	2.4000000000000004
1.341469240198722e+18	2.5
1.3198374239862426e+18	2.6
1.313405290690983e+18	2.7
1.3343307688432479e+18	2.8000000000000003
1.3119648957501893e+18	2.9000000000000004
1.3014640734501435e+18	3.0
1.2572007326067753e+18	3.1
1.2301453863258263e+18	3.2
1.1827287435319905e+18	3.3000000000000003
1.13901778763417e+18	3.4000000000000004
1.0791904130317033e+18	3.5
1.0089551452170449e+18	3.6
8.975785259776273e+17	3.7
7.017402504937007e+17	3.8000000000000003
0.0	3.9000000000000004
0.0	4.0
0.0	4.1000000000000005
0.0	4.2
0.0	4.3
0.0	4.4
0.0	4.5
0.0	4.6000000000000005
0.0	4.7
0.0	4.800000000000001
0.0	4.9
0.0	5.0
0.0	5.1000000000000005
0.0	5.2
0.0	5.300000000000001
0.0	5.4
0.0	5.5
0.0	5.6000000000000005
0.0	5.7
0.0	5.800000000000001
