a = 6015.632472793924 м
b = 7118.355259519456 м
x0 = 4698.66575382134 м
vr = 1767.0083473196412 м/с
A0 = 1.9587687681161976 м
Xmax = 6326.809375354486 м
sigmaX = 4730.069821271042 м
sigmaY = 4544.211129499254 м
M0 = 2.7154301031004766e+19 Н*м - интегральное значение сейсмического момента
Mr_max = 9.615096928252795e+18 Н*м/с - максимальное значение функции источника
1-ый столбец - источника
2-ой столбец - время
0.0	0.0
4893586433198147.0	0.1
6.994461875802012e+17	0.2
1.361853613743097e+18	0.30000000000000004
2.0283429044299103e+18	0.4
2.7161014705666734e+18	0.5
3.3340847923205274e+18	0.6000000000000001
3.9107291481997025e+18	0.7000000000000001
4.5061974609338163e+18	0.8
5.032235624617569e+18	0.9
5.51055166378888e+18	1.0
6.045095854716196e+18	1.1
6.54993132207499e+18	1.2000000000000002
6.995212960734133e+18	1.3
7.350648762192518e+18	1.4000000000000001
7.736124683895534e+18	1.5
8.120194066777068e+18	1.6
8.421607711597208e+18	1.7000000000000002
8.610790275151326e+18	1.8
8.893408686275858e+18	1.9000000000000001
9.131762298218007e+18	2.0
9.274845400337707e+18	2.1
9.325705127947983e+18	2.2
9.509936423242183e+18	2.3000000000000003
9.529907003602536e+18	2.4000000000000004
9.535941905975677e+18	2.5
9.615096928252795e+18	2.6
9.498439986485019e+18	2.7
8.86954244713235e+18	2.8000000000000003
8.471800282174176e+18	2.9000000000000004
7.972215919223451e+18	3.0
7.712542981995771e+18	3.1
7.282837342752957e+18	3.2
6.96136025149378e+18	3.3000000000000003
6.687664982507654e+18	3.4000000000000004
6.376901505197763e+18	3.5
6.112349459948966e+18	3.6
5.783780655343188e+18	3.7
5.478488478733336e+18	3.8000000000000003
5.159035530705376e+18	3.9000000000000004
4.805979044196942e+18	4.0
4.4756168014919777e+18	4.1000000000000005
4.09674363866282e+18	4.2
2.0470651383969044e+18	4.3
0.0	4.4
0.0	4.5
0.0	4.6000000000000005
0.0	4.7
0.0	4.800000000000001
0.0	4.9
0.0	5.0
0.0	5.1000000000000005
0.0	5.2
0.0	5.300000000000001
0.0	5.4
0.0	5.5
0.0	5.6000000000000005
0.0	5.7
0.0	5.800000000000001
0.0	5.9
0.0	6.0
0.0	6.1000000000000005
0.0	6.2
0.0	6.300000000000001
