a = 14008.3285841713 м
b = 16745.984457064576 м
x0 = 6826.7092138903845 м
vr = 1819.6554935165602 м/с
A0 = 1.476116996076201 м
Xmax = 16850.945842797213 м
sigmaX = 4610.887365756478 м
sigmaY = 4157.052821034794 м
M0 = 2.9005562469419094e+19 Н*м - интегральное значение сейсмического момента
Mr_max = 4.863382774970279e+18 Н*м/с - максимальное значение функции источника
1-ый столбец - источника
2-ой столбец - время
0.0	0.0
379789422962215.44	0.1
5.550595754855212e+16	0.2
1.1096803125977115e+17	0.30000000000000004
1.6754727405365773e+17	0.4
2.231293036972341e+17	0.5
2.8088816885327987e+17	0.6000000000000001
3.407860424947367e+17	0.7000000000000001
4.001037303118509e+17	0.8
4.631993685110552e+17	0.9
5.261776203348268e+17	1.0
5.918096613817798e+17	1.1
6.641050384323666e+17	1.2000000000000002
7.298074871630122e+17	1.3
8.086466384372662e+17	1.4000000000000001
8.770559269744019e+17	1.5
9.689380739984972e+17	1.6
1.0546344664720282e+18	1.7000000000000002
1.1383591711289402e+18	1.8
1.2327155348753562e+18	1.9000000000000001
1.325190507815947e+18	2.0
1.4199071186553464e+18	2.1
1.5295428885240005e+18	2.2
1.6312052321472197e+18	2.3000000000000003
1.7153506158863985e+18	2.4000000000000004
1.834810690405369e+18	2.5
1.9292124408042862e+18	2.6
2.0737588835455754e+18	2.7
2.181185190306111e+18	2.8000000000000003
2.2970227722899735e+18	2.9000000000000004
2.4228740230137134e+18	3.0
2.5375844645494175e+18	3.1
2.670744470712104e+18	3.2
2.781127290023771e+18	3.3000000000000003
2.8999394484629673e+18	3.4000000000000004
3.0010948703964237e+18	3.5
3.142049721200399e+18	3.6
3.248982459204039e+18	3.7
3.4215835744362506e+18	3.8000000000000003
3.468457224842837e+18	3.9000000000000004
3.6635959865605704e+18	4.0
3.741612398865717e+18	4.1000000000000005
3.8631806163436703e+18	4.2
3.9773505640029747e+18	4.3
4.069108609778335e+18	4.4
4.179685422935032e+18	4.5
4.2916677561167447e+18	4.6000000000000005
4.315139733747259e+18	4.7
4.413114032154463e+18	4.800000000000001
4.510349687873646e+18	4.9
4.5352905525935314e+18	5.0
4.627618772273604e+18	5.1000000000000005
4.672024824233673e+18	5.2
4.71061341169708e+18	5.300000000000001
4.789160417420959e+18	5.4
4.831485411234494e+18	5.5
4.807182599936878e+18	5.6000000000000005
4.841805347611601e+18	5.7
4.859950859874302e+18	5.800000000000001
4.863382774970279e+18	5.9
4.780003461641111e+18	6.0
4.804676237682517e+18	6.1000000000000005
4.800200029556389e+18	6.2
4.762430668206831e+18	6.300000000000001
4.75222855978671e+18	6.4
4.659327226304183e+18	6.5
4.636238768338292e+18	6.6000000000000005
4.5959343741500385e+18	6.7
4.5422937906164567e+18	6.800000000000001
4.4500369277516134e+18	6.9
4.3500641639309235e+18	7.0
4.259204720027654e+18	7.1000000000000005
4.1581546110838124e+18	7.2
4.067347074057529e+18	7.300000000000001
4.007372676026124e+18	7.4
3.902718669338475e+18	7.5
3.7804400054767683e+18	7.6000000000000005
3.6498099688601313e+18	7.7
3.5913227387141965e+18	7.800000000000001
3.4339988254678036e+18	7.9
3.3631372876846464e+18	8.0
3.2178378852361585e+18	8.1
3.099980902810805e+18	8.200000000000001
2.9693760693552737e+18	8.3
2.842672256562664e+18	8.4
2.760986014832468e+18	8.5
2.629281597219832e+18	8.6
2.491162876629368e+18	8.700000000000001
2.394858450879979e+18	8.8
2.2772836220148314e+18	8.9
2.1610308460191455e+18	9.0
2.0627084377244618e+18	9.1
1.9589661199554783e+18	9.200000000000001
1.8317668916693317e+18	9.3
1.748735823387142e+18	9.4
1.6404464145413875e+18	9.5
1.5545774184313646e+18	9.600000000000001
1.4559169375638205e+18	9.700000000000001
1.3672735692744817e+18	9.8
1.28796186244276e+18	9.9
1.198868964244978e+18	10.0
1.1241611545239552e+18	10.100000000000001
1.0463225553572573e+18	10.200000000000001
9.747418386508136e+17	10.3
9.084922050999016e+17	10.4
8.457323226281925e+17	10.5
7.813963932421213e+17	10.600000000000001
7.224359764659494e+17	10.700000000000001
6.676838232889965e+17	10.8
6.16779070075595e+17	10.9
5.686556920820434e+17	11.0
5.24846685002026e+17	11.100000000000001
4.805901313468304e+17	11.200000000000001
4.396324841659575e+17	11.3
3.997800960019731e+17	11.4
3.61505941813373e+17	11.5
3.203971725155206e+17	11.600000000000001
2.4413645363390474e+17	11.700000000000001
0.0	11.8
0.0	11.9
0.0	12.0
0.0	12.100000000000001
0.0	12.200000000000001
0.0	12.3
0.0	12.4
0.0	12.5
0.0	12.600000000000001
0.0	12.700000000000001
0.0	12.8
0.0	12.9
0.0	13.0
0.0	13.100000000000001
0.0	13.200000000000001
0.0	13.3
0.0	13.4
0.0	13.5
0.0	13.600000000000001
0.0	13.700000000000001
0.0	13.8
0.0	13.9
0.0	14.0
0.0	14.100000000000001
0.0	14.200000000000001
0.0	14.3
0.0	14.4
0.0	14.5
0.0	14.600000000000001
0.0	14.700000000000001
0.0	14.8
0.0	14.9
0.0	15.0
0.0	15.100000000000001
0.0	15.200000000000001
0.0	15.3
0.0	15.4
0.0	15.5
0.0	15.600000000000001
