a = 8804.454043175165 м
b = 6472.486918693343 м
x0 = 2847.334088435461 м
vr = 2280.576194934558 м/с
A0 = 1.6278066694279392 м
Xmax = 7406.917921390721 м
sigmaX = 4736.889061001628 м
sigmaY = 4681.982289087885 м
M0 = 2.7180041053906293e+19 Н*м - интегральное значение сейсмического момента
Mr_max = 7.26776789857826e+18 Н*м/с - максимальное значение функции источника
1-ый столбец - источника
2-ой столбец - время
0.0	0.0
3505729113315808.0	0.1
6.414207077845226e+17	0.2
1.2768848103469222e+18	0.30000000000000004
1.888509231911905e+18	0.4
2.500808566887706e+18	0.5
3.084988599851129e+18	0.6000000000000001
3.6830277763246356e+18	0.7000000000000001
4.20008659812224e+18	0.8
4.756608134051386e+18	0.9
5.24820812725418e+18	1.0
5.779030669471733e+18	1.1
6.19784355809805e+18	1.2000000000000002
6.732674262404926e+18	1.3
6.571476314404614e+18	1.4000000000000001
6.624658110398269e+18	1.5
6.563817687155674e+18	1.6
6.730727797960889e+18	1.7000000000000002
6.81094360534537e+18	1.8
6.956198537250888e+18	1.9000000000000001
6.927043467352816e+18	2.0
7.115432465500581e+18	2.1
7.052163731449387e+18	2.2
7.26776789857826e+18	2.3000000000000003
7.124858494431985e+18	2.4000000000000004
7.214124651536772e+18	2.5
7.131844331638943e+18	2.6
7.097687123206497e+18	2.7
6.944730684439374e+18	2.8000000000000003
6.958082749557405e+18	2.9000000000000004
6.735978694493942e+18	3.0
6.61950596533237e+18	3.1
6.407723076134383e+18	3.2
6.22358594929415e+18	3.3000000000000003
6.124360252471951e+18	3.4000000000000004
5.931515416600593e+18	3.5
5.654006725939052e+18	3.6
5.447182611545653e+18	3.7
5.240199564944748e+18	3.8000000000000003
4.991924151667289e+18	3.9000000000000004
4.740192163813335e+18	4.0
4.5264715481858514e+18	4.1000000000000005
4.2397155908388593e+18	4.2
4.0360315389872317e+18	4.3
3.784960629576873e+18	4.4
3.5421539468063913e+18	4.5
3.2748412125792635e+18	4.6000000000000005
3.0586906000157993e+18	4.7
2.853188374903019e+18	4.800000000000001
2.5993852508921503e+18	4.9
2.4077993289181983e+18	5.0
2.2168602192840763e+18	5.1000000000000005
1.9868618029528573e+18	5.2
1.8199898672252142e+18	5.300000000000001
1.63367240978455e+18	5.4
1.4683660768365688e+18	5.5
1.3195720354913787e+18	5.6000000000000005
1.1518928798044617e+18	5.7
1.0022946368966323e+18	5.800000000000001
8.80074714469977e+17	5.9
7.47415473701025e+17	6.0
6.341010675824056e+17	6.1000000000000005
5.2097345437516166e+17	6.2
4.14739630709854e+17	6.300000000000001
2.991164325777263e+17	6.4
1.7991282159961853e+17	6.5
0.0	6.6000000000000005
0.0	6.7
0.0	6.800000000000001
0.0	6.9
0.0	7.0
0.0	7.1000000000000005
0.0	7.2
0.0	7.300000000000001
0.0	7.4
