a = 7135.680150143187 м
b = 8476.481199557767 м
x0 = 82.01061728652124 м
vr = 1717.2817076245626 м/с
A0 = 1.3750313314728015 м
Xmax = 7320.063907442175 м
sigmaX = 4891.17204338022 м
sigmaY = 4684.257012088696 м
M0 = 2.3675979479074615e+19 Н*м - интегральное значение сейсмического момента
Mr_max = 4.583337220860924e+18 Н*м/с - максимальное значение функции источника
1-ый столбец - источника
2-ой столбец - время
0.0	0.0
1186081687934310.8	0.1
1.0800752140619726e+17	0.2
1.921941809131909e+17	0.30000000000000004
2.8517748304544525e+17	0.4
3.765082390585802e+17	0.5
4.7729099414573325e+17	0.6000000000000001
5.840829060204498e+17	0.7000000000000001
6.902230606491544e+17	0.8
7.976076229600239e+17	0.9
9.211633277948673e+17	1.0
1.039750000377164e+18	1.1
1.1547509788400243e+18	1.2000000000000002
1.278427992299624e+18	1.3
1.4097439776463378e+18	1.4000000000000001
1.5258096553149087e+18	1.5
1.6631091498297782e+18	1.6
1.7740234483157578e+18	1.7000000000000002
1.909933386800999e+18	1.8
2.0402129766725076e+18	1.9000000000000001
2.1564198824201764e+18	2.0
2.323897068457288e+18	2.1
2.4436373852733937e+18	2.2
2.562471016665579e+18	2.3000000000000003
2.7273981792803113e+18	2.4000000000000004
2.7873176306582e+18	2.5
2.9690453264859377e+18	2.6
3.070751743548807e+18	2.7
3.1821024678978913e+18	2.8000000000000003
3.324181493182719e+18	2.9000000000000004
3.4286170103634463e+18	3.0
3.5558580917747026e+18	3.1
3.6282246542941066e+18	3.2
3.7502613097281014e+18	3.3000000000000003
3.7967556311186115e+18	3.4000000000000004
3.9483654334972467e+18	3.5
4.053909936578579e+18	3.6
4.048638961698419e+18	3.7
4.17348515410541e+18	3.8000000000000003
4.1840290849414246e+18	3.9000000000000004
4.2624252179831004e+18	4.0
4.34503431287713e+18	4.1000000000000005
4.381492804286115e+18	4.2
4.4553557341861105e+18	4.3
4.4618710494906465e+18	4.4
4.492667243039681e+18	4.5
4.4440637064979543e+18	4.6000000000000005
4.583337220860924e+18	4.7
4.4565664959108106e+18	4.800000000000001
4.510133996725044e+18	4.9
4.484964240248816e+18	5.0
4.4628119912099415e+18	5.1000000000000005
4.4698307037659955e+18	5.2
4.389950127908862e+18	5.300000000000001
4.3987207678257874e+18	5.4
4.2991664781690696e+18	5.5
4.286610681207473e+18	5.6000000000000005
4.2156367679340846e+18	5.7
4.128343023337742e+18	5.800000000000001
4.081608115629757e+18	5.9
4.016540652198281e+18	6.0
3.9795020334741417e+18	6.1000000000000005
3.8457074595574267e+18	6.2
3.727092280615644e+18	6.300000000000001
3.6611045105952364e+18	6.4
3.5429967865510845e+18	6.5
3.444057028831804e+18	6.6000000000000005
3.3507243870126515e+18	6.7
3.2378322554432215e+18	6.800000000000001
3.1128255112223524e+18	6.9
2.9939584932969544e+18	7.0
2.882092551070601e+18	7.1000000000000005
2.76949372517285e+18	7.2
2.630451916443402e+18	7.300000000000001
2.507211497572991e+18	7.4
2.382999465983929e+18	7.5
2.2313508554779878e+18	7.6000000000000005
2.07957766678904e+18	7.7
1.9319033357387817e+18	7.800000000000001
1.763664213393337e+18	7.9
1.5702494933394655e+18	8.0
1.3567065326479004e+18	8.1
1.0875378705699379e+18	8.200000000000001
6.990531429030652e+17	8.3
0.0	8.4
0.0	8.5
0.0	8.6
0.0	8.700000000000001
0.0	8.8
0.0	8.9
0.0	9.0
0.0	9.1
0.0	9.200000000000001
0.0	9.3
0.0	9.4
0.0	9.5
0.0	9.600000000000001
0.0	9.700000000000001
0.0	9.8
0.0	9.9
0.0	10.0
0.0	10.100000000000001
0.0	10.200000000000001
0.0	10.3
0.0	10.4
0.0	10.5
0.0	10.600000000000001
0.0	10.700000000000001
0.0	10.8
