a = 16415.478407577975 м
b = 20591.48145881098 м
x0 = 12424.509367118952 м
vr = 2297.0224834695337 м/с
A0 = 0.3971471647331655 м
Xmax = 14865.752063923896 м
sigmaX = 4952.3259643555375 м
sigmaY = 4806.01974973607 м
M0 = 1.04122352151015e+19 Н*м - интегральное значение сейсмического момента
Mr_max = 2.8637837837862907e+18 Н*м/с - максимальное значение функции источника
1-ый столбец - источника
2-ой столбец - время
0.0	0.0
1211888711995756.8	0.1
2.2043442503517965e+17	0.2
4.419113158018955e+17	0.30000000000000004
6.539122987982158e+17	0.4
8.678130326865252e+17	0.5
1.0711453364630094e+18	0.6000000000000001
1.2740973621177546e+18	0.7000000000000001
1.466373711925804e+18	0.8
1.645100281050609e+18	0.9
1.812656334809047e+18	1.0
1.9590693592537882e+18	1.1
2.1124221428600003e+18	1.2000000000000002
2.2513848509521252e+18	1.3
2.3749887811348234e+18	1.4000000000000001
2.475640493029622e+18	1.5
2.5585151488146693e+18	1.6
2.6474106889053993e+18	1.7000000000000002
2.7228091883223183e+18	1.8
2.7505882999170714e+18	1.9000000000000001
2.8095215072845143e+18	2.0
2.841620116501139e+18	2.1
2.834234573051102e+18	2.2
2.847422554896303e+18	2.3000000000000003
2.8637837837862907e+18	2.4000000000000004
2.8430396437397007e+18	2.5
2.807895820503125e+18	2.6
2.745639462006396e+18	2.7
2.7200171862618844e+18	2.8000000000000003
2.6571308513025367e+18	2.9000000000000004
2.5851482798434437e+18	3.0
2.5332322988681175e+18	3.1
2.4568534384937436e+18	3.2
2.3706185483097836e+18	3.3000000000000003
2.2890866365427323e+18	3.4000000000000004
2.2043797301058496e+18	3.5
2.10332377200436e+18	3.6
2.016462989524456e+18	3.7
1.9339045492656827e+18	3.8000000000000003
1.8349884736572605e+18	3.9000000000000004
1.742198589411487e+18	4.0
1.649937044604413e+18	4.1000000000000005
1.5555826945084844e+18	4.2
1.4587366367258762e+18	4.3
1.3724875607603817e+18	4.4
1.283539504450742e+18	4.5
1.202410610357462e+18	4.6000000000000005
1.1120014889576063e+18	4.7
1.0377295856974572e+18	4.800000000000001
9.654774636876317e+17	4.9
8.873242385622813e+17	5.0
8.225515149835875e+17	5.1000000000000005
7.549360535442685e+17	5.2
6.901068669200257e+17	5.300000000000001
6.340105198664111e+17	5.4
5.755887451920712e+17	5.5
5.2057425463968115e+17	5.6000000000000005
4.685236413447989e+17	5.7
4.2188887209805434e+17	5.800000000000001
3.817162330524875e+17	5.9
3.421976347772031e+17	6.0
3.0843531193736115e+17	6.1000000000000005
2.7599220836097747e+17	6.2
2.465791964542861e+17	6.300000000000001
2.22971819628254e+17	6.4
1.9816357794641414e+17	6.5
1.760912824994883e+17	6.6000000000000005
1.5524441134203638e+17	6.7
1.3729183339441816e+17	6.800000000000001
1.2175490394025944e+17	6.9
1.0764835218558429e+17	7.0
9.492883871626088e+16	7.1000000000000005
8.319501065881163e+16	7.2
7.252251045336094e+16	7.300000000000001
6.363114740282549e+16	7.4
5.558044294478904e+16	7.5
4.845536911719132e+16	7.6000000000000005
4.205101307073504e+16	7.7
3.6362163221083496e+16	7.800000000000001
3.1562225820955236e+16	7.9
2.7088927960741068e+16	8.0
2.3267558223738436e+16	8.1
2.016567933042451e+16	8.200000000000001
1.7172357559144816e+16	8.3
1.466978323196328e+16	8.4
1.2573541093837374e+16	8.5
1.062865954826014e+16	8.6
9055827572652284.0	8.700000000000001
7657705995987039.0	8.8
6473716269851248.0	8.9
4505241750655255.0	9.0
2434974673649059.5	9.1
1455601975589885.0	9.200000000000001
854936616680593.6	9.3
451946571653110.3	9.4
125162864413137.73	9.5
0.0	9.600000000000001
0.0	9.700000000000001
0.0	9.8
0.0	9.9
0.0	10.0
0.0	10.100000000000001
0.0	10.200000000000001
0.0	10.3
0.0	10.4
0.0	10.5
0.0	10.600000000000001
0.0	10.700000000000001
0.0	10.8
0.0	10.9
0.0	11.0
0.0	11.100000000000001
0.0	11.200000000000001
0.0	11.3
0.0	11.4
0.0	11.5
0.0	11.600000000000001
0.0	11.700000000000001
0.0	11.8
0.0	11.9
0.0	12.0
0.0	12.100000000000001
0.0	12.200000000000001
0.0	12.3
0.0	12.4
0.0	12.5
0.0	12.600000000000001
0.0	12.700000000000001
0.0	12.8
0.0	12.9
0.0	13.0
0.0	13.100000000000001
0.0	13.200000000000001
0.0	13.3
0.0	13.4
0.0	13.5
