a = 16404.45441982308 м
b = 11707.279635768577 м
x0 = 8192.11485588534 м
vr = 1752.9241353304074 м/с
A0 = 0.3437702310436498 м
Xmax = 16143.86059142626 м
sigmaX = 4057.405407780855 м
sigmaY = 4263.911826421605 м
M0 = 6.368993708752426e+18 Н*м - интегральное значение сейсмического момента
Mr_max = 1.1811510747101048e+18 Н*м/с - максимальное значение функции источника
1-ый столбец - источника
2-ой столбец - время
0.0	0.0
132646628472070.61	0.1
1.872071844594843e+16	0.2
3.726084101869553e+16	0.30000000000000004
5.5965600945294104e+16	0.4
7.511066299518606e+16	0.5
9.429193968112578e+16	0.6000000000000001
1.143673599706841e+17	0.7000000000000001
1.3497278332659443e+17	0.8
1.5516826141710707e+17	0.9
1.7583384829930637e+17	1.0
1.994553697005625e+17	1.1
2.2244521049038717e+17	1.2000000000000002
2.4478378176725043e+17	1.3
2.685047666936212e+17	1.4000000000000001
2.9451977629909696e+17	1.5
3.2077914069943034e+17	1.6
3.454756306948149e+17	1.7000000000000002
3.752949502048864e+17	1.8
4.035282452502467e+17	1.9000000000000001
4.314138303183694e+17	2.0
4.6490979181137184e+17	2.1
4.952754636516224e+17	2.2
5.259553829158135e+17	2.3000000000000003
5.592361519031002e+17	2.4000000000000004
5.91245831039842e+17	2.5
6.251094429507828e+17	2.6
6.551060240155151e+17	2.7
6.885022428714404e+17	2.8000000000000003
7.284122694162543e+17	2.9000000000000004
7.567229942696972e+17	3.0
7.88375320094319e+17	3.1
8.229818610906134e+17	3.2
8.490263094596058e+17	3.3000000000000003
8.914248162751357e+17	3.4000000000000004
9.125935956655501e+17	3.5
9.536486987562803e+17	3.6
9.744929549778479e+17	3.7
9.964317257602701e+17	3.8000000000000003
1.0213437144911072e+18	3.9000000000000004
1.0424126591672148e+18	4.0
1.0813203389051608e+18	4.1000000000000005
1.0854468375669352e+18	4.2
1.1128013203299529e+18	4.3
1.1304481807657053e+18	4.4
1.1356394345943077e+18	4.5
1.149524068882248e+18	4.6000000000000005
1.1494007413828172e+18	4.7
1.1717926095302884e+18	4.800000000000001
1.1810711286157527e+18	4.9
1.1791958586181294e+18	5.0
1.180598012071354e+18	5.1000000000000005
1.1811510747101048e+18	5.2
1.1705869181890596e+18	5.300000000000001
1.1671320634150986e+18	5.4
1.1573569031160507e+18	5.5
1.1439351835317601e+18	5.6000000000000005
1.1327208414420407e+18	5.7
1.1235131239593234e+18	5.800000000000001
1.0987624090229989e+18	5.9
1.0754480253641487e+18	6.0
1.05549583279178e+18	6.1000000000000005
1.0347569371922551e+18	6.2
1.0065077807043212e+18	6.300000000000001
9.775342614300957e+17	6.4
9.603259143870061e+17	6.5
9.252358237142977e+17	6.6000000000000005
8.988808477629747e+17	6.7
8.646247625563841e+17	6.800000000000001
8.380772030651725e+17	6.9
8.063345515587361e+17	7.0
7.722963680315341e+17	7.1000000000000005
7.465379946216982e+17	7.2
7.088515606395461e+17	7.300000000000001
6.812848567847137e+17	7.4
6.468897810283671e+17	7.5
6.157145484748398e+17	7.6000000000000005
5.859515917911775e+17	7.7
5.473755732723538e+17	7.800000000000001
5.238430364448487e+17	7.9
4.927432885971792e+17	8.0
4.657871198071232e+17	8.1
4.3468230630383354e+17	8.200000000000001
4.0801173080059264e+17	8.3
3.8421922421449235e+17	8.4
3.57992787327689e+17	8.5
3.337926152759589e+17	8.6
3.09175961121549e+17	8.700000000000001
2.858819254501905e+17	8.8
2.6814327912891635e+17	8.9
2.4543269741184806e+17	9.0
2.2762253377216163e+17	9.1
2.1012675886582125e+17	9.200000000000001
1.9232704758154006e+17	9.3
1.7800513553999987e+17	9.4
1.623172212687353e+17	9.5
1.4733755803099146e+17	9.600000000000001
1.3453208492933973e+17	9.700000000000001
1.2198132301605546e+17	9.8
1.1068405527139402e+17	9.9
1.0052225613138475e+17	10.0
9.123162328531866e+16	10.100000000000001
8.16669501982446e+16	10.200000000000001
7.34022845357393e+16	10.3
6.655387292290675e+16	10.4
5.940543666976826e+16	10.5
5.259237161114874e+16	10.600000000000001
4.752421029328836e+16	10.700000000000001
4.2073020216946664e+16	10.8
3.751832428174677e+16	10.9
3.329606272995137e+16	11.0
2.9079044486327624e+16	11.100000000000001
2.5543380434914944e+16	11.200000000000001
2.2596001026065692e+16	11.3
1.9649472607510628e+16	11.4
1.7292638773398122e+16	11.5
1.513141668557578e+16	11.600000000000001
1.3187852344914834e+16	11.700000000000001
1.1343130452143832e+16	11.8
9878003494446062.0	11.9
8536173314758183.0	12.0
7279497079935170.0	12.100000000000001
6292952184766768.0	12.200000000000001
5378044621818453.0	12.3
4596891447024720.0	12.4
3911460654978704.0	12.5
3287349582293449.5	12.600000000000001
2775238053535900.5	12.700000000000001
2328260920235625.5	12.8
1955294429862727.0	12.9
1616436450652583.0	13.0
1335724776341800.0	13.100000000000001
1100524094149790.6	13.200000000000001
899827931999373.5	13.3
727503993239133.9	13.4
581108541823645.6	13.5
456592443351842.5	13.600000000000001
354776197028223.6	13.700000000000001
265618087362731.97	13.8
192017512123789.56	13.9
125341219957037.61	14.0
59531394077450.89	14.100000000000001
0.0	14.200000000000001
0.0	14.3
0.0	14.4
0.0	14.5
0.0	14.600000000000001
0.0	14.700000000000001
0.0	14.8
0.0	14.9
0.0	15.0
