a = 6731.9798524820435 м
b = 8224.736627883472 м
x0 = 908.2206192138227 м
vr = 2078.2626718140164 м/с
A0 = 0.40181709779806185 м
Xmax = 5687.406908351839 м
sigmaX = 4431.016481313505 м
sigmaY = 4381.742297827578 м
M0 = 6.082031006863376e+18 Н*м - интегральное значение сейсмического момента
Mr_max = 1.5718355641296973e+18 Н*м/с - максимальное значение функции источника
1-ый столбец - источника
2-ой столбец - время
0.0	0.0
700479276183855.4	0.1
1.1700731224351451e+17	0.2
2.329578994785491e+17	0.30000000000000004
3.451644323457309e+17	0.4
4.560176997865853e+17	0.5
4.942915831364783e+17	0.6000000000000001
5.4147744112174086e+17	0.7000000000000001
5.970453893220686e+17	0.8
6.67666751175646e+17	0.9
7.313733413709243e+17	1.0
7.966910633914799e+17	1.1
8.649345317754117e+17	1.2000000000000002
9.216689692059002e+17	1.3
9.936516580355227e+17	1.4000000000000001
1.0519143280391196e+18	1.5
1.1161082517437356e+18	1.6
1.1645452326887183e+18	1.7000000000000002
1.2250250414944579e+18	1.8
1.2736913445485317e+18	1.9000000000000001
1.3259436795678874e+18	2.0
1.3690245267371878e+18	2.1
1.395289738315929e+18	2.2
1.4312460487016402e+18	2.3000000000000003
1.459605974976202e+18	2.4000000000000004
1.498255365712247e+18	2.5
1.5071587341485924e+18	2.6
1.5258071439780006e+18	2.7
1.558167183535367e+18	2.8000000000000003
1.5648921236203395e+18	2.9000000000000004
1.5718355641296973e+18	3.0
1.547371154298236e+18	3.1
1.548350035157625e+18	3.2
1.5453439314079877e+18	3.3000000000000003
1.5213526982342116e+18	3.4000000000000004
1.4753291129299976e+18	3.5
1.4561099901216957e+18	3.6
1.441395933104203e+18	3.7
1.4235711167783944e+18	3.8000000000000003
1.3679853735518264e+18	3.9000000000000004
1.327689920873234e+18	4.0
1.282966042136689e+18	4.1000000000000005
1.2468204781582515e+18	4.2
1.2044493881612854e+18	4.3
1.1711029492677338e+18	4.4
1.1170552776079685e+18	4.5
1.0488978182470899e+18	4.6000000000000005
9.932313907409253e+17	4.7
9.579608293790865e+17	4.800000000000001
8.923682193307459e+17	4.9
8.367293961196815e+17	5.0
7.925489600723846e+17	5.1000000000000005
7.432136462909106e+17	5.2
6.830776222484211e+17	5.300000000000001
6.300487819999556e+17	5.4
5.808001685838423e+17	5.5
5.259041750998389e+17	5.6000000000000005
4.694516489820329e+17	5.7
4.1331415481603866e+17	5.800000000000001
3.486669276808535e+17	5.9
2.7166370307196182e+17	6.0
1.563803905772543e+17	6.1000000000000005
0.0	6.2
0.0	6.300000000000001
0.0	6.4
0.0	6.5
0.0	6.6000000000000005
0.0	6.7
0.0	6.800000000000001
0.0	6.9
0.0	7.0
0.0	7.1000000000000005
0.0	7.2
0.0	7.300000000000001
0.0	7.4
0.0	7.5
0.0	7.6000000000000005
0.0	7.7
0.0	7.800000000000001
0.0	7.9
0.0	8.0
0.0	8.1
0.0	8.200000000000001
0.0	8.3
0.0	8.4
