a = 15415.184152175956 м
b = 18395.132147594526 м
x0 = 2357.9958475244366 м
vr = 1647.9883243679194 м/с
A0 = 0.5187737701569906 м
Xmax = 11735.092682072767 м
sigmaX = 4519.073500501584 м
sigmaY = 4592.957534280255 м
M0 = 1.1506027570053472e+19 Н*м - интегральное значение сейсмического момента
Mr_max = 1.7911808114366316e+18 Н*м/с - максимальное значение функции источника
1-ый столбец - источника
2-ой столбец - время
0.0	0.0
149095511274114.88	0.1
1.970980822592834e+16	0.2
3.902801120678513e+16	0.30000000000000004
5.9311921891342984e+16	0.4
7.9251782723951e+16	0.5
9.956792494935336e+16	0.6000000000000001
1.2032543912095486e+17	0.7000000000000001
1.4183152496039557e+17	0.8
1.6388311023469606e+17	0.9
1.8613489338914995e+17	1.0
2.0919053063561933e+17	1.1
2.33444644959556e+17	1.2000000000000002
2.558674566311687e+17	1.3
2.8243996370095386e+17	1.4000000000000001
3.076042083723363e+17	1.5
3.291887457435797e+17	1.6
3.5204519811364576e+17	1.7000000000000002
3.728390043499327e+17	1.8
4.0790755189063206e+17	1.9000000000000001
4.336648388643315e+17	2.0
4.690051595761359e+17	2.1
4.992444079435162e+17	2.2
5.278675825044652e+17	2.3000000000000003
5.660648181372046e+17	2.4000000000000004
5.999391086841055e+17	2.5
6.41668473497434e+17	2.6
6.815129223490476e+17	2.7
7.101420168043388e+17	2.8000000000000003
7.589811758033042e+17	2.9000000000000004
7.984874519017567e+17	3.0
8.404443575298669e+17	3.1
8.857499298039818e+17	3.2
9.203709153775786e+17	3.3000000000000003
9.646090456595681e+17	3.4000000000000004
9.996715104432383e+17	3.5
1.0449332543363999e+18	3.6
1.0950621195399291e+18	3.7
1.1339510023376524e+18	3.8000000000000003
1.1834609292252646e+18	3.9000000000000004
1.2239988060828413e+18	4.0
1.2568933665863532e+18	4.1000000000000005
1.304176013780112e+18	4.2
1.3370149841761892e+18	4.3
1.3783569629549747e+18	4.4
1.418463565586003e+18	4.5
1.4502009309865943e+18	4.6000000000000005
1.5012576096177713e+18	4.7
1.5102159029748495e+18	4.800000000000001
1.554291359531288e+18	4.9
1.5815292702388803e+18	5.0
1.6105371036696768e+18	5.1000000000000005
1.6349553247571387e+18	5.2
1.677014546813122e+18	5.300000000000001
1.6789773139825638e+18	5.4
1.6972871652400653e+18	5.5
1.7288703929062113e+18	5.6000000000000005
1.7658308364417236e+18	5.7
1.747566730733342e+18	5.800000000000001
1.75803229271105e+18	5.9
1.765733807217341e+18	6.0
1.7773568710010813e+18	6.1000000000000005
1.7719104984175273e+18	6.2
1.7911808114366316e+18	6.300000000000001
1.7684904791148746e+18	6.4
1.7751728552360458e+18	6.5
1.7709588357478787e+18	6.6000000000000005
1.7554608977353062e+18	6.7
1.7279478663051694e+18	6.800000000000001
1.723454799986593e+18	6.9
1.7061766295091482e+18	7.0
1.699853611442712e+18	7.1000000000000005
1.6455099234136522e+18	7.2
1.6589928355719268e+18	7.300000000000001
1.6054925711188564e+18	7.4
1.6047917119242532e+18	7.5
1.578073232611566e+18	7.6000000000000005
1.5388357591828378e+18	7.7
1.5088498700459538e+18	7.800000000000001
1.4779821026395791e+18	7.9
1.427372268890547e+18	8.0
1.3943177875439337e+18	8.1
1.3464217974121313e+18	8.200000000000001
1.3347931294971822e+18	8.3
1.2828084836595538e+18	8.4
1.24113371658539e+18	8.5
1.2058893136452157e+18	8.6
1.1686940559502615e+18	8.700000000000001
1.1170098814046907e+18	8.8
1.0873424300449222e+18	8.9
1.0494194659535103e+18	9.0
1.0008625385356932e+18	9.1
9.533070798288234e+17	9.200000000000001
9.275316676732844e+17	9.3
8.862083317326609e+17	9.4
8.454333943464943e+17	9.5
8.147911370808744e+17	9.600000000000001
7.683257552808955e+17	9.700000000000001
7.308402198216115e+17	9.8
6.951764978938383e+17	9.9
6.581789576745203e+17	10.0
6.259160069705897e+17	10.100000000000001
5.944964186232905e+17	10.200000000000001
5.6043815258863123e+17	10.3
5.3117663930107526e+17	10.4
5.020111186444909e+17	10.5
4.715134626162086e+17	10.600000000000001
4.432161720197848e+17	10.700000000000001
4.1561073892398746e+17	10.8
3.918715531804863e+17	10.9
3.656461647560796e+17	11.0
3.424255733655566e+17	11.100000000000001
3.201671083842988e+17	11.200000000000001
2.975797728719672e+17	11.3
2.786817802713126e+17	11.4
2.5710815190728742e+17	11.5
2.4028516713393485e+17	11.600000000000001
2.2077110033671613e+17	11.700000000000001
2.0501337482099174e+17	11.8
1.9076656551226426e+17	11.9
1.763367388906695e+17	12.0
1.6297640507580445e+17	12.100000000000001
1.5104826569916192e+17	12.200000000000001
1.3827692819965994e+17	12.3
1.2708059146704755e+17	12.4
1.1633377080904792e+17	12.5
1.0682161970148006e+17	12.600000000000001
9.804938197895194e+16	12.700000000000001
8.876212350803077e+16	12.8
8.122900720595187e+16	12.9
7.435475441024515e+16	13.0
6.7350525429965864e+16	13.100000000000001
6.183252268427808e+16	13.200000000000001
5.560969294032183e+16	13.3
5.035749201998695e+16	13.4
4.58021296214918e+16	13.5
4.143992476845343e+16	13.600000000000001
3.735939347530486e+16	13.700000000000001
3.375135930792044e+16	13.8
3.0446605572960364e+16	13.9
2.7531708672441004e+16	14.0
2.448208118306254e+16	14.100000000000001
2.2056966696959748e+16	14.200000000000001
1.980776892876772e+16	14.3
1.7729677690454694e+16	14.4
1.5641620429774596e+16	14.5
1.4032577758210854e+16	14.600000000000001
1.2452206827248492e+16	14.700000000000001
1.105628675157955e+16	14.8
9856744448201134.0	14.9
8699359801188415.0	15.0
7721288495777841.0	15.100000000000001
6788072880309369.0	15.200000000000001
6016949812675769.0	15.3
5303816303229065.0	15.4
4646967569323266.0	15.5
4092083833541887.0	15.600000000000001
3607772084127282.0	15.700000000000001
3151576384237226.5	15.8
2740554800891610.5	15.9
2401942926308437.5	16.0
2085160440910397.8	16.1
1812474910615640.0	16.2
1564248364379917.8	16.3
1345653181658338.5	16.400000000000002
1162060507492963.2	16.5
995006923679881.6	16.6
842008027482628.8	16.7
709748208361275.5	16.8
591920812644643.4	16.900000000000002
483328855827794.0	17.0
383141884370342.3	17.1
285307184224250.0	17.2
177165143004748.8	17.3
0.0	17.400000000000002
0.0	17.5
0.0	17.6
0.0	17.7
0.0	17.8
0.0	17.900000000000002
0.0	18.0
0.0	18.1
0.0	18.2
0.0	18.3
0.0	18.400000000000002
0.0	18.5
0.0	18.6
0.0	18.7
0.0	18.8
0.0	18.900000000000002
0.0	19.0
0.0	19.1
0.0	19.200000000000003
0.0	19.3
0.0	19.400000000000002
0.0	19.5
0.0	19.6
0.0	19.700000000000003
0.0	19.8
0.0	19.900000000000002
0.0	20.0
0.0	20.1
0.0	20.200000000000003
0.0	20.3
0.0	20.400000000000002
0.0	20.5
0.0	20.6
0.0	20.700000000000003
0.0	20.8
0.0	20.900000000000002
0.0	21.0
0.0	21.1
0.0	21.200000000000003
0.0	21.3
0.0	21.400000000000002
0.0	21.5
0.0	21.6
0.0	21.700000000000003
0.0	21.8
