a = 5491.48043942906 м
b = 7096.450124719379 м
x0 = 5449.859234576222 м
vr = 2113.1283235210167 м/с
A0 = 1.5002303219302198 м
Xmax = 5233.781006782287 м
sigmaX = 4753.362094520816 м
sigmaY = 4324.4784755976225 м
M0 = 1.8408633998734131e+19 Н*м - интегральное значение сейсмического момента
Mr_max = 8.509454117853917e+18 Н*м/с - максимальное значение функции источника
1-ый столбец - источника
2-ой столбец - время
0.0	0.0
4750351708356809.0	0.1
8.113801266470665e+17	0.2
1.555988186241466e+18	0.30000000000000004
2.314191551792688e+18	0.4
2.9825379420604027e+18	0.5
3.734840397344655e+18	0.6000000000000001
4.3658628208233185e+18	0.7000000000000001
5.038237835047491e+18	0.8
5.399581027283925e+18	0.9
6.135772321868642e+18	1.0
6.537775268989624e+18	1.1
6.952435724903658e+18	1.2000000000000002
7.23232183444703e+18	1.3
7.664181327390433e+18	1.4000000000000001
7.836183521025479e+18	1.5
8.220660296182623e+18	1.6
8.159126850541106e+18	1.7000000000000002
8.30554002647848e+18	1.8
8.425247853091969e+18	1.9000000000000001
8.509454117853917e+18	2.0
8.37106124223007e+18	2.1
8.307091886579293e+18	2.2
8.212227403958245e+18	2.3000000000000003
8.147367213358866e+18	2.4000000000000004
7.956266460303958e+18	2.5
7.736744024523351e+18	2.6
6.923813287458028e+18	2.7
5.021610269822769e+18	2.8000000000000003
3.948557206979198e+18	2.9000000000000004
3.1072083868309606e+18	3.0
2.4273325206735416e+18	3.1
1.8114940295828718e+18	3.2
1.2535897505427305e+18	3.3000000000000003
6.759069227751532e+17	3.4000000000000004
0.0	3.5
0.0	3.6
0.0	3.7
0.0	3.8000000000000003
0.0	3.9000000000000004
0.0	4.0
0.0	4.1000000000000005
0.0	4.2
0.0	4.3
0.0	4.4
0.0	4.5
0.0	4.6000000000000005
0.0	4.7
0.0	4.800000000000001
0.0	4.9
0.0	5.0
0.0	5.1000000000000005
