a = 10275.699131817322 м
b = 11805.409522871863 м
x0 = 4859.060727846047 м
vr = 2117.3743178540335 м/с
A0 = 1.7464699472103227 м
Xmax = 7757.578662542908 м
sigmaX = 4491.708116472721 м
sigmaY = 4908.509259298715 м
M0 = 3.77936757909816e+19 Н*м - интегральное значение сейсмического момента
Mr_max = 1.0564942691759272e+19 Н*м/с - максимальное значение функции источника
1-ый столбец - источника
2-ой столбец - время
0.0	0.0
4504895377427309.0	0.1
7.654717293541841e+17	0.2
1.4914185579779402e+18	0.30000000000000004
2.2553221132111135e+18	0.4
2.9911267923745e+18	0.5
3.671962178538537e+18	0.6000000000000001
4.3741049927935114e+18	0.7000000000000001
5.027354482743921e+18	0.8
5.671619703195169e+18	0.9
6.267409256481781e+18	1.0
6.821978834918335e+18	1.1
7.341169651145807e+18	1.2000000000000002
7.802372530155665e+18	1.3
8.265534311662969e+18	1.4000000000000001
8.681667099846654e+18	1.5
9.03479681734523e+18	1.6
9.452149652183294e+18	1.7000000000000002
9.746375568948787e+18	1.8
1.0031748198667467e+19	1.9000000000000001
1.0172577737312012e+19	2.0
1.034868272471154e+19	2.1
1.055722223867577e+19	2.2
1.0564942691759272e+19	2.3000000000000003
1.0494894869787052e+19	2.4000000000000004
1.006912068328441e+19	2.5
9.849801688241377e+18	2.6
9.695377856691276e+18	2.7
9.55553648555475e+18	2.8000000000000003
9.343868208121504e+18	2.9000000000000004
9.19883836926293e+18	3.0
8.920623896076687e+18	3.1
8.638596054083178e+18	3.2
8.384496913402621e+18	3.3000000000000003
8.142073380251776e+18	3.4000000000000004
7.857391772747296e+18	3.5
7.618886693188422e+18	3.6
7.405337643710529e+18	3.7
7.098581839173673e+18	3.8000000000000003
6.802736053480701e+18	3.9000000000000004
6.480616260871211e+18	4.0
6.149931126245753e+18	4.1000000000000005
5.820310578469306e+18	4.2
5.591322833930986e+18	4.3
5.219232814516874e+18	4.4
4.952370819645338e+18	4.5
4.724304790004586e+18	4.6000000000000005
4.4209304923335603e+18	4.7
4.119689473647779e+18	4.800000000000001
3.8695821411495854e+18	4.9
3.580586498049751e+18	5.0
3.300501263186488e+18	5.1000000000000005
3.078715202171194e+18	5.2
2.843802752300976e+18	5.300000000000001
2.6205905832963994e+18	5.4
2.401530063922057e+18	5.5
2.2131253587399652e+18	5.6000000000000005
2.0032882698051697e+18	5.7
1.8207763220672704e+18	5.800000000000001
1.6506620388527672e+18	5.9
1.486620484834122e+18	6.0
1.3330912301717998e+18	6.1000000000000005
1.1978083962454246e+18	6.2
1.0682864302653714e+18	6.300000000000001
9.469763134813196e+17	6.4
8.467273890744716e+17	6.5
7.34054565271765e+17	6.6000000000000005
6.392968773389684e+17	6.7
5.4999401566630394e+17	6.800000000000001
4.710933119554403e+17	6.9
3.9730829853536806e+17	7.0
3.3131997899912083e+17	7.1000000000000005
2.6664424534866323e+17	7.2
2.0369629212151994e+17	7.300000000000001
1.3986837625212667e+17	7.4
4.4426854608147576e+16	7.5
0.0	7.6000000000000005
0.0	7.7
0.0	7.800000000000001
0.0	7.9
0.0	8.0
0.0	8.1
0.0	8.200000000000001
0.0	8.3
0.0	8.4
0.0	8.5
0.0	8.6
0.0	8.700000000000001
0.0	8.8
0.0	8.9
0.0	9.0
0.0	9.1
0.0	9.200000000000001
0.0	9.3
0.0	9.4
0.0	9.5
0.0	9.600000000000001
0.0	9.700000000000001
0.0	9.8
