a = 17862.540900251977 м
b = 13682.982268719257 м
x0 = 3838.844966561321 м
vr = 1610.204759691108 м/с
A0 = 0.9856131539668385 м
Xmax = 14995.934616389037 м
sigmaX = 4860.782179133579 м
sigmaY = 4397.4349069770215 м
M0 = 2.2294810258157027e+19 Н*м - интегральное значение сейсмического момента
Mr_max = 3.1145009579575736e+18 Н*м/с - максимальное значение функции источника
1-ый столбец - источника
2-ой столбец - время
0.0	0.0
170949873862117.94	0.1
2.2261926807188572e+16	0.2
4.4167171055564296e+16	0.30000000000000004
6.675611006487503e+16	0.4
8.932889053537467e+16	0.5
1.1179732191299014e+17	0.6000000000000001
1.3445614149907026e+17	0.7000000000000001
1.595206095299985e+17	0.8
1.844473854836861e+17	0.9
2.1008278991000704e+17	1.0
2.3734399436002685e+17	1.1
2.643867162383931e+17	1.2000000000000002
2.9278655509206534e+17	1.3
3.212769327198872e+17	1.4000000000000001
3.490866700281952e+17	1.5
3.837714214700096e+17	1.6
4.190166112504631e+17	1.7000000000000002
4.510624182294766e+17	1.8
4.9018876935463584e+17	1.9000000000000001
5.266476577842396e+17	2.0
5.608150285046075e+17	2.1
6.077511729766188e+17	2.2
6.479356433979713e+17	2.3000000000000003
6.919924952729011e+17	2.4000000000000004
7.361936223256655e+17	2.5
7.770314611251857e+17	2.6
8.21550039754206e+17	2.7
8.77985607271697e+17	2.8000000000000003
9.192535430579788e+17	2.9000000000000004
9.773703588593626e+17	3.0
1.0303863450541921e+18	3.1
1.0861235876565606e+18	3.2
1.1419807973844287e+18	3.3000000000000003
1.1977959924461778e+18	3.4000000000000004
1.2549865657860308e+18	3.5
1.3203037139241457e+18	3.6
1.3787869662250765e+18	3.7
1.4509307037040945e+18	3.8000000000000003
1.5128836534652918e+18	3.9000000000000004
1.5669414061125883e+18	4.0
1.636712383205724e+18	4.1000000000000005
1.6791768348994168e+18	4.2
1.7629708458023657e+18	4.3
1.83846796689044e+18	4.4
1.8834423788785915e+18	4.5
1.964733741504553e+18	4.6000000000000005
2.0299523000126006e+18	4.7
2.0797230740833073e+18	4.800000000000001
2.152173439571439e+18	4.9
2.200872061581603e+18	5.0
2.2573042371355018e+18	5.1000000000000005
2.342495552264493e+18	5.2
2.377949902779283e+18	5.300000000000001
2.464365589579903e+18	5.4
2.5163767279300086e+18	5.5
2.5670471815277793e+18	5.6000000000000005
2.6310172124195164e+18	5.7
2.672855781170933e+18	5.800000000000001
2.713255940279471e+18	5.9
2.770369205080987e+18	6.0
2.807756936596168e+18	6.1000000000000005
2.855745247462384e+18	6.2
2.9105545960249743e+18	6.300000000000001
2.9143222113918566e+18	6.4
2.945653396513563e+18	6.5
2.979940628153686e+18	6.6000000000000005
3.0265052999201423e+18	6.7
3.039292829557066e+18	6.800000000000001
3.045148857777148e+18	6.9
3.0555065346277545e+18	7.0
3.092697792506821e+18	7.1000000000000005
3.1145009579575736e+18	7.2
3.096737057273038e+18	7.300000000000001
3.092946310702369e+18	7.4
3.090553304618837e+18	7.5
3.089637903236815e+18	7.6000000000000005
3.034499532664123e+18	7.7
3.032522062161047e+18	7.800000000000001
3.0145978352348897e+18	7.9
3.028849156389557e+18	8.0
3.0067239068819743e+18	8.1
2.9678391130677565e+18	8.200000000000001
2.918625055461525e+18	8.3
2.90402784847462e+18	8.4
2.882077454338544e+18	8.5
2.835297094156976e+18	8.6
2.7838210459845166e+18	8.700000000000001
2.723165953708363e+18	8.8
2.6990028856187203e+18	8.9
2.6301779026502236e+18	9.0
2.6054499956937016e+18	9.1
2.523491437874728e+18	9.200000000000001
2.4624070004344653e+18	9.3
2.420694015589124e+18	9.4
2.370809327059179e+18	9.5
2.2875724154542392e+18	9.600000000000001
2.2419661763155292e+18	9.700000000000001
2.1947488080345728e+18	9.8
2.124460845050391e+18	9.9
2.0652328988331692e+18	10.0
1.9939437134302438e+18	10.100000000000001
1.9469816321498506e+18	10.200000000000001
1.854331974715334e+18	10.3
1.8142650993882947e+18	10.4
1.7497796833986048e+18	10.5
1.669774741859023e+18	10.600000000000001
1.6137852563252634e+18	10.700000000000001
1.5633153926986327e+18	10.8
1.5043454568952714e+18	10.9
1.4439486234571704e+18	11.0
1.377844949625962e+18	11.100000000000001
1.325929196318743e+18	11.200000000000001
1.257987901543193e+18	11.3
1.2081380813289536e+18	11.4
1.1488621184595535e+18	11.5
1.0856816848030488e+18	11.600000000000001
1.0485978958275453e+18	11.700000000000001
9.923031526324984e+17	11.8
9.398673430038962e+17	11.9
8.961788370172365e+17	12.0
8.470203947235841e+17	12.100000000000001
7.985139603200974e+17	12.200000000000001
7.562547861799452e+17	12.3
7.103355444350346e+17	12.4
6.700729891690557e+17	12.5
6.354989379682817e+17	12.600000000000001
6.018108879127012e+17	12.700000000000001
5.6058133487313274e+17	12.8
5.24519508611817e+17	12.9
4.984640925178052e+17	13.0
4.642360904656548e+17	13.100000000000001
4.326366045539576e+17	13.200000000000001
4.046390234328289e+17	13.3
3.803098916407902e+17	13.4
3.5558479292260525e+17	13.5
3.3279636080087123e+17	13.600000000000001
3.065749643331339e+17	13.700000000000001
2.8446660729457453e+17	13.8
2.6498511888551517e+17	13.9
2.4566943877843786e+17	14.0
2.280904815587892e+17	14.100000000000001
2.1019924109225485e+17	14.200000000000001
1.9353868769964454e+17	14.3
1.7931167219624128e+17	14.4
1.6561623435984426e+17	14.5
1.52748181804075e+17	14.600000000000001
1.3919326726773125e+17	14.700000000000001
1.2904196373673293e+17	14.8
1.1867535797000558e+17	14.9
1.0895429059344274e+17	15.0
9.94183617031255e+16	15.100000000000001
9.084895542825451e+16	15.200000000000001
8.345220682887645e+16	15.3
7.548460069370912e+16	15.4
6.936215062425569e+16	15.5
6.263611638879561e+16	15.600000000000001
5.705004334968679e+16	15.700000000000001
5.186094919149165e+16	15.8
4.69768239514388e+16	15.9
4.2530277068307544e+16	16.0
3.838836957063709e+16	16.1
3.469767905339984e+16	16.2
3.1390566114527876e+16	16.3
2.8132444846548092e+16	16.400000000000002
2.5545140154997172e+16	16.5
2.293937747611296e+16	16.6
2.048090374109842e+16	16.7
1.827913534891124e+16	16.8
1.646990907206706e+16	16.900000000000002
1.4748728793756308e+16	17.0
1.3082152978520208e+16	17.1
1.1645887772294718e+16	17.2
1.0396959626282692e+16	17.3
9192234892107870.0	17.400000000000002
8170247676702913.0	17.5
7210192366572427.0	17.6
6406854835389258.0	17.7
5644400399726311.0	17.8
4967847522021235.0	17.900000000000002
4384858497224199.0	18.0
3831413994273039.0	18.1
3347713353438819.0	18.2
2916556861718307.0	18.3
2543625470959664.0	18.400000000000002
2202155098970845.5	18.5
1907943762351809.8	18.6
1635017505940901.0	18.7
1405379108915146.0	18.8
1197617675437571.0	18.900000000000002
1022372680398702.8	19.0
859245919606693.4	19.1
718065666855594.6	19.200000000000003
592175440087019.0	19.3
483249686068724.5	19.400000000000002
385405364563513.6	19.5
298489771733448.0	19.6
217316937019752.7	19.700000000000003
138385177888328.17	19.8
24897595402028.656	19.900000000000002
0.0	20.0
0.0	20.1
0.0	20.200000000000003
0.0	20.3
0.0	20.400000000000002
0.0	20.5
0.0	20.6
0.0	20.700000000000003
0.0	20.8
