a = 11652.909386043264 м
b = 14282.195117823216 м
x0 = 10222.509806118762 м
vr = 2105.948121720532 м/с
A0 = 1.3264211472442615 м
Xmax = 10922.529396576097 м
sigmaX = 4290.822218038672 м
sigmaY = 4954.492284523007 м
M0 = 2.9507076000267555e+19 Н*м - интегральное значение сейсмического момента
Mr_max = 8.510284462605188e+18 Н*м/с - максимальное значение функции источника
1-ый столбец - источника
2-ой столбец - время
0.0	0.0
4135060479007923.0	0.1
7.022531321597096e+17	0.2
1.383658815825148e+18	0.30000000000000004
2.0153366255527754e+18	0.4
2.708605565817622e+18	0.5
3.3514542512270945e+18	0.6000000000000001
3.924045316108653e+18	0.7000000000000001
4.500553806949572e+18	0.8
4.951820828901631e+18	0.9
5.57086219604949e+18	1.0
6.015116814384748e+18	1.1
6.484554566520727e+18	1.2000000000000002
6.916616648714246e+18	1.3
7.220808351772871e+18	1.4000000000000001
7.464904506649142e+18	1.5
7.761943743448351e+18	1.6
8.03110331941903e+18	1.7000000000000002
8.186903576335416e+18	1.8
8.342374237114274e+18	1.9000000000000001
8.34647305178871e+18	2.0
8.510284462605188e+18	2.1
8.505490382298083e+18	2.2
8.501376931894879e+18	2.3000000000000003
8.419548943691369e+18	2.4000000000000004
8.238072566093779e+18	2.5
8.166420530219436e+18	2.6
8.056464727851702e+18	2.7
7.883723799308024e+18	2.8000000000000003
7.697067291123304e+18	2.9000000000000004
7.434079066212386e+18	3.0
7.238355391400874e+18	3.1
6.964452494926083e+18	3.2
6.764737532770611e+18	3.3000000000000003
6.453833520980702e+18	3.4000000000000004
6.207708819482101e+18	3.5
5.880635532619022e+18	3.6
5.639176876881555e+18	3.7
5.361453428252204e+18	3.8000000000000003
5.041404916977862e+18	3.9000000000000004
4.764478434058746e+18	4.0
4.4661006969595663e+18	4.1000000000000005
4.22369965775119e+18	4.2
3.9351943172744986e+18	4.3
3.702141626722231e+18	4.4
3.400908657000002e+18	4.5
3.1907837140909804e+18	4.6000000000000005
2.977433769289104e+18	4.7
2.73378927123729e+18	4.800000000000001
2.523277916144415e+18	4.9
2.2446421811452024e+18	5.0
2.0177690212981453e+18	5.1000000000000005
1.8128189287450493e+18	5.2
1.6345402155526034e+18	5.300000000000001
1.4677982862693263e+18	5.4
1.3144861838876436e+18	5.5
1.181811269148919e+18	5.6000000000000005
1.0492969928742907e+18	5.7
9.465150375478394e+17	5.800000000000001
8.35512629976657e+17	5.9
7.410637369935676e+17	6.0
6.536078807232392e+17	6.1000000000000005
5.74393956462234e+17	6.2
5.047107694808391e+17	6.300000000000001
3.850528792290717e+17	6.4
3.067492030810661e+17	6.5
2.399632015604837e+17	6.6000000000000005
1.8390202200725904e+17	6.7
1.3109525169566594e+17	6.800000000000001
7.941066366106573e+16	6.9
0.0	7.0
0.0	7.1000000000000005
0.0	7.2
0.0	7.300000000000001
0.0	7.4
0.0	7.5
0.0	7.6000000000000005
0.0	7.7
0.0	7.800000000000001
0.0	7.9
0.0	8.0
0.0	8.1
0.0	8.200000000000001
0.0	8.3
0.0	8.4
0.0	8.5
0.0	8.6
0.0	8.700000000000001
0.0	8.8
0.0	8.9
0.0	9.0
0.0	9.1
0.0	9.200000000000001
0.0	9.3
0.0	9.4
0.0	9.5
0.0	9.600000000000001
0.0	9.700000000000001
