a = 9530.756146017444 м
b = 11757.341464747231 м
x0 = 3768.9061034610913 м
vr = 2197.2773311029705 м/с
A0 = 1.9995802331979444 м
Xmax = 9002.627286254437 м
sigmaX = 4521.18026309986 м
sigmaY = 4321.777893982131 м
M0 = 3.874446410423054e+19 Н*м - интегральное значение сейсмического момента
Mr_max = 9.30461983414978e+18 Н*м/с - максимальное значение функции источника
1-ый столбец - источника
2-ой столбец - время
0.0	0.0
3373267390396882.0	0.1
5.936886341487025e+17	0.2
1.1821961600915213e+18	0.30000000000000004
1.7428687987786255e+18	0.4
2.323942640261549e+18	0.5
2.880967537563357e+18	0.6000000000000001
3.405398860994525e+18	0.7000000000000001
3.969658899403469e+18	0.8
4.4873075983660493e+18	0.9
4.989071225006915e+18	1.0
5.4697298026708e+18	1.1
5.917633841340615e+18	1.2000000000000002
6.444984413522589e+18	1.3
6.797207782947619e+18	1.4000000000000001
7.175604575760586e+18	1.5
7.5703699708004e+18	1.6
7.913453728850818e+18	1.7000000000000002
8.247381377296091e+18	1.8
8.298654099685522e+18	1.9000000000000001
8.359769937877582e+18	2.0
8.582785939242655e+18	2.1
8.689422509966669e+18	2.2
8.858061950950246e+18	2.3000000000000003
8.999502134816504e+18	2.4000000000000004
9.047069087182181e+18	2.5
9.181406889448477e+18	2.6
9.211814016474047e+18	2.7
9.30461983414978e+18	2.8000000000000003
9.193015567709026e+18	2.9000000000000004
9.145235322791554e+18	3.0
9.168740821999888e+18	3.1
9.092980387374621e+18	3.2
9.025830275418751e+18	3.3000000000000003
8.881956126137732e+18	3.4000000000000004
8.785869839129324e+18	3.5
8.576559295667185e+18	3.6
8.345554677123371e+18	3.7
8.182588804937017e+18	3.8000000000000003
8.061903067970393e+18	3.9000000000000004
7.865121431559792e+18	4.0
7.494548883691138e+18	4.1000000000000005
7.300235647932676e+18	4.2
7.006667583978117e+18	4.3
6.735013548575695e+18	4.4
6.474799551910298e+18	4.5
6.207258265962101e+18	4.6000000000000005
5.910053488623869e+18	4.7
5.588161036376124e+18	4.800000000000001
5.330523023205265e+18	4.9
5.025220468593089e+18	5.0
4.684147095407069e+18	5.1000000000000005
4.429389324827624e+18	5.2
4.193399091907555e+18	5.300000000000001
3.903569422098186e+18	5.4
3.655655689560033e+18	5.5
3.379803912036633e+18	5.6000000000000005
3.1753212096793923e+18	5.7
2.924037027867853e+18	5.800000000000001
2.6952957555057536e+18	5.9
2.4947576053339407e+18	6.0
2.2781507342456986e+18	6.1000000000000005
2.092334432985629e+18	6.2
1.882528722156137e+18	6.300000000000001
1.7199514040522836e+18	6.4
1.5517471056128494e+18	6.5
1.3956978188687662e+18	6.6000000000000005
1.251206378561886e+18	6.7
1.0865522214864781e+18	6.800000000000001
9.227497918730024e+17	6.9
6.825636665833393e+17	7.0
0.0	7.1000000000000005
0.0	7.2
0.0	7.300000000000001
0.0	7.4
0.0	7.5
0.0	7.6000000000000005
0.0	7.7
0.0	7.800000000000001
0.0	7.9
0.0	8.0
0.0	8.1
0.0	8.200000000000001
0.0	8.3
0.0	8.4
0.0	8.5
0.0	8.6
0.0	8.700000000000001
0.0	8.8
0.0	8.9
0.0	9.0
0.0	9.1
0.0	9.200000000000001
0.0	9.3
0.0	9.4
0.0	9.5
0.0	9.600000000000001
0.0	9.700000000000001
0.0	9.8
0.0	9.9
