a = 11964.56056117296 м
b = 13562.24542279225 м
x0 = 3891.106315989615 м
vr = 1790.5982813468315 м/с
A0 = 0.9808601342401042 м
Xmax = 14350.265258804411 м
sigmaX = 4798.122330081694 м
sigmaY = 4914.102687280905 м
M0 = 2.2574078956217037e+19 Н*м - интегральное значение сейсмического момента
Mr_max = 3.6947639606058445e+18 Н*м/с - максимальное значение функции источника
1-ый столбец - источника
2-ой столбец - время
0.0	0.0
245268399206243.2	0.1
3.536065217398473e+16	0.2
7.040846499933572e+16	0.30000000000000004
1.061973864127226e+17	0.4
1.418926897784291e+17	0.5
1.7690720431803757e+17	0.6000000000000001
2.155039090247572e+17	0.7000000000000001
2.5310673868727853e+17	0.8
2.936186764545404e+17	0.9
3.340391039068505e+17	1.0
3.7555594668379936e+17	1.1
4.189046159887146e+17	1.2000000000000002
4.664898670373723e+17	1.3
5.152426573065304e+17	1.4000000000000001
5.620893385299762e+17	1.5
6.193439714794388e+17	1.6
6.720513953129738e+17	1.7000000000000002
7.266482769794822e+17	1.8
7.882964925969217e+17	1.9000000000000001
8.476774825060278e+17	2.0
9.050653388661498e+17	2.1
9.621096086020352e+17	2.2
1.0350653044208406e+18	2.3000000000000003
1.0912178836841088e+18	2.4000000000000004
1.1776335417031977e+18	2.5
1.2544366492714063e+18	2.6
1.3088280000667832e+18	2.7
1.3962775451954696e+18	2.8000000000000003
1.478252247899443e+18	2.9000000000000004
1.5607692009039112e+18	3.0
1.646530974337068e+18	3.1
1.7310492777650422e+18	3.2
1.8137275652203172e+18	3.3000000000000003
1.8961249674208453e+18	3.4000000000000004
1.9814090612035218e+18	3.5
2.0746887030610934e+18	3.6
2.1789296999880678e+18	3.7
2.2493193323431777e+18	3.8000000000000003
2.3253281480703677e+18	3.9000000000000004
2.4479404050567357e+18	4.0
2.5224723530884547e+18	4.1000000000000005
2.6226284256602127e+18	4.2
2.704319559765395e+18	4.3
2.760058922884649e+18	4.4
2.871867735223741e+18	4.5
2.9218727718179446e+18	4.6000000000000005
2.994737757379065e+18	4.7
3.094414527462207e+18	4.800000000000001
3.149317504012253e+18	4.9
3.21632291564308e+18	5.0
3.282230970711101e+18	5.1000000000000005
3.330098661857614e+18	5.2
3.4268083462885816e+18	5.300000000000001
3.465887751241251e+18	5.4
3.4930681799163965e+18	5.5
3.5723356444832154e+18	5.6000000000000005
3.57467842119303e+18	5.7
3.6414762465399557e+18	5.800000000000001
3.629923866938354e+18	5.9
3.6402581948137897e+18	6.0
3.6820393839473413e+18	6.1000000000000005
3.682144958900942e+18	6.2
3.671234993125037e+18	6.300000000000001
3.685510742584727e+18	6.4
3.6947639606058445e+18	6.5
3.6647851770012974e+18	6.6000000000000005
3.647974018877295e+18	6.7
3.6217258079569684e+18	6.800000000000001
3.571470778762713e+18	6.9
3.577171223797761e+18	7.0
3.525265329589663e+18	7.1000000000000005
3.465857730137114e+18	7.2
3.451107183130488e+18	7.300000000000001
3.402575287343972e+18	7.4
3.3358660769752755e+18	7.5
3.2717937942996116e+18	7.6000000000000005
3.188754036608622e+18	7.7
3.1320979507115633e+18	7.800000000000001
3.0740089583493453e+18	7.9
2.987152745869612e+18	8.0
2.9422063269306947e+18	8.1
2.8408682690472474e+18	8.200000000000001
2.7525389867301524e+18	8.3
2.6673822136993454e+18	8.4
2.590496784726333e+18	8.5
2.493034104145311e+18	8.6
2.4162493289183677e+18	8.700000000000001
2.328513354503872e+18	8.8
2.254554236071198e+18	8.9
2.1599648515371333e+18	9.0
2.0787272653629422e+18	9.1
1.9831533097243543e+18	9.200000000000001
1.9111329155209682e+18	9.3
1.818795351514189e+18	9.4
1.728451682386513e+18	9.5
1.660467460235456e+18	9.600000000000001
1.5614047755552722e+18	9.700000000000001
1.4936545824675325e+18	9.8
1.4090158819269166e+18	9.9
1.3261329908319782e+18	10.0
1.253974495099819e+18	10.100000000000001
1.1786190485096952e+18	10.200000000000001
1.1049281316729532e+18	10.3
1.0255733400876918e+18	10.4
9.512302891123483e+17	10.5
8.841093814426757e+17	10.600000000000001
8.07346401406739e+17	10.700000000000001
7.321963302098596e+17	10.8
6.516231052348332e+17	10.9
5.637027187586192e+17	11.0
4.6170714585252416e+17	11.100000000000001
3.266720137954419e+17	11.200000000000001
0.0	11.3
0.0	11.4
0.0	11.5
0.0	11.600000000000001
0.0	11.700000000000001
0.0	11.8
0.0	11.9
0.0	12.0
0.0	12.100000000000001
0.0	12.200000000000001
0.0	12.3
0.0	12.4
0.0	12.5
0.0	12.600000000000001
0.0	12.700000000000001
0.0	12.8
0.0	12.9
0.0	13.0
0.0	13.100000000000001
0.0	13.200000000000001
0.0	13.3
0.0	13.4
0.0	13.5
0.0	13.600000000000001
0.0	13.700000000000001
0.0	13.8
0.0	13.9
