a = 8184.680742714122 м
b = 5369.8620833379755 м
x0 = 7236.011184533304 м
vr = 1569.2390391157835 м/с
A0 = 1.194681908775679 м
Xmax = 5882.384114374074 м
sigmaX = 4337.896247240689 м
sigmaY = 4783.746242617635 м
M0 = 1.5791622402361688e+19 Н*м - интегральное значение сейсмического момента
Mr_max = 5.337111830074785e+18 Н*м/с - максимальное значение функции источника
1-ый столбец - источника
2-ой столбец - время
0.0	0.0
2677709846671331.5	0.1
3.398904930168304e+17	0.2
6.626282614542762e+17	0.30000000000000004
9.936112370084859e+17	0.4
1.310998155182367e+18	0.5
1.6287116566399327e+18	0.6000000000000001
1.9364149946480755e+18	0.7000000000000001
2.234055329853437e+18	0.8
2.498797332244805e+18	0.9
2.775172538288235e+18	1.0
3.022791873312497e+18	1.1
3.2906959622670423e+18	1.2000000000000002
3.551533376017513e+18	1.3
3.7867646387659295e+18	1.4000000000000001
3.956494836990034e+18	1.5
4.139918106666349e+18	1.6
4.341211652965914e+18	1.7000000000000002
4.4903361501056026e+18	1.8
4.64287508442531e+18	1.9000000000000001
4.787866096545375e+18	2.0
4.875919215901986e+18	2.1
5.016452763079126e+18	2.2
5.10391525190372e+18	2.3000000000000003
5.162220624591019e+18	2.4000000000000004
5.226241708897306e+18	2.5
5.276801569719431e+18	2.6
5.307043980529655e+18	2.7
5.321046120416679e+18	2.8000000000000003
5.337111830074785e+18	2.9000000000000004
5.324549701948476e+18	3.0
5.28008714556284e+18	3.1
5.23398062883935e+18	3.2
5.196087110564981e+18	3.3000000000000003
5.208582291355624e+18	3.4000000000000004
4.637499684412415e+18	3.5
3.840665026997716e+18	3.6
3.343277792558359e+18	3.7
2.909669893440249e+18	3.8000000000000003
2.573519222856193e+18	3.9000000000000004
2.2873564414395105e+18	4.0
2.0356244224629496e+18	4.1000000000000005
1.755256568077656e+18	4.2
1.5040045034072878e+18	4.3
1.2794730894790405e+18	4.4
1.0699381383940339e+18	4.5
8.391711269330554e+17	4.6000000000000005
5.120890912055048e+17	4.7
3.586586085501915e+17	4.800000000000001
3.087205021217536e+17	4.9
2.7424044285961997e+17	5.0
2.3842743535837232e+17	5.1000000000000005
2.046322852997962e+17	5.2
1.744391744889476e+17	5.300000000000001
1.455449129832951e+17	5.4
1.199801028122528e+17	5.5
9.69600158918099e+16	5.6000000000000005
7.390976792212645e+16	5.7
5.012452487459128e+16	5.800000000000001
1.955581916050209e+16	5.9
0.0	6.0
0.0	6.1000000000000005
0.0	6.2
0.0	6.300000000000001
0.0	6.4
0.0	6.5
0.0	6.6000000000000005
0.0	6.7
0.0	6.800000000000001
