a = 11548.078380674562 м
b = 13218.69928302712 м
x0 = 11493.827643381108 м
vr = 1551.0344394261344 м/с
A0 = 0.43743824897935396 м
Xmax = 14157.948944737456 м
sigmaX = 4812.313092599248 м
sigmaY = 4691.959687457756 м
M0 = 9.724021502744e+18 Н*м - интегральное значение сейсмического момента
Mr_max = 1.9545751712248118e+18 Н*м/с - максимальное значение функции источника
1-ый столбец - источника
2-ой столбец - время
0.0	0.0
873246831155728.5	0.1
1.1000106429983627e+17	0.2
2.161996860013317e+17	0.30000000000000004
3.2273326128613875e+17	0.4
4.2732268233680435e+17	0.5
5.2867279503706106e+17	0.6000000000000001
6.306360135080367e+17	0.7000000000000001
7.253063810009169e+17	0.8
8.116107349326705e+17	0.9
9.037397239583183e+17	1.0
1.0013090884722273e+18	1.1
1.0874092754228471e+18	1.2000000000000002
1.1824367852251868e+18	1.3
1.250331243505545e+18	1.4000000000000001
1.325022237815265e+18	1.5
1.396192651743125e+18	1.6
1.460037922759326e+18	1.7000000000000002
1.5257741851123443e+18	1.8
1.5830023592214244e+18	1.9000000000000001
1.6354844336682642e+18	2.0
1.684091475626218e+18	2.1
1.7290177641544276e+18	2.2
1.779475950431926e+18	2.3000000000000003
1.820237951908786e+18	2.4000000000000004
1.836763908361632e+18	2.5
1.8744837555860636e+18	2.6
1.9019904586676984e+18	2.7
1.9085214516530145e+18	2.8000000000000003
1.918319540415528e+18	2.9000000000000004
1.924646486722393e+18	3.0
1.934068560758444e+18	3.1
1.941605845889567e+18	3.2
1.9545751712248118e+18	3.3000000000000003
1.952870383414627e+18	3.4000000000000004
1.9391664524687424e+18	3.5
1.907719162480258e+18	3.6
1.9093557347293228e+18	3.7
1.8801626557040812e+18	3.8000000000000003
1.882685178644447e+18	3.9000000000000004
1.8448038358088374e+18	4.0
1.8025395364241032e+18	4.1000000000000005
1.791412277110082e+18	4.2
1.75421234987371e+18	4.3
1.716258385510622e+18	4.4
1.6853820823841764e+18	4.5
1.6464114661628713e+18	4.6000000000000005
1.6184831744639872e+18	4.7
1.5710833442911936e+18	4.800000000000001
1.521211176602105e+18	4.9
1.4900997640394447e+18	5.0
1.4411959392703547e+18	5.1000000000000005
1.3959222904048443e+18	5.2
1.3570723628906632e+18	5.300000000000001
1.3116752549523735e+18	5.4
1.2702284219470976e+18	5.5
1.230674162514039e+18	5.6000000000000005
1.176063654983416e+18	5.7
1.1379349530456389e+18	5.800000000000001
1.0955675306432342e+18	5.9
1.041163257261731e+18	6.0
1.0081375238383141e+18	6.1000000000000005
9.627445840978798e+17	6.2
9.176616031921147e+17	6.300000000000001
8.824859934705532e+17	6.4
8.374646315796639e+17	6.5
7.985679578737738e+17	6.6000000000000005
7.614067485327767e+17	6.7
7.170149331812433e+17	6.800000000000001
6.853748640058116e+17	6.9
6.546088037322362e+17	7.0
6.177425341206615e+17	7.1000000000000005
5.835121589848997e+17	7.2
5.516186847393265e+17	7.300000000000001
5.213978765526176e+17	7.4
4.907118195875562e+17	7.5
3.948760647260583e+17	7.6000000000000005
2.8363889147375418e+17	7.7
2.1867674416230365e+17	7.800000000000001
1.7285210967055952e+17	7.9
1.3671612527531675e+17	8.0
1.0748535562443352e+17	8.1
8.376340888684926e+16	8.200000000000001
6.315273281583031e+16	8.3
4.528399595571272e+16	8.4
2.9006769102788816e+16	8.5
1.1063230692665104e+16	8.6
0.0	8.700000000000001
0.0	8.8
0.0	8.9
0.0	9.0
0.0	9.1
0.0	9.200000000000001
0.0	9.3
0.0	9.4
0.0	9.5
0.0	9.600000000000001
0.0	9.700000000000001
0.0	9.8
0.0	9.9
0.0	10.0
0.0	10.100000000000001
0.0	10.200000000000001
0.0	10.3
0.0	10.4
0.0	10.5
0.0	10.600000000000001
