a = 15438.700088979294 м
b = 17995.377610080082 м
x0 = 5882.760747318056 м
vr = 1530.7438814827117 м/с
A0 = 2.1554647579909023 м
Xmax = 18369.134408014892 м
sigmaX = 4002.823560857495 м
sigmaY = 4326.911523384322 м
M0 = 3.814870611995327e+19 Н*м - интегральное значение сейсмического момента
Mr_max = 5.975498789119412e+18 Н*м/с - максимальное значение функции источника
1-ый столбец - источника
2-ой столбец - время
0.0	0.0
38222482582995.805	0.1
4758667608110192.0	0.2
9488861371622282.0	0.30000000000000004
1.4448342806453018e+16	0.4
1.964518786211948e+16	0.5
2.4887749243118684e+16	0.6000000000000001
3.1048178409485332e+16	0.7000000000000001
3.712920580138045e+16	0.8
4.397910249513196e+16	0.9
5.1539682575294424e+16	1.0
6.019104863205388e+16	1.1
6.928896153955527e+16	1.2000000000000002
7.837608756517554e+16	1.3
8.949785267030742e+16	1.4000000000000001
1.0225995694761067e+17	1.5
1.155762847063756e+17	1.6
1.3160082658960733e+17	1.7000000000000002
1.4766988904593475e+17	1.8
1.6683072846722538e+17	1.9000000000000001
1.8468194018021923e+17	2.0
2.0684250446724758e+17	2.1
2.300824450419841e+17	2.2
2.5293812542884624e+17	2.3000000000000003
2.8601740397831773e+17	2.4000000000000004
3.134811242323508e+17	2.5
3.4688505616419654e+17	2.6
3.8198346610524544e+17	2.7
4.2026146811724544e+17	2.8000000000000003
4.629173412043382e+17	2.9000000000000004
5.0657601334554944e+17	3.0
5.5218280161932794e+17	3.1
6.058570429417294e+17	3.2
6.554646366636328e+17	3.3000000000000003
7.164553685088721e+17	3.4000000000000004
7.862676094467346e+17	3.5
8.352698234654881e+17	3.6
9.111186547797505e+17	3.7
9.954900930635402e+17	3.8000000000000003
1.0754082833003167e+18	3.9000000000000004
1.1392279703297695e+18	4.0
1.223630600833504e+18	4.1000000000000005
1.3257729242674294e+18	4.2
1.4198706865828516e+18	4.3
1.5079411676529577e+18	4.4
1.6229761117846077e+18	4.5
1.7308633635594724e+18	4.6000000000000005
1.8255248224067973e+18	4.7
1.947832981051745e+18	4.800000000000001
2.0555026951520287e+18	4.9
2.1917154775906222e+18	5.0
2.3046817356921526e+18	5.1000000000000005
2.4240324799653545e+18	5.2
2.5794665375004984e+18	5.300000000000001
2.6969488331398057e+18	5.4
2.8524239184349696e+18	5.5
3.012270864062901e+18	5.6000000000000005
3.113223189029167e+18	5.7
3.2463953924872484e+18	5.800000000000001
3.422598594764863e+18	5.9
3.498741780635496e+18	6.0
3.690437612147687e+18	6.1000000000000005
3.7870903914105907e+18	6.2
3.9597352981069174e+18	6.300000000000001
4.102229797138453e+18	6.4
4.27727029942365e+18	6.5
4.350229593842021e+18	6.6000000000000005
4.500861555483545e+18	6.7
4.657937634853996e+18	6.800000000000001
4.751283450418442e+18	6.9
4.876811677376681e+18	7.0
4.979310285871622e+18	7.1000000000000005
5.12731779068259e+18	7.2
5.204503139895611e+18	7.300000000000001
5.332078091767786e+18	7.4
5.46191771354231e+18	7.5
5.546296201979798e+18	7.6000000000000005
5.585398309244782e+18	7.7
5.660059771055505e+18	7.800000000000001
5.698581879727088e+18	7.9
5.759397731578344e+18	8.0
5.895940945171669e+18	8.1
5.917468629040167e+18	8.200000000000001
5.884533622066568e+18	8.3
5.918865506957279e+18	8.4
5.947519001778372e+18	8.5
5.963249737534931e+18	8.6
5.947819574937074e+18	8.700000000000001
5.975498789119412e+18	8.8
5.88874992194199e+18	8.9
5.889129825281651e+18	9.0
5.836464758341754e+18	9.1
5.778529935978682e+18	9.200000000000001
5.74415186609701e+18	9.3
5.730513518823416e+18	9.4
5.580472831717973e+18	9.5
5.580367328380776e+18	9.600000000000001
5.44923602268741e+18	9.700000000000001
5.393434442104082e+18	9.8
5.237307945979563e+18	9.9
5.134923160679066e+18	10.0
5.017951919495315e+18	10.100000000000001
4.906672458442468e+18	10.200000000000001
4.81304477066031e+18	10.3
4.641780698385605e+18	10.4
4.564729709895409e+18	10.5
4.3993455519615355e+18	10.600000000000001
4.2856619830079206e+18	10.700000000000001
4.1746327457231206e+18	10.8
4.011412976123397e+18	10.9
3.8868352302748063e+18	11.0
3.7558733166717e+18	11.100000000000001
3.6027666733109233e+18	11.200000000000001
3.4791559076754427e+18	11.3
3.3123634915093473e+18	11.4
3.158677145700566e+18	11.5
3.0339841961402424e+18	11.600000000000001
2.900734136575908e+18	11.700000000000001
2.7600416513906867e+18	11.8
2.6341245930934523e+18	11.9
2.5022233188135726e+18	12.0
2.3746599088755123e+18	12.100000000000001
2.2635701481660797e+18	12.200000000000001
2.134435452683898e+18	12.3
2.0329250153354642e+18	12.4
1.9146755336222894e+18	12.5
1.784811185192274e+18	12.600000000000001
1.6796945953531e+18	12.700000000000001
1.5845218799678428e+18	12.8
1.4980375078119555e+18	12.9
1.4008224296757018e+18	13.0
1.3030859418909148e+18	13.100000000000001
1.2198279015574185e+18	13.200000000000001
1.143384477538743e+18	13.3
1.0618993290232646e+18	13.4
9.960501762149103e+17	13.5
9.211097414251697e+17	13.600000000000001
8.587838075486913e+17	13.700000000000001
7.906903518326907e+17	13.8
7.277855583291562e+17	13.9
6.731767373972233e+17	14.0
6.204679268229317e+17	14.100000000000001
5.704604559279556e+17	14.200000000000001
5.238388214627928e+17	14.3
4.829465679051101e+17	14.4
4.4101985974503776e+17	14.5
4.0400921919344083e+17	14.600000000000001
3.714204217939847e+17	14.700000000000001
3.384430009066476e+17	14.8
3.0563974716713696e+17	14.9
2.7868132606630954e+17	15.0
2.5291411507489133e+17	15.100000000000001
2.292234473717222e+17	15.200000000000001
2.0744680034483168e+17	15.3
1.865337668686471e+17	15.4
1.6852603221026608e+17	15.5
1.5131709525576077e+17	15.600000000000001
1.352380936200377e+17	15.700000000000001
1.2032145428417648e+17	15.8
1.0664458291061365e+17	15.9
9.32209139049662e+16	16.0
8.025465482324712e+16	16.1
6.695274099719108e+16	16.2
5.0923533454319976e+16	16.3
2.5652711162137364e+16	16.400000000000002
0.0	16.5
0.0	16.6
0.0	16.7
0.0	16.8
0.0	16.900000000000002
0.0	17.0
0.0	17.1
0.0	17.2
0.0	17.3
0.0	17.400000000000002
0.0	17.5
0.0	17.6
0.0	17.7
0.0	17.8
0.0	17.900000000000002
0.0	18.0
0.0	18.1
0.0	18.2
0.0	18.3
0.0	18.400000000000002
0.0	18.5
0.0	18.6
0.0	18.7
0.0	18.8
0.0	18.900000000000002
0.0	19.0
0.0	19.1
0.0	19.200000000000003
0.0	19.3
0.0	19.400000000000002
0.0	19.5
0.0	19.6
0.0	19.700000000000003
0.0	19.8
0.0	19.900000000000002
0.0	20.0
0.0	20.1
0.0	20.200000000000003
0.0	20.3
0.0	20.400000000000002
0.0	20.5
0.0	20.6
