a = 8725.283043688902 м
b = 7240.4531889571235 м
x0 = 522.2899158126584 м
vr = 2028.4172167436386 м/с
A0 = 1.4378939266510515 м
Xmax = 9059.639731675486 м
sigmaX = 4531.986060510846 м
sigmaY = 4879.601338275541 м
M0 = 2.4781025427653763e+19 Н*м - интегральное значение сейсмического момента
Mr_max = 5.359822628104033e+18 Н*м/с - максимальное значение функции источника
1-ый столбец - источника
2-ой столбец - время
0.0	0.0
742804630461861.8	0.1
1.219835490851103e+17	0.2
2.4144298817284403e+17	0.30000000000000004
3.152699212811604e+17	0.4
3.791134135356592e+17	0.5
4.5162180236505024e+17	0.6000000000000001
5.4602838112759974e+17	0.7000000000000001
6.331014480589819e+17	0.8
7.42332735727472e+17	0.9
8.4586585506174e+17	1.0
9.550105749964591e+17	1.1
1.0909552409513183e+18	1.2000000000000002
1.209006190035647e+18	1.3
1.3626698442049075e+18	1.4000000000000001
1.5072225381804864e+18	1.5
1.6263145953476083e+18	1.6
1.7840402965097318e+18	1.7000000000000002
1.956244931791764e+18	1.8
2.120037473466736e+18	1.9000000000000001
2.2768495966868562e+18	2.0
2.4084601698811366e+18	2.1
2.5939272012879375e+18	2.2
2.76426956945522e+18	2.3000000000000003
2.8749753944323323e+18	2.4000000000000004
3.1043920547749217e+18	2.5
3.317816213002878e+18	2.6
3.462134046240451e+18	2.7
3.627754961610006e+18	2.8000000000000003
3.8116479927315415e+18	2.9000000000000004
3.950395598039213e+18	3.0
4.095532052863184e+18	3.1
4.2009669828386314e+18	3.2
4.390436014822729e+18	3.3000000000000003
4.5012517475137137e+18	3.4000000000000004
4.6076835613349356e+18	3.5
4.820145706465288e+18	3.6
4.899902109327558e+18	3.7
4.916051125849084e+18	3.8000000000000003
5.028132184815837e+18	3.9000000000000004
5.205941810224129e+18	4.0
5.246828116405316e+18	4.1000000000000005
5.303986798031316e+18	4.2
5.296946599932585e+18	4.3
5.359822628104033e+18	4.4
5.318657076294074e+18	4.5
5.300165952428254e+18	4.6000000000000005
5.356267684072591e+18	4.7
5.338802460025119e+18	4.800000000000001
5.264116524601372e+18	4.9
5.263429684129544e+18	5.0
5.159765973917749e+18	5.1000000000000005
5.053421207978308e+18	5.2
5.048003028313379e+18	5.300000000000001
4.917722677276596e+18	5.4
4.790904416804238e+18	5.5
4.669644111008054e+18	5.6000000000000005
4.555502934859553e+18	5.7
4.409695194404371e+18	5.800000000000001
4.264866464600008e+18	5.9
4.1087088825687757e+18	6.0
3.9502575471569925e+18	6.1000000000000005
3.808763276895278e+18	6.2
3.647122972656236e+18	6.300000000000001
3.478172642090741e+18	6.4
3.307425525158089e+18	6.5
3.1212227910161193e+18	6.6000000000000005
2.925685075599567e+18	6.7
2.7547728632698276e+18	6.800000000000001
2.5578024498464855e+18	6.9
2.4042670054856617e+18	7.0
2.241308470784924e+18	7.1000000000000005
2.0756035904220762e+18	7.2
1.8948951458567235e+18	7.300000000000001
1.7516448851651543e+18	7.4
1.581247949146321e+18	7.5
1.4219850867737695e+18	7.6000000000000005
1.281143117746175e+18	7.7
1.1266821649826943e+18	7.800000000000001
9.813479135564228e+17	7.9
8.407075729171135e+17	8.0
7.017681784387022e+17	8.1
5.5798733695922643e+17	8.200000000000001
4.080270424663423e+17	8.3
2.1548457766345837e+17	8.4
0.0	8.5
0.0	8.6
0.0	8.700000000000001
0.0	8.8
0.0	8.9
0.0	9.0
0.0	9.1
0.0	9.200000000000001
0.0	9.3
