a = 11081.620726488523 м
b = 13265.478752304036 м
x0 = 7209.964253498022 м
vr = 1576.6045032571644 м/с
A0 = 1.6974200987867858 м
Xmax = 11190.37921422865 м
sigmaX = 4957.834889922194 м
sigmaY = 4299.671519366621 м
M0 = 3.7065136585629606e+19 Н*м - интегральное значение сейсмического момента
Mr_max = 7.015185330878661e+18 Н*м/с - максимальное значение функции источника
1-ый столбец - источника
2-ой столбец - время
0.0	0.0
2908295126788677.0	0.1
3.6941520396966054e+17	0.2
7.236353727676832e+17	0.30000000000000004
1.0925844355399995e+18	0.4
1.4481307609254198e+18	0.5
1.8052114927679665e+18	0.6000000000000001
2.1178866258302554e+18	0.7000000000000001
2.4713709344511713e+18	0.8
2.7917723628241915e+18	0.9
3.095382346620887e+18	1.0
3.3860731753510646e+18	1.1
3.758228442740488e+18	1.2000000000000002
4.0319323368211057e+18	1.3
4.2838315285544883e+18	1.4000000000000001
4.5287135619480535e+18	1.5
4.808856215721615e+18	1.6
5.014428561606477e+18	1.7000000000000002
5.255414545219716e+18	1.8
5.489444461759671e+18	1.9000000000000001
5.691453768885158e+18	2.0
5.814225850790172e+18	2.1
6.098049333931228e+18	2.2
6.12725638733287e+18	2.3000000000000003
6.350766133857875e+18	2.4000000000000004
6.443426419337703e+18	2.5
6.60716132102848e+18	2.6
6.648501208895608e+18	2.7
6.762425461736176e+18	2.8000000000000003
6.796607925410788e+18	2.9000000000000004
6.869132821708983e+18	3.0
6.91840510025804e+18	3.1
6.919699039591006e+18	3.2
6.907010062608732e+18	3.3000000000000003
7.015185330878661e+18	3.4000000000000004
6.894459112518833e+18	3.5
6.959149468551521e+18	3.6
6.886350963584358e+18	3.7
6.877622783325779e+18	3.8000000000000003
6.790571382695224e+18	3.9000000000000004
6.729092935079474e+18	4.0
6.680271763633811e+18	4.1000000000000005
6.602209870311797e+18	4.2
6.506148756852239e+18	4.3
6.423487843648082e+18	4.4
6.288153780531393e+18	4.5
6.173245968716553e+18	4.6000000000000005
5.960931684504305e+18	4.7
5.80717019867858e+18	4.800000000000001
5.639859129184151e+18	4.9
5.385097761369373e+18	5.0
5.315513904650726e+18	5.1000000000000005
5.14442272881958e+18	5.2
5.021052183017695e+18	5.300000000000001
4.828757135888638e+18	5.4
4.706433428764511e+18	5.5
4.531268182049142e+18	5.6000000000000005
4.369360559709386e+18	5.7
4.2832960568138056e+18	5.800000000000001
4.106730428357178e+18	5.9
3.9540348003315026e+18	6.0
3.81431199514918e+18	6.1000000000000005
3.656308053841619e+18	6.2
3.533748705465949e+18	6.300000000000001
3.4138423073484867e+18	6.4
3.257336011532917e+18	6.5
3.13046840281781e+18	6.6000000000000005
2.996897413809096e+18	6.7
2.897541857067031e+18	6.800000000000001
2.739521953643255e+18	6.9
2.598848562166343e+18	7.0
2.519496665788454e+18	7.1000000000000005
2.3800527498113807e+18	7.2
2.2848778883532255e+18	7.300000000000001
2.1534914834783788e+18	7.4
2.0483694213962583e+18	7.5
1.9654088520054218e+18	7.6000000000000005
1.8423577333507607e+18	7.7
1.7684665168516705e+18	7.800000000000001
1.6664397895559918e+18	7.9
1.5792427881664466e+18	8.0
1.4886888294539912e+18	8.1
1.407573605881521e+18	8.200000000000001
1.322444159827041e+18	8.3
1.2341473383580357e+18	8.4
1.1697378731068262e+18	8.5
1.0926636281194412e+18	8.6
1.0245732675116668e+18	8.700000000000001
9.629131499074582e+17	8.8
9.000893359026648e+17	8.9
8.411678783416882e+17	9.0
7.844611349774661e+17	9.1
7.288038656930536e+17	9.200000000000001
6.729899501296269e+17	9.3
6.211453980114333e+17	9.4
5.691269176912001e+17	9.5
2.745907333976404e+17	9.600000000000001
0.0	9.700000000000001
0.0	9.8
0.0	9.9
0.0	10.0
0.0	10.100000000000001
0.0	10.200000000000001
0.0	10.3
0.0	10.4
0.0	10.5
0.0	10.600000000000001
0.0	10.700000000000001
0.0	10.8
0.0	10.9
0.0	11.0
0.0	11.100000000000001
0.0	11.200000000000001
0.0	11.3
0.0	11.4
0.0	11.5
0.0	11.600000000000001
0.0	11.700000000000001
0.0	11.8
0.0	11.9
0.0	12.0
0.0	12.100000000000001
0.0	12.200000000000001
0.0	12.3
0.0	12.4
0.0	12.5
0.0	12.600000000000001
0.0	12.700000000000001
0.0	12.8
0.0	12.9
0.0	13.0
0.0	13.100000000000001
0.0	13.200000000000001
