a = 6598.774316385635 м
b = 6949.45627239961 м
x0 = 2649.4682780353437 м
vr = 2141.0149737322827 м/с
A0 = 1.9714957511822881 м
Xmax = 6941.891030924257 м
sigmaX = 4965.268822495478 м
sigmaY = 4712.952316382318 м
M0 = 3.0088494029746598e+19 Н*м - интегральное значение сейсмического момента
Mr_max = 8.508063728251133e+18 Н*м/с - максимальное значение функции источника
1-ый столбец - источника
2-ой столбец - время
0.0	0.0
4357764320744402.5	0.1
7.406543586244357e+17	0.2
1.4740448359023544e+18	0.30000000000000004
2.198048578456237e+18	0.4
2.897816121124732e+18	0.5
3.601062869098382e+18	0.6000000000000001
4.247173250258627e+18	0.7000000000000001
4.846143177994376e+18	0.8
5.48641614751708e+18	0.9
6.121185025073217e+18	1.0
6.712103081243488e+18	1.1
7.094361970576762e+18	1.2000000000000002
7.743211297372312e+18	1.3
7.510004361587857e+18	1.4000000000000001
7.608586316419625e+18	1.5
7.719501073729891e+18	1.6
7.874630837555076e+18	1.7000000000000002
8.101902956534452e+18	1.8
7.983412964230527e+18	1.9000000000000001
8.160002614303109e+18	2.0
8.356035578690422e+18	2.1
8.40746019336755e+18	2.2
8.425304825834012e+18	2.3000000000000003
8.463781700582186e+18	2.4000000000000004
8.508063728251133e+18	2.5
8.473261767619353e+18	2.6
8.486710291356308e+18	2.7
8.33301300319132e+18	2.8000000000000003
8.30927488959199e+18	2.9000000000000004
8.234547053809393e+18	3.0
8.14520348770174e+18	3.1
7.874239044741338e+18	3.2
7.797694663612852e+18	3.3000000000000003
7.61594691642304e+18	3.4000000000000004
7.350818142189839e+18	3.5
7.063880166917065e+18	3.6
6.868001241955101e+18	3.7
6.547890258786853e+18	3.8000000000000003
6.234935334121714e+18	3.9000000000000004
5.967715791378133e+18	4.0
5.577775811794704e+18	4.1000000000000005
5.314709378195026e+18	4.2
4.942326142708844e+18	4.3
4.544269609957511e+18	4.4
4.1741006512717425e+18	4.5
3.743884468745136e+18	4.6000000000000005
3.2657807622246103e+18	4.7
2.715881461979455e+18	4.800000000000001
2.0492592031990574e+18	4.9
9.68555125345209e+17	5.0
0.0	5.1000000000000005
0.0	5.2
0.0	5.300000000000001
0.0	5.4
0.0	5.5
0.0	5.6000000000000005
0.0	5.7
0.0	5.800000000000001
0.0	5.9
0.0	6.0
0.0	6.1000000000000005
0.0	6.2
