a = 14724.919092713622 м
b = 9763.551297712867 м
x0 = 2318.055863039314 м
vr = 2104.929401017977 м/с
A0 = 0.9056584517547934 м
Xmax = 16376.431416215308 м
sigmaX = 4394.816715794025 м
sigmaY = 4935.649301945264 м
M0 = 1.8697678313014678e+19 Н*м - интегральное значение сейсмического момента
Mr_max = 3.7531508616798484e+18 Н*м/с - максимальное значение функции источника
1-ый столбец - источника
2-ой столбец - время
0.0	0.0
17175636296402.783	0.1
2937265491435581.5	0.2
5901787444352226.0	0.30000000000000004
9029832509370608.0	0.4
1.2470469594154184e+16	0.5
1.6169031565872028e+16	0.6000000000000001
2.0194987389466044e+16	0.7000000000000001
2.4796970815095508e+16	0.8
3.02335141358794e+16	0.9
3.596459464775067e+16	1.0
4.273584868911914e+16	1.1
5.0936389187409144e+16	1.2000000000000002
5.849300551376831e+16	1.3
6.8064199416282584e+16	1.4000000000000001
7.994243252379899e+16	1.5
9.190231212765864e+16	1.6
1.0619494907304358e+17	1.7000000000000002
1.2190750419551315e+17	1.8
1.3897978478658341e+17	1.9000000000000001
1.5996861904629955e+17	2.0
1.814980535521088e+17	2.1
2.0629951892392787e+17	2.2
2.3387267161453808e+17	2.3000000000000003
2.638215970949103e+17	2.4000000000000004
2.980518485394241e+17	2.5
3.325846457942029e+17	2.6
3.7305154901298746e+17	2.7
4.1324100054902694e+17	2.8000000000000003
4.5920578867878355e+17	2.9000000000000004
5.04360889307382e+17	3.0
5.692019266366494e+17	3.1
6.248473126959827e+17	3.2
6.874907076786821e+17	3.3000000000000003
7.506947821096173e+17	3.4000000000000004
8.162495065657827e+17	3.5
8.933248270976913e+17	3.6
9.716201070445288e+17	3.7
1.0558888501264726e+18	3.8000000000000003
1.14453777174084e+18	3.9000000000000004
1.2357879434444083e+18	4.0
1.3359670333593498e+18	4.1000000000000005
1.4163599437858913e+18	4.2
1.52305462378911e+18	4.3
1.614133673670937e+18	4.4
1.7272696837139067e+18	4.5
1.8402318551837714e+18	4.6000000000000005
1.9514530788864492e+18	4.7
2.0631847360841326e+18	4.800000000000001
2.1779884304448282e+18	4.9
2.2963119106109993e+18	5.0
2.384320788150507e+18	5.1000000000000005
2.503765341744697e+18	5.2
2.639006910806974e+18	5.300000000000001
2.723757375443349e+18	5.4
2.868413497626111e+18	5.5
2.9578715532268273e+18	5.6000000000000005
3.0558165516983665e+18	5.7
3.1227572785679396e+18	5.800000000000001
3.2265344989871406e+18	5.9
3.301570258340329e+18	6.0
3.383989344009234e+18	6.1000000000000005
3.477811579400427e+18	6.2
3.533375580263781e+18	6.300000000000001
3.590649415511782e+18	6.4
3.5961679691986355e+18	6.5
3.6664265120311076e+18	6.6000000000000005
3.706743809912003e+18	6.7
3.704510244857483e+18	6.800000000000001
3.751279526720177e+18	6.9
3.7531508616798484e+18	7.0
3.749766799158192e+18	7.1000000000000005
3.7413836012607616e+18	7.2
3.679000121155675e+18	7.300000000000001
3.6535734526005975e+18	7.4
3.635741748884825e+18	7.5
3.620919481804264e+18	7.6000000000000005
3.528174598380375e+18	7.7
3.459646312002918e+18	7.800000000000001
3.404422520003761e+18	7.9
3.312480797622748e+18	8.0
3.2207708589310925e+18	8.1
3.122871261884347e+18	8.200000000000001
3.0420751421937004e+18	8.3
2.9290749219962767e+18	8.4
2.860946885867513e+18	8.5
2.7177298595832274e+18	8.6
2.603832412495983e+18	8.700000000000001
2.5109090495681034e+18	8.8
2.3827816569584645e+18	8.9
2.263431751319519e+18	9.0
2.1591176816534492e+18	9.1
2.0643158410060403e+18	9.200000000000001
1.9388464491958239e+18	9.3
1.8395409385922058e+18	9.4
1.7258100884517678e+18	9.5
1.6014548273745352e+18	9.600000000000001
1.4989654562499645e+18	9.700000000000001
1.3957314194212227e+18	9.8
1.2986826151981082e+18	9.9
1.210691349964344e+18	10.0
1.1205671563650984e+18	10.100000000000001
1.0307056747333833e+18	10.200000000000001
9.427569849799693e+17	10.3
8.616189517851469e+17	10.4
7.813436892268146e+17	10.5
7.153326138175263e+17	10.600000000000001
6.523931406339884e+17	10.700000000000001
5.898203586045156e+17	10.8
5.312463881379525e+17	10.9
4.7651782521662176e+17	11.0
4.283653023731442e+17	11.100000000000001
3.822415026516439e+17	11.200000000000001
3.390157806224872e+17	11.3
2.9857267508815245e+17	11.4
2.6457509696848035e+17	11.5
2.32413514518092e+17	11.600000000000001
2.020213263969353e+17	11.700000000000001
1.7647717959458538e+17	11.8
1.5156482611918704e+17	11.9
1.3027037367139728e+17	12.0
1.10917342445291e+17	12.100000000000001
9.366224288993296e+16	12.200000000000001
7.834824199694877e+16	12.3
6.464284982394077e+16	12.4
5.2528058086947816e+16	12.5
4.145004616433194e+16	12.600000000000001
3.174660148614157e+16	12.700000000000001
2.2778799452515908e+16	12.8
1.3852845812547768e+16	12.9
0.0	13.0
0.0	13.100000000000001
0.0	13.200000000000001
0.0	13.3
0.0	13.4
0.0	13.5
0.0	13.600000000000001
0.0	13.700000000000001
0.0	13.8
