a = 4736.305120388573 м
b = 3633.642592533941 м
x0 = 798.7369772985477 м
vr = 1695.966093861643 м/с
A0 = 0.9231147027544371 м
Xmax = 5891.935301648445 м
sigmaX = 4020.482990674443 м
sigmaY = 4510.771357083463 м
M0 = 6.304913408021834e+18 Н*м - интегральное значение сейсмического момента
Mr_max = 1.8303197540773916e+18 Н*м/с - максимальное значение функции источника
1-ый столбец - источника
2-ой столбец - время
0.0	0.0
1053066902111032.6	0.1
1.4120646742833173e+17	0.2
2.845548907945148e+17	0.30000000000000004
4.221605578115093e+17	0.4
5.606669277550675e+17	0.5
6.232022301965537e+17	0.6000000000000001
6.718798415579937e+17	0.7000000000000001
7.322356260832155e+17	0.8
8.065356606621711e+17	0.9
8.810019571896447e+17	1.0
9.573199118141053e+17	1.1
1.0253096253317578e+18	1.2000000000000002
1.1044993638183532e+18	1.3
1.1722292978064387e+18	1.4000000000000001
1.2516269189996224e+18	1.5
1.3125526252508045e+18	1.6
1.372764299218828e+18	1.7000000000000002
1.4327423636009152e+18	1.8
1.4882984694409572e+18	1.9000000000000001
1.5729930768157181e+18	2.0
1.6130640578493558e+18	2.1
1.638411427803846e+18	2.2
1.683086502448299e+18	2.3000000000000003
1.7096823531933962e+18	2.4000000000000004
1.7463511494182994e+18	2.5
1.7813356909909686e+18	2.6
1.7917339809200282e+18	2.7
1.7937948105094548e+18	2.8000000000000003
1.8129249344091082e+18	2.9000000000000004
1.8303197540773916e+18	3.0
1.7928599788822285e+18	3.1
1.7968886472775025e+18	3.2
1.796232791281145e+18	3.3000000000000003
1.7561966496129815e+18	3.4000000000000004
1.7274756950451686e+18	3.5
1.6800197196268567e+18	3.6
1.665332259933299e+18	3.7
1.6039904624730445e+18	3.8000000000000003
1.5451918422203922e+18	3.9000000000000004
1.4949722497282378e+18	4.0
1.4263520860548867e+18	4.1000000000000005
1.343687814881004e+18	4.2
1.2835064574681265e+18	4.3
1.1914749666164398e+18	4.4
1.1120541785389088e+18	4.5
1.0160070469721802e+18	4.6000000000000005
9.302277608557802e+17	4.7
8.217876357316507e+17	4.800000000000001
7.058889356378962e+17	4.9
5.774455975308586e+17	5.0
4.137690824614563e+17	5.1000000000000005
1.522343812895407e+17	5.2
0.0	5.300000000000001
0.0	5.4
0.0	5.5
0.0	5.6000000000000005
0.0	5.7
0.0	5.800000000000001
0.0	5.9
0.0	6.0
0.0	6.1000000000000005
