a = 14095.919963812566 м
b = 10383.203613818783 м
x0 = 1642.8848372622265 м
vr = 1517.4993022156227 м/с
A0 = 1.2526703034512072 м
Xmax = 17978.053752944776 м
sigmaX = 4426.8238699050235 м
sigmaY = 4147.357917988619 м
M0 = 2.18559563068324e+19 Н*м - интегральное значение сейсмического момента
Mr_max = 3.134671535510283e+18 Н*м/с - максимальное значение функции источника
1-ый столбец - источника
2-ой столбец - время
0.0	0.0
3155406374697.8267	0.1
383774069349823.5	0.2
775299026255267.1	0.30000000000000004
1182446078768636.5	0.4
1612034505349973.5	0.5
2073121724464415.8	0.6000000000000001
2566250935720688.5	0.7000000000000001
3112485963550070.0	0.8
3727672473986079.5	0.9
4392036705368513.5	1.0
5148911429887920.0	1.1
5922791351355298.0	1.2000000000000002
6759047442527675.0	1.3
7716240249326919.0	1.4000000000000001
8828387494264940.0	1.5
1.0132297237946798e+16	1.6
1.1501033131844934e+16	1.7000000000000002
1.3124543709587376e+16	1.8
1.490102557142015e+16	1.9000000000000001
1.697565528115057e+16	2.0
1.9073033320240256e+16	2.1
2.1600385123700692e+16	2.2
2.439774578680027e+16	2.3000000000000003
2.723576158349696e+16	2.4000000000000004
3.053762097298586e+16	2.5
3.4517081457834092e+16	2.6
3.8567012994367304e+16	2.7
4.321334879305598e+16	2.8000000000000003
4.7851207867149736e+16	2.9000000000000004
5.344800307773663e+16	3.0
5.916951596933814e+16	3.1
6.588459700090216e+16	3.2
7.256784189673043e+16	3.3000000000000003
8.06371846075426e+16	3.4000000000000004
8.833190612944384e+16	3.5
9.797381553781254e+16	3.6
1.078347215287581e+17	3.7
1.1807586987269275e+17	3.8000000000000003
1.2879776231743061e+17	3.9000000000000004
1.4220466796239909e+17	4.0
1.5440984392937203e+17	4.1000000000000005
1.6934196177457072e+17	4.2
1.826740308797983e+17	4.3
2.0000431472017114e+17	4.4
2.163920795191715e+17	4.5
2.351504702283677e+17	4.6000000000000005
2.5769080772389658e+17	4.7
2.7946254255287898e+17	4.800000000000001
3.021873689104037e+17	4.9
3.253542374103206e+17	5.0
3.487006277694228e+17	5.1000000000000005
3.7542042920988384e+17	5.2
4.055639486833203e+17	5.300000000000001
4.348040771413339e+17	5.4
4.6607933531294304e+17	5.5
5.0011056954021914e+17	5.6000000000000005
5.313627556751639e+17	5.7
5.689386007602873e+17	5.800000000000001
6.081141659508563e+17	5.9
6.471415293757496e+17	6.0
6.883888105174701e+17	6.1000000000000005
7.301115991603421e+17	6.2
7.840573412495382e+17	6.300000000000001
8.197963367885638e+17	6.4
8.716987763303241e+17	6.5
9.219463433468122e+17	6.6000000000000005
9.64812027280956e+17	6.7
1.0228195419800337e+18	6.800000000000001
1.076209783984952e+18	6.9
1.1447018942287e+18	7.0
1.2037337282106916e+18	7.1000000000000005
1.253959330788098e+18	7.2
1.3155119358899886e+18	7.300000000000001
1.3722260568639524e+18	7.4
1.442374213927877e+18	7.5
1.501558630332006e+18	7.6000000000000005
1.5742068894014057e+18	7.7
1.6448701983703124e+18	7.800000000000001
1.6901029276786112e+18	7.9
1.7680743951688302e+18	8.0
1.8415643708890122e+18	8.1
1.9007390014440136e+18	8.200000000000001
1.9739786683635635e+18	8.3
2.032007481540345e+18	8.4
2.1055651538809444e+18	8.5
2.1678064513493504e+18	8.6
2.240870219020883e+18	8.700000000000001
2.2852692061161958e+18	8.8
2.3596860616774246e+18	8.9
2.406807418970317e+18	9.0
2.4673359707234565e+18	9.1
2.54200452492329e+18	9.200000000000001
2.60434709766246e+18	9.3
2.6561969410180623e+18	9.4
2.6981868665787986e+18	9.5
2.7621130213320305e+18	9.600000000000001
2.7958213633531853e+18	9.700000000000001
2.8530053492702433e+18	9.8
2.874080537077124e+18	9.9
2.9396525104517673e+18	10.0
2.9548233515025024e+18	10.100000000000001
2.9887801288515103e+18	10.200000000000001
2.9771101908683126e+18	10.3
3.040995223177804e+18	10.4
3.046038204773355e+18	10.5
3.0950179368340337e+18	10.600000000000001
3.099560346837497e+18	10.700000000000001
3.119415666097589e+18	10.8
3.134671535510283e+18	10.9
3.1062269327609477e+18	11.0
3.1201573564617226e+18	11.100000000000001
3.131005272970853e+18	11.200000000000001
3.11214472723685e+18	11.3
3.1225998320860943e+18	11.4
3.093327302295124e+18	11.5
3.101135679142239e+18	11.600000000000001
3.063727335812682e+18	11.700000000000001
3.0250481589045637e+18	11.8
2.996892782537372e+18	11.9
2.954125723710059e+18	12.0
2.9398170130640927e+18	12.100000000000001
2.891901409767383e+18	12.200000000000001
2.845271981994204e+18	12.3
2.8106225079604844e+18	12.4
2.7512479975844634e+18	12.5
2.70286002127913e+18	12.600000000000001
2.6429349880853115e+18	12.700000000000001
2.600124515651174e+18	12.8
2.557914676820197e+18	12.9
2.489258757468693e+18	13.0
2.428477624962508e+18	13.100000000000001
2.352084601433511e+18	13.200000000000001
2.3155417389125714e+18	13.3
2.231596939602367e+18	13.4
2.1426562464972544e+18	13.5
2.0971512007774026e+18	13.600000000000001
2.0365830866874598e+18	13.700000000000001
1.9682110867405757e+18	13.8
1.8935832915043674e+18	13.9
1.8246094182573878e+18	14.0
1.762137678067443e+18	14.100000000000001
1.683422835479799e+18	14.200000000000001
1.6152614754062792e+18	14.3
1.5449884602741896e+18	14.4
1.4791198656320983e+18	14.5
1.4167684003403564e+18	14.600000000000001
1.360618212172078e+18	14.700000000000001
1.3017097643619308e+18	14.8
1.2207235796406932e+18	14.9
1.166817549217108e+18	15.0
1.1035111241677864e+18	15.100000000000001
1.0461717115767286e+18	15.200000000000001
9.850840622880613e+17	15.3
9.308402664180073e+17	15.4
8.768489324818666e+17	15.5
8.157933724820279e+17	15.600000000000001
7.696708601863045e+17	15.700000000000001
7.207674603604069e+17	15.8
6.707225357999046e+17	15.9
6.238094029169126e+17	16.0
5.781011576148591e+17	16.1
5.347533031642251e+17	16.2
4.948931671117574e+17	16.3
4.5247204794368256e+17	16.400000000000002
4.133470755576295e+17	16.5
3.774684463620071e+17	16.6
3.4120321231613414e+17	16.7
3.055468952448008e+17	16.8
2.742182304733768e+17	16.900000000000002
2.3958546387233603e+17	17.0
2.085976533488853e+17	17.1
1.7706073833370938e+17	17.2
1.4538600845748035e+17	17.3
1.1227200083517918e+17	17.400000000000002
7.475735719698574e+16	17.5
0.0	17.6
0.0	17.7
0.0	17.8
0.0	17.900000000000002
0.0	18.0
0.0	18.1
0.0	18.2
0.0	18.3
0.0	18.400000000000002
