a = 17797.566603580115 м
b = 13600.022143243483 м
x0 = 2625.7732879657174 м
vr = 1799.1699753617013 м/с
A0 = 2.1177875927992695 м
Xmax = 21062.22660551442 м
sigmaX = 4383.270321367102 м
sigmaY = 4102.14699021785 м
M0 = 3.784137528559136e+19 Н*м - интегральное значение сейсмического момента
Mr_max = 6.297638992343493e+18 Н*м/с - максимальное значение функции источника
1-ый столбец - источника
2-ой столбец - время
0.0	0.0
826424880324.4597	0.1
119839284913116.52	0.2
244394488218720.44	0.30000000000000004
378485002255729.94	0.4
522194290486321.44	0.5
692218138672540.0	0.6000000000000001
881338731042479.1	0.7000000000000001
1099942817306340.4	0.8
1352075241470283.8	0.9
1670668600396437.5	1.0
2043829211489400.5	1.1
2469493666019321.5	1.2000000000000002
2957492185463824.5	1.3
3526411511130581.5	1.4000000000000001
4239151392399476.5	1.5
4992078241310102.0	1.6
5944232754568611.0	1.7000000000000002
6981535432256397.0	1.8
8241140394387195.0	1.9000000000000001
9697318754635394.0	2.0
1.140605702060109e+16	2.1
1.3282400209219854e+16	2.2
1.577607089203697e+16	2.3000000000000003
1.823637042194159e+16	2.4000000000000004
2.101340618604455e+16	2.5
2.4323913939942012e+16	2.6
2.813893122210833e+16	2.7
3.256884069941575e+16	2.8000000000000003
3.721426952323317e+16	2.9000000000000004
4.299444771198588e+16	3.0
4.883749749365668e+16	3.1
5.627140099300746e+16	3.2
6.366883837977069e+16	3.3000000000000003
7.349523022127056e+16	3.4000000000000004
8.202351388280706e+16	3.5
9.38870688821009e+16	3.6
1.0620193138672333e+17	3.7
1.1989257199056845e+17	3.8000000000000003
1.3442249127086664e+17	3.9000000000000004
1.5118986491074982e+17	4.0
1.7010315603488058e+17	4.1000000000000005
1.9114114982515744e+17	4.2
2.1427462554969376e+17	4.3
2.3701587055252573e+17	4.4
2.652293848824405e+17	4.5
2.930797300253151e+17	4.6000000000000005
3.258326238197024e+17	4.7
3.61674293053876e+17	4.800000000000001
3.97474763136055e+17	4.9
4.415772183614506e+17	5.0
4.89114940961507e+17	5.1000000000000005
5.356052673944085e+17	5.2
5.865590534184852e+17	5.300000000000001
6.405306007259092e+17	5.4
6.955812246082392e+17	5.5
7.613981492378591e+17	5.6000000000000005
8.351379018257814e+17	5.7
9.151338833432498e+17	5.800000000000001
9.825141679316716e+17	5.9
1.0547749841704842e+18	6.0
1.1494870286102843e+18	6.1000000000000005
1.2421415302023148e+18	6.2
1.3414262903543716e+18	6.300000000000001
1.4373702906962158e+18	6.4
1.545443652025496e+18	6.5
1.636991237861417e+18	6.6000000000000005
1.771337418411953e+18	6.7
1.898635381146535e+18	6.800000000000001
2.011428183836338e+18	6.9
2.1548671101494177e+18	7.0
2.279403263597388e+18	7.1000000000000005
2.4207193001482117e+18	7.2
2.556217843043864e+18	7.300000000000001
2.681648035032729e+18	7.4
2.842813196577867e+18	7.5
3.005714942212525e+18	7.6000000000000005
3.137542109078892e+18	7.7
3.3315414149651835e+18	7.800000000000001
3.4485148133634156e+18	7.9
3.625296636858356e+18	8.0
3.813655123849635e+18	8.1
3.931207134329959e+18	8.200000000000001
4.0688592341433907e+18	8.3
4.27113521576167e+18	8.4
4.3700396329714e+18	8.5
4.5946170489640366e+18	8.6
4.699129905125798e+18	8.700000000000001
4.879428153512742e+18	8.8
4.973426485702619e+18	8.9
5.151687468764888e+18	9.0
5.31917942755627e+18	9.1
5.415589409381502e+18	9.200000000000001
5.464268385665794e+18	9.3
5.646012393367447e+18	9.4
5.755626019667508e+18	9.5
5.787170110222675e+18	9.600000000000001
5.919531781994439e+18	9.700000000000001
5.999073482540243e+18	9.8
6.019722292847386e+18	9.9
6.130873112988177e+18	10.0
6.209825302063335e+18	10.100000000000001
6.181576866021958e+18	10.200000000000001
6.251195542068898e+18	10.3
6.266939017439222e+18	10.4
6.297638992343493e+18	10.5
6.292560162672522e+18	10.600000000000001
6.247807675427779e+18	10.700000000000001
6.257667031967868e+18	10.8
6.187120792486419e+18	10.9
6.184259374957127e+18	11.0
6.124633596792441e+18	11.100000000000001
6.02059200012235e+18	11.200000000000001
5.945517422629953e+18	11.3
5.928331084757702e+18	11.4
5.796267211964132e+18	11.5
5.71232289675969e+18	11.600000000000001
5.549051431360731e+18	11.700000000000001
5.493401689030874e+18	11.8
5.354738520802273e+18	11.9
5.173127353762551e+18	12.0
5.084623618126856e+18	12.100000000000001
4.927326084847118e+18	12.200000000000001
4.77265978702301e+18	12.3
4.649204628478811e+18	12.4
4.4941203581956833e+18	12.5
4.332731313807339e+18	12.600000000000001
4.1939101331947863e+18	12.700000000000001
4.0311601005914957e+18	12.8
3.883746681497335e+18	12.9
3.7097672556937073e+18	13.0
3.58302280710829e+18	13.100000000000001
3.4114010483225277e+18	13.200000000000001
3.2568085382350904e+18	13.3
3.1050304168754115e+18	13.4
2.942347935591653e+18	13.5
2.784053757385101e+18	13.600000000000001
2.6337474288526776e+18	13.700000000000001
2.5043076299096044e+18	13.8
2.352904264314632e+18	13.9
2.232232860708208e+18	14.0
2.0954450766687306e+18	14.100000000000001
1.9502482296252145e+18	14.200000000000001
1.8451553896064118e+18	14.3
1.730288008480853e+18	14.4
1.627426896413753e+18	14.5
1.4956657650319593e+18	14.600000000000001
1.4014009507515284e+18	14.700000000000001
1.302010169295735e+18	14.8
1.2079321229224453e+18	14.9
1.123007897218877e+18	15.0
1.04128148544859e+18	15.100000000000001
9.568054282329185e+17	15.200000000000001
8.834188758742625e+17	15.3
8.143420543915615e+17	15.4
7.443308937136765e+17	15.5
6.772779095603352e+17	15.600000000000001
6.233394837695581e+17	15.700000000000001
5.663842449681153e+17	15.8
5.140177634933973e+17	15.9
4.701994517071339e+17	16.0
4.243632985903635e+17	16.1
3.84666980701293e+17	16.2
3.460690175520507e+17	16.3
3.1183917249293184e+17	16.400000000000002
2.7997924738880102e+17	16.5
2.5171211742772982e+17	16.6
2.2521811753574086e+17	16.7
2.002126539427842e+17	16.8
1.789943063965751e+17	16.900000000000002
1.5826136384047075e+17	17.0
1.3973568565775571e+17	17.1
1.2249545110035618e+17	17.2
1.071056748280675e+17	17.3
9.348140031755707e+16	17.400000000000002
8.106955858187549e+16	17.5
6.9794153799730056e+16	17.6
5.9695550655519464e+16	17.7
5.0333370600852e+16	17.8
4.189716854361273e+16	17.900000000000002
3.42547699285303e+16	18.0
2.7180255190754276e+16	18.1
2.055971218560185e+16	18.2
1.3923346193655902e+16	18.3
5827500904861698.0	18.400000000000002
0.0	18.5
0.0	18.6
0.0	18.7
0.0	18.8
0.0	18.900000000000002
0.0	19.0
0.0	19.1
0.0	19.200000000000003
0.0	19.3
