a = 10732.295422702944 м
b = 8337.89057597562 м
x0 = 9340.414787072652 м
vr = 2079.759067893349 м/с
A0 = 1.2878637851332955 м
Xmax = 8341.019952396917 м
sigmaX = 4072.0121088829533 м
sigmaY = 4492.44374944852 м
M0 = 2.224242781881026e+19 Н*м - интегральное значение сейсмического момента
Mr_max = 7.485412795700652e+18 Н*м/с - максимальное значение функции источника
1-ый столбец - источника
2-ой столбец - время
0.0	0.0
3897389751751843.5	0.1
6.462734771603572e+17	0.2
1.292024740789573e+18	0.30000000000000004
1.905609147623399e+18	0.4
2.5139409305432125e+18	0.5
3.078655584217998e+18	0.6000000000000001
3.6327385442990065e+18	0.7000000000000001
4.1440917411722573e+18	0.8
4.650201136203564e+18	0.9
5.105824916154395e+18	1.0
5.506926420281993e+18	1.1
5.879130121775187e+18	1.2000000000000002
6.239522796873884e+18	1.3
6.59398680411489e+18	1.4000000000000001
6.874492339766109e+18	1.5
7.014685607193541e+18	1.6
7.150196923100961e+18	1.7000000000000002
7.332346247266544e+18	1.8
7.439982519396692e+18	1.9000000000000001
7.453234381645788e+18	2.0
7.485412795700652e+18	2.1
7.404362815576523e+18	2.2
7.359321066808432e+18	2.3000000000000003
7.235976436354471e+18	2.4000000000000004
7.1895219906415e+18	2.5
7.043097496678161e+18	2.6
6.854605134451868e+18	2.7
6.657749990608151e+18	2.8000000000000003
6.46372639066573e+18	2.9000000000000004
6.235968485292442e+18	3.0
6.031449719392933e+18	3.1
5.779589408796445e+18	3.2
5.472246597061664e+18	3.3000000000000003
5.256362735177294e+18	3.4000000000000004
4.950274865398746e+18	3.5
4.739884075204462e+18	3.6
4.426898198229861e+18	3.7
4.192818991048836e+18	3.8000000000000003
3.900905730285667e+18	3.9000000000000004
3.669410545582065e+18	4.0
2.521835789856159e+18	4.1000000000000005
1.9424469774338496e+18	4.2
1.4749510160924529e+18	4.3
1.0999106717996982e+18	4.4
7.852484506371402e+17	4.5
3.7549178630816026e+17	4.6000000000000005
3.075547927210537e+17	4.7
2.498188226569288e+17	4.800000000000001
1.9948263209948454e+17	4.9
1.6058478390623146e+17	5.0
1.2858081708490378e+17	5.1000000000000005
1.0134275403184085e+17	5.2
7.967087088766973e+16	5.300000000000001
6.23838011097832e+16	5.4
4.682788061997378e+16	5.5
3.475874388452893e+16	5.6000000000000005
2.4295475567462864e+16	5.7
1.5429861178111146e+16	5.800000000000001
6317021940073874.0	5.9
0.0	6.0
0.0	6.1000000000000005
0.0	6.2
0.0	6.300000000000001
0.0	6.4
0.0	6.5
0.0	6.6000000000000005
0.0	6.7
0.0	6.800000000000001
