a = 5645.441677050972 м
b = 6293.348197354006 м
x0 = 2070.8552881594 м
vr = 1793.986949954731 м/с
A0 = 1.4392536045481321 м
Xmax = 4584.061529826575 м
sigmaX = 4073.3313275553105 м
sigmaY = 4892.295258177759 м
M0 = 1.7462554829534329e+19 Н*м - интегральное значение сейсмического момента
Mr_max = 4.937388114277368e+18 Н*м/с - максимальное значение функции источника
1-ый столбец - источника
2-ой столбец - время
0.0	0.0
3203740287323021.5	0.1
4.610693537853127e+17	0.2
9.10828906264461e+17	0.30000000000000004
1.3505885625785108e+18	0.4
1.759176196967252e+18	0.5
2.2206694159011558e+18	0.6000000000000001
2.640119825323246e+18	0.7000000000000001
3.0095087456149146e+18	0.8
3.383354634689068e+18	0.9
3.77646846294303e+18	1.0
4.120657128539142e+18	1.1
4.4702758911048893e+18	1.2000000000000002
4.3956062649043256e+18	1.3
4.401921397132633e+18	1.4000000000000001
4.4192159499796193e+18	1.5
4.5593732596628874e+18	1.6
4.559106158494258e+18	1.7000000000000002
4.680250060686622e+18	1.8
4.762720901272935e+18	1.9000000000000001
4.819959426022233e+18	2.0
4.813559106440505e+18	2.1
4.883252431175439e+18	2.2
4.932498336187861e+18	2.3000000000000003
4.937388114277368e+18	2.4000000000000004
4.865884171219833e+18	2.5
4.886210452510322e+18	2.6
4.898247882811174e+18	2.7
4.817466156617876e+18	2.8000000000000003
4.767678220011035e+18	2.9000000000000004
4.645378739450621e+18	3.0
4.5547978015783757e+18	3.1
4.487932656096677e+18	3.2
4.371611379838976e+18	3.3000000000000003
4.205595933178241e+18	3.4000000000000004
4.047882441586293e+18	3.5
3.8797242606627773e+18	3.6
3.771926002986761e+18	3.7
3.540082049112449e+18	3.8000000000000003
3.419022744767008e+18	3.9000000000000004
3.192400538123099e+18	4.0
3.0048230800983675e+18	4.1000000000000005
2.8401572133623117e+18	4.2
2.615223992080447e+18	4.3
2.3791334259125873e+18	4.4
2.2176276923966546e+18	4.5
1.9919587338887201e+18	4.6000000000000005
1.7951078977252124e+18	4.7
1.5458046500543212e+18	4.800000000000001
1.3188574275754936e+18	4.9
1.0767832540511693e+18	5.0
7.972168380723725e+17	5.1000000000000005
4.202403893391115e+17	5.2
0.0	5.300000000000001
0.0	5.4
0.0	5.5
0.0	5.6000000000000005
0.0	5.7
0.0	5.800000000000001
0.0	5.9
0.0	6.0
0.0	6.1000000000000005
0.0	6.2
0.0	6.300000000000001
0.0	6.4
0.0	6.5
0.0	6.6000000000000005
0.0	6.7
0.0	6.800000000000001
