a = 13852.926383180904 м
b = 15925.89479897244 м
x0 = 7494.253856808808 м
vr = 1873.178427448829 м/с
A0 = 1.2311807919055069 м
Xmax = 11124.746544805103 м
sigmaX = 4100.847587777417 м
sigmaY = 4225.924068233154 м
M0 = 2.3496834010518323e+19 Н*м - интегральное значение сейсмического момента
Mr_max = 5.612684090788263e+18 Н*м/с - максимальное значение функции источника
1-ый столбец - источника
2-ой столбец - время
0.0	0.0
2338140255864678.5	0.1
3.5309268916048256e+17	0.2
7.00046230780493e+17	0.30000000000000004
1.0422624181219608e+18	0.4
1.3784254040299354e+18	0.5
1.7090068736264645e+18	0.6000000000000001
2.027534152135341e+18	0.7000000000000001
2.3512147110588257e+18	0.8
2.638712534536027e+18	0.9
2.932773804407707e+18	1.0
3.2247418629935933e+18	1.1
3.4813009041227366e+18	1.2000000000000002
3.751476742885376e+18	1.3
4.011407082725749e+18	1.4000000000000001
4.2369267785018895e+18	1.5
4.4419179440116475e+18	1.6
4.626138207969066e+18	1.7000000000000002
4.802193609010434e+18	1.8
4.9515432599939e+18	1.9000000000000001
5.124247975810023e+18	2.0
5.236609228669984e+18	2.1
5.310600592896073e+18	2.2
5.424642425222189e+18	2.3000000000000003
5.525931671583698e+18	2.4000000000000004
5.546525248485989e+18	2.5
5.54931251112196e+18	2.6
5.582959699133834e+18	2.7
5.612684090788263e+18	2.8000000000000003
5.606772684461384e+18	2.9000000000000004
5.533711364331758e+18	3.0
5.475628230608694e+18	3.1
5.416292663968259e+18	3.2
5.312963445071033e+18	3.3000000000000003
5.228381607479452e+18	3.4000000000000004
5.159513240338305e+18	3.5
5.090663969221281e+18	3.6
4.929349187623653e+18	3.7
4.802131818144253e+18	3.8000000000000003
4.647181802290877e+18	3.9000000000000004
4.5737302619868703e+18	4.0
4.417611904361234e+18	4.1000000000000005
4.1815515422923433e+18	4.2
3.987090900112203e+18	4.3
3.8578836040674417e+18	4.4
3.688766788196821e+18	4.5
3.510341292084e+18	4.6000000000000005
3.3589094017615135e+18	4.7
3.193576410871841e+18	4.800000000000001
3.04809584730357e+18	4.9
2.8947601170330506e+18	5.0
2.7127074031596385e+18	5.1000000000000005
2.554945753535119e+18	5.2
2.40297954394756e+18	5.300000000000001
2.2756773000171807e+18	5.4
2.1269585454057782e+18	5.5
1.9843736077923254e+18	5.6000000000000005
1.8741205452580298e+18	5.7
1.7354996939566454e+18	5.800000000000001
1.6103427814320507e+18	5.9
1.485927469033857e+18	6.0
1.3748524442806262e+18	6.1000000000000005
1.2788621372638477e+18	6.2
1.1827133874264358e+18	6.300000000000001
1.0729982169142437e+18	6.4
9.80612177663538e+17	6.5
9.068143482139762e+17	6.6000000000000005
8.330881004784709e+17	6.7
7.54260385370847e+17	6.800000000000001
6.831429553752305e+17	6.9
6.202934276530502e+17	7.0
5.662042014986812e+17	7.1000000000000005
5.092388911560512e+17	7.2
4.5628249892034554e+17	7.300000000000001
4.097367873806115e+17	7.4
3.677801479110839e+17	7.5
3.277206136080481e+17	7.6000000000000005
2.938625695412851e+17	7.7
2.626950770382973e+17	7.800000000000001
2.349190079719576e+17	7.9
2.0532689813293302e+17	8.0
1.8267138159778374e+17	8.1
1.6198184793584182e+17	8.200000000000001
1.423922291945876e+17	8.3
1.250556821305663e+17	8.4
1.0930631730003027e+17	8.5
9.582198291563115e+16	8.6
8.336677034385018e+16	8.700000000000001
7.284673915599883e+16	8.8
6.301204253815523e+16	8.9
5.517094382174116e+16	9.0
4.72355178586358e+16	9.1
4.086001230607885e+16	9.200000000000001
3.509283140401145e+16	9.3
3.0238747142808428e+16	9.4
2.5700342775210804e+16	9.5
2.1924067227434132e+16	9.600000000000001
1.872411893651853e+16	9.700000000000001
1.5739389861959946e+16	9.8
1.3307723376054744e+16	9.9
1.115094755673973e+16	10.0
9357847463867324.0	10.100000000000001
7756725002946249.0	10.200000000000001
6415896029416528.0	10.3
5232812017758252.0	10.4
4203335617167172.5	10.5
3294102654194586.0	10.600000000000001
2461963889291539.0	10.700000000000001
1605992141755696.0	10.8
0.0	10.9
0.0	11.0
0.0	11.100000000000001
0.0	11.200000000000001
0.0	11.3
0.0	11.4
0.0	11.5
0.0	11.600000000000001
0.0	11.700000000000001
0.0	11.8
0.0	11.9
0.0	12.0
0.0	12.100000000000001
0.0	12.200000000000001
0.0	12.3
0.0	12.4
0.0	12.5
0.0	12.600000000000001
0.0	12.700000000000001
0.0	12.8
0.0	12.9
0.0	13.0
0.0	13.100000000000001
0.0	13.200000000000001
0.0	13.3
0.0	13.4
0.0	13.5
0.0	13.600000000000001
0.0	13.700000000000001
0.0	13.8
0.0	13.9
0.0	14.0
