a = 9926.102968104104 м
b = 6345.875141198708 м
x0 = 6907.55945698709 м
vr = 2155.9638056565173 м/с
A0 = 0.41512363149414266 м
Xmax = 7537.918860998678 м
sigmaX = 4089.66714097615 м
sigmaY = 4393.217257881644 м
M0 = 6.265948438552251e+18 Н*м - интегральное значение сейсмического момента
Mr_max = 2.50941869007257e+18 Н*м/с - максимальное значение функции источника
1-ый столбец - источника
2-ой столбец - время
0.0	0.0
1326756359025753.8	0.1
2.2924835407509283e+17	0.2
4.5409447092909805e+17	0.30000000000000004
6.741331092883228e+17	0.4
8.825468084164343e+17	0.5
1.0960031980605193e+18	0.6000000000000001
1.2744079939534863e+18	0.7000000000000001
1.458956457456347e+18	0.8
1.6525781208609498e+18	0.9
1.7997123427804923e+18	1.0
1.9292115154551503e+18	1.1
2.0534121329276792e+18	1.2000000000000002
2.168597289183756e+18	1.3
2.2517979413151852e+18	1.4000000000000001
2.353435997583882e+18	1.5
2.4119262743095685e+18	1.6
2.4462041483760876e+18	1.7000000000000002
2.506041080358311e+18	1.8
2.496315998555271e+18	1.9000000000000001
2.5009913282189727e+18	2.0
2.50941869007257e+18	2.1
2.466066657791822e+18	2.2
2.452266395570324e+18	2.3000000000000003
2.3914122113046897e+18	2.4000000000000004
2.3546063809398374e+18	2.5
2.296291915532557e+18	2.6
2.232961711663647e+18	2.7
2.1517970411240852e+18	2.8000000000000003
1.6071592331624197e+18	2.9000000000000004
1.3493297968542036e+18	3.0
1.1391449776439023e+18	3.1
9.720728000254336e+17	3.2
7.703232804928749e+17	3.3000000000000003
6.714523433495881e+17	3.4000000000000004
5.967012036203098e+17	3.5
5.419910062317476e+17	3.6
4.763003818518175e+17	3.7
4.2263818305970515e+17	3.8000000000000003
3.7114098394625824e+17	3.9000000000000004
3.282512182402572e+17	4.0
2.8693335064116925e+17	4.1000000000000005
2.4862860215975978e+17	4.2
2.2027445012478115e+17	4.3
1.903623733894773e+17	4.4
1.628934469306747e+17	4.5
1.3943247486313798e+17	4.6000000000000005
1.2039155885116856e+17	4.7
1.029176018917745e+17	4.800000000000001
8.627672086075389e+16	4.9
7.459893026667915e+16	5.0
6.145443377993539e+16	5.1000000000000005
5.098602350923477e+16	5.2
4.233759167223436e+16	5.300000000000001
3.4674238882533868e+16	5.4
2.7698368733844984e+16	5.5
2.1866883015796344e+16	5.6000000000000005
1.6974984412054436e+16	5.7
1.2791981044492946e+16	5.800000000000001
9062968779383968.0	5.9
5557941294232228.0	6.0
1101729477702953.2	6.1000000000000005
0.0	6.2
0.0	6.300000000000001
0.0	6.4
0.0	6.5
0.0	6.6000000000000005
0.0	6.7
0.0	6.800000000000001
0.0	6.9
0.0	7.0
