a = 6201.910612351034 м
b = 6227.32155806386 м
x0 = 1565.182908114341 м
vr = 2273.9924408552615 м/с
A0 = 1.7271494329756996 м
Xmax = 6939.942219099176 м
sigmaX = 4454.545525823608 м
sigmaY = 4908.538482123938 м
M0 = 2.2827570702610915e+19 Н*м - интегральное значение сейсмического момента
Mr_max = 7.133544387733817e+18 Н*м/с - максимальное значение функции источника
1-ый столбец - источника
2-ой столбец - время
0.0	0.0
2848699961121869.0	0.1
5.15569514712019e+17	0.2
1.029692049498089e+18	0.30000000000000004
1.5226821818840937e+18	0.4
2.0250604335724047e+18	0.5
2.5242512673684593e+18	0.6000000000000001
2.9880252312119736e+18	0.7000000000000001
3.361907334391238e+18	0.8
3.478122554352835e+18	0.9
3.6960990538466253e+18	1.0
3.8921767917256735e+18	1.1
4.247350802938804e+18	1.2000000000000002
4.539847807397209e+18	1.3
4.765337361556156e+18	1.4000000000000001
5.145459021379415e+18	1.5
5.427073907793839e+18	1.6
5.580076628117165e+18	1.7000000000000002
5.973135587536529e+18	1.8
6.197049811803722e+18	1.9000000000000001
6.32138227741225e+18	2.0
6.540582280875529e+18	2.1
6.786207765414307e+18	2.2
6.787731963666465e+18	2.3000000000000003
6.913590903987927e+18	2.4000000000000004
7.133544387733817e+18	2.5
7.056497471297431e+18	2.6
7.118305336980754e+18	2.7
7.122132587414834e+18	2.8000000000000003
7.096756831307736e+18	2.9000000000000004
6.955344812903597e+18	3.0
6.986841635605116e+18	3.1
6.835136007661229e+18	3.2
6.644855087712272e+18	3.3000000000000003
6.470501314799958e+18	3.4000000000000004
6.413813723937133e+18	3.5
6.055484953245787e+18	3.6
5.832827770039394e+18	3.7
5.522407089831273e+18	3.8000000000000003
5.228072143826866e+18	3.9000000000000004
4.900664661393786e+18	4.0
4.5731530269985454e+18	4.1000000000000005
4.234405203774918e+18	4.2
3.8250237268179707e+18	4.3
3.4044139645655414e+18	4.4
2.97126225350963e+18	4.5
2.4950046568589123e+18	4.6000000000000005
1.9357287767515218e+18	4.7
1.202268368737197e+18	4.800000000000001
0.0	4.9
0.0	5.0
0.0	5.1000000000000005
0.0	5.2
0.0	5.300000000000001
0.0	5.4
0.0	5.5
0.0	5.6000000000000005
0.0	5.7
