a = 7399.440354741328 м
b = 8655.743328708942 м
x0 = 5310.881431935099 м
vr = 2181.0288990538656 м/с
A0 = 1.056533310786451 м
Xmax = 5448.596514869549 м
sigmaX = 4504.863464796213 м
sigmaY = 4201.455500574074 м
M0 = 1.641702738657726e+19 Н*м - интегральное значение сейсмического момента
Mr_max = 6.503938340333657e+18 Н*м/с - максимальное значение функции источника
1-ый столбец - источника
2-ой столбец - время
0.0	0.0
3454974897115289.5	0.1
6.038442618601633e+17	0.2
1.1962574559957123e+18	0.30000000000000004
1.7522514553591608e+18	0.4
2.3158232792263245e+18	0.5
2.8353791682566374e+18	0.6000000000000001
3.331122827746257e+18	0.7000000000000001
3.796378262020714e+18	0.8
4.2613409478065254e+18	0.9
4.613625372949038e+18	1.0
5.016094972873521e+18	1.1
5.377575002810678e+18	1.2000000000000002
5.625503280735032e+18	1.3
5.838330321958828e+18	1.4000000000000001
6.080781723508188e+18	1.5
6.247996552168242e+18	1.6
6.341276444498207e+18	1.7000000000000002
6.446255813117026e+18	1.8
6.44541239333585e+18	1.9000000000000001
6.470471815038798e+18	2.0
6.503938340333657e+18	2.1
6.343160661505298e+18	2.2
6.308543201937912e+18	2.3000000000000003
6.212464743658536e+18	2.4000000000000004
6.003310950476979e+18	2.5
5.285073281075283e+18	2.6
4.751205191904084e+18	2.7
4.3188653960809856e+18	2.8000000000000003
3.9605737414076805e+18	2.9000000000000004
3.604865011992572e+18	3.0
3.3255054664817275e+18	3.1
3.023825374014082e+18	3.2
2.766120259243958e+18	3.3000000000000003
2.5326784254504146e+18	3.4000000000000004
2.3390426021144617e+18	3.5
2.0922269579232896e+18	3.6
1.8725978392839795e+18	3.7
1.6999606154095199e+18	3.8000000000000003
1.5156461508784238e+18	3.9000000000000004
1.3371741358384323e+18	4.0
1.1781937768640346e+18	4.1000000000000005
1.0255089009347035e+18	4.2
8.644241322342868e+17	4.3
7.061923825662866e+17	4.4
0.0	4.5
0.0	4.6000000000000005
0.0	4.7
0.0	4.800000000000001
0.0	4.9
0.0	5.0
0.0	5.1000000000000005
0.0	5.2
0.0	5.300000000000001
0.0	5.4
0.0	5.5
0.0	5.6000000000000005
0.0	5.7
0.0	5.800000000000001
0.0	5.9
0.0	6.0
0.0	6.1000000000000005
0.0	6.2
0.0	6.300000000000001
0.0	6.4
0.0	6.5
