a = 3701.90679244918 м
b = 4174.796592988982 м
x0 = 159.11810232740117 м
vr = 1800.6706106356535 м/с
A0 = 0.38640380027297605 м
Xmax = 4474.583915674392 м
sigmaX = 4346.278248990384 м
sigmaY = 4978.141322271671 м
M0 = 2.556398687874086e+18 Н*м - интегральное значение сейсмического момента
Mr_max = 9.34218915260919e+17 Н*м/с - максимальное значение функции источника
1-ый столбец - источника
2-ой столбец - время
0.0	0.0
637639391476470.2	0.1
7.711273741001258e+16	0.2
1.1776511238481963e+17	0.30000000000000004
1.6484486440182173e+17	0.4
2.127956577605934e+17	0.5
2.6196417982538566e+17	0.6000000000000001
3.0990065570757536e+17	0.7000000000000001
3.5654937982071424e+17	0.8
3.992555765914715e+17	0.9
4.577528099582787e+17	1.0
4.9000778978183443e+17	1.1
5.3951976660417594e+17	1.2000000000000002
5.852707798849906e+17	1.3
6.297437705335579e+17	1.4000000000000001
6.582896811233204e+17	1.5
7.201324105378529e+17	1.6
7.382807186220749e+17	1.7000000000000002
7.921101587344166e+17	1.8
8.032935804645258e+17	1.9000000000000001
8.404151459604888e+17	2.0
8.594178512634141e+17	2.1
8.858215762623927e+17	2.2
8.902755411878665e+17	2.3000000000000003
9.178081605833905e+17	2.4000000000000004
9.19298941416837e+17	2.5
9.34218915260919e+17	2.6
9.203468496894715e+17	2.7
9.341233241617164e+17	2.8000000000000003
9.263170878379697e+17	2.9000000000000004
9.110965009619722e+17	3.0
9.040566395520225e+17	3.1
8.89824317222474e+17	3.2
8.582354254733347e+17	3.3000000000000003
8.10014889284096e+17	3.4000000000000004
7.785882017903988e+17	3.5
7.293860290676964e+17	3.6
6.558130452967935e+17	3.7
6.006512673831886e+17	3.8000000000000003
5.0974270666723846e+17	3.9000000000000004
3.907719357592898e+17	4.0
1.825352571189877e+17	4.1000000000000005
0.0	4.2
0.0	4.3
0.0	4.4
0.0	4.5
0.0	4.6000000000000005
0.0	4.7
0.0	4.800000000000001
0.0	4.9
0.0	5.0
0.0	5.1000000000000005
0.0	5.2
0.0	5.300000000000001
0.0	5.4
0.0	5.5
