a = 6627.127711545716 м
b = 8022.807913119619 м
x0 = 815.0017838373432 м
vr = 2088.5869900201105 м/с
A0 = 0.9488366278718967 м
Xmax = 6433.625352126787 м
sigmaX = 4971.877573044197 м
sigmaY = 4015.5148591061616 м
M0 = 1.4124769418912973e+19 Н*м - интегральное значение сейсмического момента
Mr_max = 3.495162566426924e+18 Н*м/с - максимальное значение функции источника
1-ый столбец - источника
2-ой столбец - время
0.0	0.0
1571496626091929.2	0.1
2.5121286576631734e+17	0.2
5.1411629735756486e+17	0.30000000000000004
7.70394954758892e+17	0.4
9.670141098369727e+17	0.5
1.0269386675703309e+18	0.6000000000000001
1.1715419394851955e+18	0.7000000000000001
1.31010211106575e+18	0.8
1.4317100192970793e+18	0.9
1.57375607855938e+18	1.0
1.7165051795672934e+18	1.1
1.8716802176429207e+18	1.2000000000000002
1.986054398762186e+18	1.3
2.1135665089520148e+18	1.4000000000000001
2.286386264907378e+18	1.5
2.3853331479618e+18	1.6
2.5177870506288927e+18	1.7000000000000002
2.6197607245657953e+18	1.8
2.718297860038596e+18	1.9000000000000001
2.9143928815993943e+18	2.0
2.9435211291325235e+18	2.1
3.067324884842404e+18	2.2
3.1358759585331937e+18	2.3000000000000003
3.216508201469258e+18	2.4000000000000004
3.307107287186273e+18	2.5
3.327305794761239e+18	2.6
3.362549472481612e+18	2.7
3.4080056248007644e+18	2.8000000000000003
3.4425197862259016e+18	2.9000000000000004
3.495162566426924e+18	3.0
3.438842100826776e+18	3.1
3.426946741987188e+18	3.2
3.386312657291141e+18	3.3000000000000003
3.4487629085691346e+18	3.4000000000000004
3.385815014595816e+18	3.5
3.369803652186652e+18	3.6
3.345573433275342e+18	3.7
3.2833669367726065e+18	3.8000000000000003
3.2330488596456003e+18	3.9000000000000004
3.1491797899253356e+18	4.0
3.0705849695413084e+18	4.1000000000000005
3.0094190536916055e+18	4.2
2.9371136879153004e+18	4.3
2.8922901424855967e+18	4.4
2.739334980988831e+18	4.5
2.6583626665339136e+18	4.6000000000000005
2.598541650066775e+18	4.7
2.499168472706187e+18	4.800000000000001
2.389124514726981e+18	4.9
2.2774695246531377e+18	5.0
2.1764564138747937e+18	5.1000000000000005
2.0669168264858232e+18	5.2
1.957647135440314e+18	5.300000000000001
1.8302670996552556e+18	5.4
1.717232906400149e+18	5.5
1.6003373980001185e+18	5.6000000000000005
1.4520916210247084e+18	5.7
1.2811554045982607e+18	5.800000000000001
1.0684569869368489e+18	5.9
7.040671575182666e+17	6.0
0.0	6.1000000000000005
0.0	6.2
0.0	6.300000000000001
0.0	6.4
0.0	6.5
0.0	6.6000000000000005
0.0	6.7
0.0	6.800000000000001
0.0	6.9
0.0	7.0
0.0	7.1000000000000005
0.0	7.2
0.0	7.300000000000001
0.0	7.4
0.0	7.5
0.0	7.6000000000000005
0.0	7.7
0.0	7.800000000000001
0.0	7.9
0.0	8.0
0.0	8.1
0.0	8.200000000000001
