a = 8445.82553618044 м
b = 5759.043848992947 м
x0 = 3333.9825988827283 м
vr = 1777.760023866256 м/с
A0 = 1.2931108833030103 м
Xmax = 7307.20501203995 м
sigmaX = 4154.051159058465 м
sigmaY = 4134.90872723329 м
M0 = 1.7537168026453692e+19 Н*м - интегральное значение сейсмического момента
Mr_max = 4.4835346100559063e+18 Н*м/с - максимальное значение функции источника
1-ый столбец - источника
2-ой столбец - время
0.0	0.0
2182972723485563.2	0.1
3.1224242594663814e+17	0.2
6.171638811269545e+17	0.30000000000000004
9.139001535798557e+17	0.4
1.2280276101604792e+18	0.5
1.512965447793395e+18	0.6000000000000001
1.8004433210056648e+18	0.7000000000000001
2.0636109021889626e+18	0.8
2.3416926276639703e+18	0.9
2.589336454843541e+18	1.0
2.864556765386074e+18	1.1
3.1005768462561044e+18	1.2000000000000002
3.3300946497467607e+18	1.3
3.546020525344464e+18	1.4000000000000001
3.7840494531654216e+18	1.5
3.922548244974246e+18	1.6
4.1540354767896474e+18	1.7000000000000002
4.3046847951535795e+18	1.8
4.4835346100559063e+18	1.9000000000000001
4.3529008355583043e+18	2.0
4.215901291092622e+18	2.1
4.1804660697648415e+18	2.2
4.141298118817106e+18	2.3000000000000003
4.0944261839960346e+18	2.4000000000000004
4.132817778038963e+18	2.5
4.1131773132194893e+18	2.6
4.080599327631129e+18	2.7
4.109284083994599e+18	2.8000000000000003
4.0705801148323604e+18	2.9000000000000004
3.9877755981512904e+18	3.0
3.9787755670425405e+18	3.1
3.8928183530686577e+18	3.2
3.8770188702013435e+18	3.3000000000000003
3.730233966529566e+18	3.4000000000000004
3.687477883565903e+18	3.5
3.5623798413269724e+18	3.6
3.5095167656779233e+18	3.7
3.395303903987192e+18	3.8000000000000003
3.2903103384968714e+18	3.9000000000000004
3.2017158244785096e+18	4.0
3.065169269791911e+18	4.1000000000000005
2.980602781609663e+18	4.2
2.8653057452980306e+18	4.3
2.7524091468511457e+18	4.4
2.628347511147643e+18	4.5
2.489790012781277e+18	4.6000000000000005
2.4088933979513615e+18	4.7
2.2609987135480986e+18	4.800000000000001
2.1383521798002447e+18	4.9
2.0281111678577695e+18	5.0
1.896470646266872e+18	5.1000000000000005
1.8033347047287864e+18	5.2
1.6696372388166664e+18	5.300000000000001
1.567471002463601e+18	5.4
1.4645122912119324e+18	5.5
1.3562891645577626e+18	5.6000000000000005
1.2709333537994642e+18	5.7
1.1538958668864579e+18	5.800000000000001
1.0629559775192497e+18	5.9
9.846876131336123e+17	6.0
8.937315101976028e+17	6.1000000000000005
8.285183054196065e+17	6.2
7.470528563347318e+17	6.300000000000001
6.728997148066071e+17	6.4
6.079616704378173e+17	6.5
5.505376489111774e+17	6.6000000000000005
4.8289028649179104e+17	6.7
4.2847714599725715e+17	6.800000000000001
3.7860067440161734e+17	6.9
3.291268819265042e+17	7.0
2.8162611572745734e+17	7.1000000000000005
2.386921814091917e+17	7.2
1.9967110708067936e+17	7.300000000000001
1.6061291752022192e+17	7.4
1.2464419446819107e+17	7.5
8.530690394804558e+16	7.6000000000000005
3.671717005944188e+16	7.7
0.0	7.800000000000001
0.0	7.9
0.0	8.0
0.0	8.1
0.0	8.200000000000001
0.0	8.3
0.0	8.4
0.0	8.5
0.0	8.6
