a = 5841.735651784581 м
b = 5737.806122852633 м
x0 = 20.253322705426587 м
vr = 1636.5071034547664 м/с
A0 = 1.4617118661138881 м
Xmax = 6653.816801593244 м
sigmaX = 4238.416745616472 м
sigmaY = 4482.492155458404 м
M0 = 1.658299242254591e+19 Н*м - интегральное значение сейсмического момента
Mr_max = 3.761929591571935e+18 Н*м/с - максимальное значение функции источника
1-ый столбец - источника
2-ой столбец - время
0.0	0.0
1056133124950340.2	0.1
7.445589891550594e+16	0.2
1.500030036505752e+17	0.30000000000000004
2.2774377104436934e+17	0.4
3.123177124707632e+17	0.5
3.9483212158232486e+17	0.6000000000000001
4.8948255465825984e+17	0.7000000000000001
5.789362105482811e+17	0.8
6.708364318274332e+17	0.9
7.8122370223691e+17	1.0
8.767381067855826e+17	1.1
9.833849085625809e+17	1.2000000000000002
1.0849310082215287e+18	1.3
1.2243312752886008e+18	1.4000000000000001
1.3119623774607992e+18	1.5
1.4453640563567089e+18	1.6
1.5518060103859533e+18	1.7000000000000002
1.6897022255796206e+18	1.8
1.784870015967063e+18	1.9000000000000001
1.9145118007645786e+18	2.0
2.0156764632937518e+18	2.1
2.1055576628668e+18	2.2
2.253739627660031e+18	2.3000000000000003
2.394325652628968e+18	2.4000000000000004
2.4800996404381036e+18	2.5
2.634341208550032e+18	2.6
2.7048475247147843e+18	2.7
2.8216447011947126e+18	2.8000000000000003
2.9004534410522977e+18	2.9000000000000004
3.0481701682431555e+18	3.0
3.1172854499577027e+18	3.1
3.218860571586552e+18	3.2
3.3113571587359503e+18	3.3000000000000003
3.384245087027137e+18	3.4000000000000004
3.4366018644197985e+18	3.5
3.5156581342831365e+18	3.6
3.5170757949809347e+18	3.7
3.628092489220338e+18	3.8000000000000003
3.612212033132635e+18	3.9000000000000004
3.6932932823596774e+18	4.0
3.7493545299982556e+18	4.1000000000000005
3.7478005676644844e+18	4.2
3.749777137374036e+18	4.3
3.7394438274528783e+18	4.4
3.761929591571935e+18	4.5
3.7162230874004485e+18	4.6000000000000005
3.6743406393742223e+18	4.7
3.6957637140128374e+18	4.800000000000001
3.5952330449593713e+18	4.9
3.567437193075309e+18	5.0
3.531137935206378e+18	5.1000000000000005
3.5181379073346637e+18	5.2
3.368052362406495e+18	5.300000000000001
3.302212017389113e+18	5.4
3.222656274255981e+18	5.5
3.1303122128731617e+18	5.6000000000000005
3.0605223669578854e+18	5.7
2.9099945444071306e+18	5.800000000000001
2.8462516355450926e+18	5.9
2.692925816813196e+18	6.0
2.576369027892417e+18	6.1000000000000005
2.4300070874013363e+18	6.2
2.3105271276902784e+18	6.300000000000001
2.140863445880833e+18	6.4
2.0006699905618514e+18	6.5
1.852710493578017e+18	6.6000000000000005
1.6561245539108577e+18	6.7
1.4759174829242755e+18	6.800000000000001
1.2739523367318282e+18	6.9
1.0496971443607608e+18	7.0
7.80496585392249e+17	7.1000000000000005
3.6105526128262106e+17	7.2
0.0	7.300000000000001
0.0	7.4
0.0	7.5
0.0	7.6000000000000005
0.0	7.7
0.0	7.800000000000001
0.0	7.9
0.0	8.0
0.0	8.1
