a = 12465.721604095705 м
b = 10136.318848935136 м
x0 = 10918.85532660908 м
vr = 2180.7043786096947 м/с
A0 = 0.9140757975540019 м
Xmax = 10829.95972752743 м
sigmaX = 4691.7843292923235 м
sigmaY = 4433.893381800378 м
M0 = 1.9460619949107188e+19 Н*м - интегральное значение сейсмического момента
Mr_max = 6.114999961522672e+18 Н*м/с - максимальное значение функции источника
1-ый столбец - источника
2-ой столбец - время
0.0	0.0
2989443089847687.0	0.1
5.195541948759194e+17	0.2
1.0325494875194033e+18	0.30000000000000004
1.5296171891347756e+18	0.4
2.0192573278854118e+18	0.5
2.4923170903309773e+18	0.6000000000000001
2.9343743702163297e+18	0.7000000000000001
3.3459363522698445e+18	0.8
3.7724222257250545e+18	0.9
4.1299198130245673e+18	1.0
4.4623727188950866e+18	1.1
4.778123587124183e+18	1.2000000000000002
5.077310241465118e+18	1.3
5.302855029866409e+18	1.4000000000000001
5.514697095501255e+18	1.5
5.667360264977064e+18	1.6
5.854433841544187e+18	1.7000000000000002
5.986164394986309e+18	1.8
6.031319101202871e+18	1.9000000000000001
6.078026753600282e+18	2.0
6.114999961522672e+18	2.1
6.09446909553032e+18	2.2
6.028902021395781e+18	2.3000000000000003
5.97655858479482e+18	2.4000000000000004
5.851516701753947e+18	2.5
5.781630273744798e+18	2.6
5.617637093032541e+18	2.7
5.459361158253427e+18	2.8000000000000003
5.302211686094254e+18	2.9000000000000004
5.154305343506154e+18	3.0
4.922029219821347e+18	3.1
4.723750804967826e+18	3.2
4.5391911652581243e+18	3.3000000000000003
4.307729605295473e+18	3.4000000000000004
4.0794604152604216e+18	3.5
3.885605580933734e+18	3.6
3.67203496857123e+18	3.7
3.4564802703130235e+18	3.8000000000000003
3.2316763400602465e+18	3.9000000000000004
3.015869348523551e+18	4.0
2.819923132529837e+18	4.1000000000000005
2.632499860672823e+18	4.2
2.4364768383090396e+18	4.3
2.2578941151050982e+18	4.4
2.0841570516963443e+18	4.5
1.9198548947749998e+18	4.6000000000000005
1.4331464399871076e+18	4.7
1.1419987608284659e+18	4.800000000000001
9.055539525139823e+17	4.9
7.055583631747935e+17	5.0
4.746232842818983e+17	5.1000000000000005
3.7204874594529754e+17	5.2
3.14325547744937e+17	5.300000000000001
2.6746958437929552e+17	5.4
2.2537044101671715e+17	5.5
1.88537799712551e+17	5.6000000000000005
1.5788951913120886e+17	5.7
1.3080897855108315e+17	5.800000000000001
1.0724043933357282e+17	5.9
8.701829609888435e+16	6.0
6.871286225230497e+16	6.1000000000000005
5.353693816428951e+16	6.2
3.865461623375213e+16	6.300000000000001
2.5523000052751596e+16	6.4
1.0355866712292804e+16	6.5
0.0	6.6000000000000005
0.0	6.7
0.0	6.800000000000001
0.0	6.9
0.0	7.0
0.0	7.1000000000000005
0.0	7.2
0.0	7.300000000000001
0.0	7.4
