a = 9752.140783376646 м
b = 8759.818581750773 м
x0 = 559.4389045608611 м
vr = 1615.3512055271672 м/с
A0 = 0.7349927635328564 м
Xmax = 10971.73747891388 м
sigmaX = 4266.809326355721 м
sigmaY = 4758.229492928982 м
M0 = 1.3188271630096863e+19 Н*м - интегральное значение сейсмического момента
Mr_max = 2.2646355598370762e+18 Н*м/с - максимальное значение функции источника
1-ый столбец - источника
2-ой столбец - время
0.0	0.0
90709750307534.58	0.1
1.1924377955014478e+16	0.2
2.3490202564563108e+16	0.30000000000000004
3.5453496446089144e+16	0.4
4.230762056500581e+16	0.5
4.983310948577241e+16	0.6000000000000001
5.918239836374812e+16	0.7000000000000001
6.9967352734580024e+16	0.8
8.172497420279106e+16	0.9
9.270419905190989e+16	1.0
1.0776818436111774e+17	1.1
1.224085349837617e+17	1.2000000000000002
1.389926520054835e+17	1.3
1.563288714458136e+17	1.4000000000000001
1.7551648864144416e+17	1.5
1.946659297079608e+17	1.6
2.199968427000248e+17	1.7000000000000002
2.417235090463706e+17	1.8
2.6552331555318595e+17	1.9000000000000001
2.927848755984589e+17	2.0
3.2034301246598746e+17	2.1
3.487573429500459e+17	2.2
3.795836256076277e+17	2.3000000000000003
4.151940072760065e+17	2.4000000000000004
4.47897850540491e+17	2.5
4.822481330371771e+17	2.6
5.1799529514893325e+17	2.7
5.5861186811559955e+17	2.8000000000000003
6.004208066140699e+17	2.9000000000000004
6.493742629206776e+17	3.0
6.893512647764785e+17	3.1
7.327828470252581e+17	3.2
7.755082944449825e+17	3.3000000000000003
8.324335809364805e+17	3.4000000000000004
8.745383272915594e+17	3.5
9.2794465650578e+17	3.6
9.796877604513178e+17	3.7
1.0418886546970561e+18	3.8000000000000003
1.0818871140218879e+18	3.9000000000000004
1.140503083471325e+18	4.0
1.1925479588972582e+18	4.1000000000000005
1.255053665411121e+18	4.2
1.2962726683171668e+18	4.3
1.3569227088486226e+18	4.4
1.4142504063442916e+18	4.5
1.472014855588755e+18	4.6000000000000005
1.527158872274068e+18	4.7
1.5711148601843904e+18	4.800000000000001
1.6294007765418163e+18	4.9
1.693533404559018e+18	5.0
1.7263344061866504e+18	5.1000000000000005
1.76900087473604e+18	5.2
1.8319105629064532e+18	5.300000000000001
1.8918869127815375e+18	5.4
1.9299472751845363e+18	5.5
1.9853179664179756e+18	5.6000000000000005
1.9764062394520212e+18	5.7
2.0319199595348987e+18	5.800000000000001
2.083103187724544e+18	5.9
2.1255269143959268e+18	6.0
2.1248204271555474e+18	6.1000000000000005
2.169349697961022e+18	6.2
2.180492825783569e+18	6.300000000000001
2.2055117005479736e+18	6.4
2.2200607357937441e+18	6.5
2.2411491534529958e+18	6.6000000000000005
2.2646355598370762e+18	6.7
2.250207056316459e+18	6.800000000000001
2.2499042368257308e+18	6.9
2.235603558033459e+18	7.0
2.234957214371506e+18	7.1000000000000005
2.205544785637961e+18	7.2
2.1954218046530132e+18	7.300000000000001
2.198399701770715e+18	7.4
2.1953928975340216e+18	7.5
2.1609685992665172e+18	7.6000000000000005
2.1166769161782513e+18	7.7
2.0913920750165724e+18	7.800000000000001
2.0635998405224218e+18	7.9
2.021172071571584e+18	8.0
1.9755957117027261e+18	8.1
1.9238268008158566e+18	8.200000000000001
1.902276515254891e+18	8.3
1.8449706879282652e+18	8.4
1.8151826238392632e+18	8.5
1.739376632180816e+18	8.6
1.6958791757415729e+18	8.700000000000001
1.6369431921200476e+18	8.8
1.5891557462599977e+18	8.9
1.5342933762195796e+18	9.0
1.4727461755022408e+18	9.1
1.4237464473113336e+18	9.200000000000001
1.373028659072001e+18	9.3
1.305863669754166e+18	9.4
1.2467588050354227e+18	9.5
1.191363315750264e+18	9.600000000000001
1.1297476762303693e+18	9.700000000000001
1.0755858684890615e+18	9.8
1.0101869286713181e+18	9.9
9.541836691442476e+17	10.0
8.9678263462993e+17	10.100000000000001
8.444655897600365e+17	10.200000000000001
7.904474483668552e+17	10.3
7.35991888436215e+17	10.4
6.800789785664941e+17	10.5
6.263722697717285e+17	10.600000000000001
5.805506887194685e+17	10.700000000000001
5.293463328311855e+17	10.8
4.8370684572976275e+17	10.9
4.3626767612403424e+17	11.0
3.909935686329864e+17	11.100000000000001
3.480754504694231e+17	11.200000000000001
3.044489889066682e+17	11.3
2.6202917300747978e+17	11.4
2.1717081471712726e+17	11.5
1.725959372855096e+17	11.600000000000001
1.2284155200391442e+17	11.700000000000001
5.5614018006987624e+16	11.8
0.0	11.9
0.0	12.0
0.0	12.100000000000001
0.0	12.200000000000001
0.0	12.3
0.0	12.4
0.0	12.5
0.0	12.600000000000001
0.0	12.700000000000001
