a = 14163.308601228715 м
b = 14440.742347218398 м
x0 = 5668.979893765848 м
vr = 1605.012452693184 м/с
A0 = 1.217392385410796 м
Xmax = 16902.88048442296 м
sigmaX = 4489.9510125300785 м
sigmaY = 4743.186488174131 м
M0 = 2.6287149794704052e+19 Н*м - интегральное значение сейсмического момента
Mr_max = 3.97811914664656e+18 Н*м/с - максимальное значение функции источника
1-ый столбец - источника
2-ой столбец - время
0.0	0.0
128201784010161.42	0.1
1.6707525641733268e+16	0.2
3.329711267952193e+16	0.30000000000000004
5.0324266426193704e+16	0.4
6.751102345117328e+16	0.5
8.512483817054618e+16	0.6000000000000001
1.0223281314881885e+17	0.7000000000000001
1.2200224021885496e+17	0.8
1.419367998928449e+17	0.9
1.6297216088400403e+17	1.0
1.8448024847858912e+17	1.1
2.068335194905479e+17	1.2000000000000002
2.329364526281213e+17	1.3
2.583180194024671e+17	1.4000000000000001
2.857152981690544e+17	1.5
3.145399621051714e+17	1.6
3.462796606392504e+17	1.7000000000000002
3.7935091285305766e+17	1.8
4.141951196020989e+17	1.9000000000000001
4.5056334899837734e+17	2.0
4.9140350800172755e+17	2.1
5.256717649926021e+17	2.2
5.763082049878532e+17	2.3000000000000003
6.222175013053338e+17	2.4000000000000004
6.659568626605495e+17	2.5
7.139384891127118e+17	2.6
7.787827671957664e+17	2.7
8.341592883768778e+17	2.8000000000000003
8.862570845677716e+17	2.9000000000000004
9.432734691370566e+17	3.0
1.0113694492018455e+18	3.1
1.0684982800073582e+18	3.2
1.1532494995062948e+18	3.3000000000000003
1.2160916429558528e+18	3.4000000000000004
1.2895145680490668e+18	3.5
1.356179866902452e+18	3.6
1.4386376679934484e+18	3.7
1.5148578540428326e+18	3.8000000000000003
1.6004844293255163e+18	3.9000000000000004
1.6807351909458737e+18	4.0
1.763258213988354e+18	4.1000000000000005
1.8452591176380342e+18	4.2
1.9371595762014717e+18	4.3
2.028139493781269e+18	4.4
2.1015337455347264e+18	4.5
2.2231515440060948e+18	4.6000000000000005
2.2899627271537807e+18	4.7
2.3706312159190057e+18	4.800000000000001
2.457298171730629e+18	4.9
2.5719120832239196e+18	5.0
2.6597073730973624e+18	5.1000000000000005
2.7268714899582956e+18	5.2
2.8243686815820554e+18	5.300000000000001
2.896015680656857e+18	5.4
3.006882091686433e+18	5.5
3.084994863875193e+18	5.6000000000000005
3.1355270523952886e+18	5.7
3.2409463314005156e+18	5.800000000000001
3.317399378959695e+18	5.9
3.3943855271957924e+18	6.0
3.453438014684279e+18	6.1000000000000005
3.5032713962958643e+18	6.2
3.5498351224197243e+18	6.300000000000001
3.652481927127081e+18	6.4
3.6780614597195356e+18	6.5
3.7162337317435054e+18	6.6000000000000005
3.7577331495664184e+18	6.7
3.8179521446709366e+18	6.800000000000001
3.839036596149004e+18	6.9
3.8603699844776847e+18	7.0
3.8982005773355387e+18	7.1000000000000005
3.9136619330470676e+18	7.2
3.9315356045739986e+18	7.300000000000001
3.97811914664656e+18	7.4
3.9067536815380137e+18	7.5
3.9476115087669437e+18	7.6000000000000005
3.9501292017792824e+18	7.7
3.919602297415979e+18	7.800000000000001
3.9100148257020897e+18	7.9
3.8450968482413614e+18	8.0
3.830922713845804e+18	8.1
3.8310578085770875e+18	8.200000000000001
3.7608676286044636e+18	8.3
3.714087440942413e+18	8.4
3.663122668297216e+18	8.5
3.636885173386477e+18	8.6
3.587887312909274e+18	8.700000000000001
3.510743192108828e+18	8.8
3.4502278578214584e+18	8.9
3.397410348378416e+18	9.0
3.3244596590298255e+18	9.1
3.2642160871138883e+18	9.200000000000001
3.189092944035715e+18	9.3
3.0976116187724754e+18	9.4
3.0324787755019776e+18	9.5
2.9532785525697864e+18	9.600000000000001
2.8473273957643e+18	9.700000000000001
2.779851591917615e+18	9.8
2.66791900880948e+18	9.9
2.604814527296234e+18	10.0
2.52236832513214e+18	10.100000000000001
2.4261637707105505e+18	10.200000000000001
2.3229586144886313e+18	10.3
2.2504183749032236e+18	10.4
2.1537969711394084e+18	10.5
2.0858398906588687e+18	10.600000000000001
1.9906168963689964e+18	10.700000000000001
1.9014517052526034e+18	10.8
1.828633996458989e+18	10.9
1.7388475284724209e+18	11.0
1.669584197901186e+18	11.100000000000001
1.583306925500825e+18	11.200000000000001
1.499970928644515e+18	11.3
1.4187476398099223e+18	11.4
1.36018679570976e+18	11.5
1.2779446170288445e+18	11.600000000000001
1.210119695707984e+18	11.700000000000001
1.1382950408714478e+18	11.8
1.0786761585785905e+18	11.9
1.0134720500247556e+18	12.0
9.587166769880125e+17	12.100000000000001
8.852142043436284e+17	12.200000000000001
8.359805175132982e+17	12.3
7.753089530652627e+17	12.4
7.2559968345611e+17	12.5
6.743467720276649e+17	12.600000000000001
6.270439061966886e+17	12.700000000000001
5.778459121699476e+17	12.8
5.3458709169876346e+17	12.9
4.928512280525062e+17	13.0
4.529017422732854e+17	13.100000000000001
4.125380118069698e+17	13.200000000000001
3.7614660418113965e+17	13.3
3.3935474359858694e+17	13.4
3.065743519271767e+17	13.5
2.7090617222425062e+17	13.600000000000001
2.3771641417266582e+17	13.700000000000001
2.0437736057411616e+17	13.8
1.7115953383806122e+17	13.9
1.3613076890440704e+17	14.0
9.646068198078878e+16	14.100000000000001
3.649376118188434e+16	14.200000000000001
0.0	14.3
0.0	14.4
0.0	14.5
0.0	14.600000000000001
0.0	14.700000000000001
0.0	14.8
0.0	14.9
0.0	15.0
0.0	15.100000000000001
0.0	15.200000000000001
0.0	15.3
0.0	15.4
