a = 17864.92857938064 м
b = 17266.546152885825 м
x0 = 16610.56085424996 м
vr = 2097.0665063342985 м/с
A0 = 0.38960988342848524 м
Xmax = 15968.944762612042 м
sigmaX = 4558.559897856199 м
sigmaY = 4302.383796378685 м
M0 = 8.490516773881061e+18 Н*м - интегральное значение сейсмического момента
Mr_max = 2.4792165506509394e+18 Н*м/с - максимальное значение функции источника
1-ый столбец - источника
2-ой столбец - время
0.0	0.0
1213310354856428.0	0.1
1.9996414372299853e+17	0.2
4.022145100344081e+17	0.30000000000000004
5.958002483331176e+17	0.4
7.902395512130028e+17	0.5
9.735987970938021e+17	0.6000000000000001
1.1585408072599788e+18	0.7000000000000001
1.3195966055875215e+18	0.8
1.47469383055629e+18	0.9
1.6440796203887037e+18	1.0
1.7585869671359322e+18	1.1
1.9034422805327332e+18	1.2000000000000002
2.0088210503130662e+18	1.3
2.116861159524498e+18	1.4000000000000001
2.20943659247098e+18	1.5
2.280986413483674e+18	1.6
2.34983745239564e+18	1.7000000000000002
2.39782124888942e+18	1.8
2.429806077132736e+18	1.9000000000000001
2.4519887858228777e+18	2.0
2.4792165506509394e+18	2.1
2.4656475376507085e+18	2.2
2.4437697963702354e+18	2.3000000000000003
2.4281412748463345e+18	2.4000000000000004
2.4131959890367386e+18	2.5
2.36694038141923e+18	2.6
2.3145958562665293e+18	2.7
2.26155511418037e+18	2.8000000000000003
2.2105058938137226e+18	2.9000000000000004
2.1324637498934715e+18	3.0
2.065245405886768e+18	3.1
1.9818783089970765e+18	3.2
1.9051703479918472e+18	3.3000000000000003
1.8218729808756244e+18	3.4000000000000004
1.735085636271148e+18	3.5
1.647590356095354e+18	3.6
1.5622708134640174e+18	3.7
1.4898492406989517e+18	3.8000000000000003
1.3936447399429993e+18	3.9000000000000004
1.307257435789986e+18	4.0
1.2261291291601718e+18	4.1000000000000005
1.1417904157033007e+18	4.2
1.0630502255704242e+18	4.3
9.934680060620753e+17	4.4
9.146122307725495e+17	4.5
8.41957892504395e+17	4.6000000000000005
7.806799409039625e+17	4.7
7.16356405177669e+17	4.800000000000001
6.569144225441324e+17	4.9
5.982948139457736e+17	5.0
5.4969576296884525e+17	5.1000000000000005
4.9866783665527546e+17	5.2
4.5396963643684006e+17	5.300000000000001
4.1143031710409414e+17	5.4
3.692612833378562e+17	5.5
3.314436349362457e+17	5.6000000000000005
2.991155842168314e+17	5.7
2.6758604685088378e+17	5.800000000000001
2.376259789226906e+17	5.9
2.1221338677064592e+17	6.0
1.897627049645171e+17	6.1000000000000005
1.6750869453236224e+17	6.2
1.4833416577815277e+17	6.300000000000001
1.3105599927388072e+17	6.4
1.1492627338479502e+17	6.5
1.0130634832988982e+17	6.6000000000000005
8.893548221150283e+16	6.7
7.70255944830633e+16	6.800000000000001
6.7514901870488456e+16	6.9
5.893183001409765e+16	7.0
5.075840420745421e+16	7.1000000000000005
4.416967621618761e+16	7.2
3.8273488815517384e+16	7.300000000000001
3.2741341781490544e+16	7.4
2.8093409899276944e+16	7.5
2.4256527748222816e+16	7.6000000000000005
2.076570763614842e+16	7.7
1.7639887543698676e+16	7.800000000000001
1.5051811346542196e+16	7.9
1.2828677641026308e+16	8.0
4847399055736385.0	8.1
3354312404436809.5	8.200000000000001
2497401957373182.0	8.3
1885819617753287.0	8.4
1434806835417925.5	8.5
1098728057350285.8	8.6
827978136654918.4	8.700000000000001
620072630120869.1	8.8
450472172520314.4	8.9
315819694844948.8	9.0
197305091446686.4	9.1
66882545686266.71	9.200000000000001
0.0	9.3
0.0	9.4
0.0	9.5
0.0	9.600000000000001
0.0	9.700000000000001
0.0	9.8
0.0	9.9
0.0	10.0
0.0	10.100000000000001
