a = 8629.294780563774 м
b = 10822.125815922474 м
x0 = 4309.130977710167 м
vr = 1672.1014964605868 м/с
A0 = 1.0017030589487474 м
Xmax = 10164.981948956567 м
sigmaX = 4704.712568639085 м
sigmaY = 4940.851298257823 м
M0 = 2.0360680942906003e+19 Н*м - интегральное значение сейсмического момента
Mr_max = 3.795416479058075e+18 Н*м/с - максимальное значение функции источника
1-ый столбец - источника
2-ой столбец - время
0.0	0.0
1158199330245734.0	0.1
1.564834902790992e+17	0.2
3.080437951053735e+17	0.30000000000000004
4.608290767712944e+17	0.4
6.08288324202369e+17	0.5
7.610758254017334e+17	0.6000000000000001
9.058657000205815e+17	0.7000000000000001
1.0599562800459427e+18	0.8
1.1895336969527276e+18	0.9
1.3454066339858778e+18	1.0
1.4764931067579735e+18	1.1
1.6171075511325384e+18	1.2000000000000002
1.7627186017898724e+18	1.3
1.8967920166729528e+18	1.4000000000000001
2.0234099170678208e+18	1.5
2.1512993542258696e+18	1.6
2.273049441159644e+18	1.7000000000000002
2.400162750030372e+18	1.8
2.5105340387815194e+18	1.9000000000000001
2.634021496862777e+18	2.0
2.7371337552373125e+18	2.1
2.8479092680009836e+18	2.2
2.9589618255557755e+18	2.3000000000000003
3.091465786125496e+18	2.4000000000000004
3.155377925364184e+18	2.5
3.2295299052192174e+18	2.6
3.2957985348804296e+18	2.7
3.316598399645558e+18	2.8000000000000003
3.3855487667656694e+18	2.9000000000000004
3.445631351823931e+18	3.0
3.501654822662361e+18	3.1
3.5312298928026834e+18	3.2
3.5751546182680643e+18	3.3000000000000003
3.6376949341829975e+18	3.4000000000000004
3.6516999272204954e+18	3.5
3.6506502315951867e+18	3.6
3.7219102760714624e+18	3.7
3.7563586292183465e+18	3.8000000000000003
3.722401956865632e+18	3.9000000000000004
3.771645406319252e+18	4.0
3.795416479058075e+18	4.1000000000000005
3.791579135921822e+18	4.2
3.7700739377023805e+18	4.3
3.735433888895498e+18	4.4
3.750970567943991e+18	4.5
3.734253138787587e+18	4.6000000000000005
3.7017530926596173e+18	4.7
3.6930708888663194e+18	4.800000000000001
3.604207066778606e+18	4.9
3.604471725960919e+18	5.0
3.575306101334481e+18	5.1000000000000005
3.492966336539551e+18	5.2
3.4649888609936256e+18	5.300000000000001
3.405127329659262e+18	5.4
3.3440436690080476e+18	5.5
3.2047488029960105e+18	5.6000000000000005
3.2308507558645714e+18	5.7
3.1009407663613455e+18	5.800000000000001
3.0822509818018345e+18	5.9
2.945793342573405e+18	6.0
2.9083872687340723e+18	6.1000000000000005
2.799159855466076e+18	6.2
2.7083357834909517e+18	6.300000000000001
2.6227934029589893e+18	6.4
2.547688894572772e+18	6.5
2.456290672942552e+18	6.6000000000000005
2.370286788435988e+18	6.7
2.2780472107507446e+18	6.800000000000001
2.2082660161319747e+18	6.9
2.0840885838542241e+18	7.0
1.992766091736242e+18	7.1000000000000005
1.896482267549214e+18	7.2
1.8085976543165007e+18	7.300000000000001
1.7076484040085804e+18	7.4
1.608632762102376e+18	7.5
1.491239903539679e+18	7.6000000000000005
1.365269510855779e+18	7.7
1.1979959775047388e+18	7.800000000000001
0.0	7.9
0.0	8.0
0.0	8.1
0.0	8.200000000000001
0.0	8.3
0.0	8.4
0.0	8.5
0.0	8.6
0.0	8.700000000000001
0.0	8.8
0.0	8.9
0.0	9.0
0.0	9.1
0.0	9.200000000000001
0.0	9.3
0.0	9.4
0.0	9.5
0.0	9.600000000000001
0.0	9.700000000000001
0.0	9.8
0.0	9.9
0.0	10.0
0.0	10.100000000000001
0.0	10.200000000000001
0.0	10.3
0.0	10.4
0.0	10.5
0.0	10.600000000000001
0.0	10.700000000000001
0.0	10.8
0.0	10.9
0.0	11.0
0.0	11.100000000000001
0.0	11.200000000000001
0.0	11.3
