a = 7044.462247147952 м
b = 5828.986171918253 м
x0 = 5559.310140866438 м
vr = 1647.090464669926 м/с
A0 = 1.178971911001201 м
Xmax = 8889.925832667352 м
sigmaX = 4010.784663845802 м
sigmaY = 4910.626986932662 м
M0 = 1.468416495768161e+19 Н*м - интегральное значение сейсмического момента
Mr_max = 4.736717497280097e+18 Н*м/с - максимальное значение функции источника
1-ый столбец - источника
2-ой столбец - время
0.0	0.0
2063630012968873.2	0.1
2.7032236038338602e+17	0.2
5.3548131257971e+17	0.30000000000000004
8.003657051273725e+17	0.4
1.0629746688909574e+18	0.5
1.3126699217647188e+18	0.6000000000000001
1.5585010826803008e+18	0.7000000000000001
1.8106919693838006e+18	0.8
2.0328239049929418e+18	0.9
2.2473100582795448e+18	1.0
2.4972620139828383e+18	1.1
2.692301478140849e+18	1.2000000000000002
2.8980129058186757e+18	1.3
3.111249958212155e+18	1.4000000000000001
3.248132237970689e+18	1.5
3.4335661935157376e+18	1.6
3.619860798469563e+18	1.7000000000000002
3.7697034497602586e+18	1.8
3.904002917094975e+18	1.9000000000000001
3.9981135897913897e+18	2.0
4.163048636445602e+18	2.1
4.2667868082761585e+18	2.2
4.379790656745476e+18	2.3000000000000003
4.4406359150373e+18	2.4000000000000004
4.4983358966401833e+18	2.5
4.5801606371806413e+18	2.6
4.5741862246920417e+18	2.7
4.645944640456042e+18	2.8000000000000003
4.66552397582565e+18	2.9000000000000004
4.666720303825867e+18	3.0
4.736717497280097e+18	3.1
4.660698894149262e+18	3.2
4.687968262592473e+18	3.3000000000000003
4.351758663208686e+18	3.4000000000000004
3.8295959946099743e+18	3.5
3.6094593451451064e+18	3.6
3.4337632834036255e+18	3.7
3.245706069107536e+18	3.8000000000000003
3.0035388662590684e+18	3.9000000000000004
2.809484348895905e+18	4.0
2.626397517875892e+18	4.1000000000000005
2.439321138349042e+18	4.2
2.2469920137789084e+18	4.3
2.0135337544373527e+18	4.4
1.8618310426918405e+18	4.5
1.6719264604103772e+18	4.6000000000000005
1.4781018627586478e+18	4.7
1.286319217808691e+18	4.800000000000001
1.1051198576385043e+18	4.9
9.095082703026424e+17	5.0
7.004813487585261e+17	5.1000000000000005
4.468820153761613e+17	5.2
0.0	5.300000000000001
0.0	5.4
0.0	5.5
0.0	5.6000000000000005
0.0	5.7
0.0	5.800000000000001
0.0	5.9
0.0	6.0
0.0	6.1000000000000005
