a = 6877.724524295 м
b = 5830.3834219468345 м
x0 = 896.9871287743996 м
vr = 1705.257183752075 м/с
A0 = 0.7835216607671749 м
Xmax = 5672.365036296021 м
sigmaX = 4524.940752304826 м
sigmaY = 4276.893188903846 м
M0 = 1.013917798425685e+19 Н*м - интегральное значение сейсмического момента
Mr_max = 2.205208350973018e+18 Н*м/с - максимальное значение функции источника
1-ый столбец - источника
2-ой столбец - время
0.0	0.0
1149180872407921.5	0.1
1.5740762000281542e+17	0.2
3.134009180189088e+17	0.30000000000000004
4.6193165182408595e+17	0.4
6.137034223288879e+17	0.5
7.664885536544488e+17	0.6000000000000001
7.834003639230751e+17	0.7000000000000001
8.43527645969442e+17	0.8
9.070942709000558e+17	0.9
9.803454212525983e+17	1.0
1.0696329794857285e+18	1.1
1.13943998639849e+18	1.2000000000000002
1.215709419392261e+18	1.3
1.3051913630598328e+18	1.4000000000000001
1.3575170656434737e+18	1.5
1.4397834939909985e+18	1.6
1.5065921294051187e+18	1.7000000000000002
1.5920940781250606e+18	1.8
1.6645691244976658e+18	1.9000000000000001
1.7216130262539261e+18	2.0
1.7766989130732234e+18	2.1
1.81784683458701e+18	2.2
1.8957491157556147e+18	2.3000000000000003
1.9749538265777692e+18	2.4000000000000004
1.9823140396852805e+18	2.5
2.0377793295305876e+18	2.6
2.093782771660031e+18	2.7
2.1061522708417876e+18	2.8000000000000003
2.1120575850434022e+18	2.9000000000000004
2.136654401510527e+18	3.0
2.1510284649449697e+18	3.1
2.205208350973018e+18	3.2
2.1614556223189238e+18	3.3000000000000003
2.1503776495041884e+18	3.4000000000000004
2.184689672286348e+18	3.5
2.1351393252335096e+18	3.6
2.159027746864724e+18	3.7
2.1323537842544563e+18	3.8000000000000003
2.11475497629679e+18	3.9000000000000004
2.0747097105469773e+18	4.0
2.0552086124445023e+18	4.1000000000000005
2.0078850161803116e+18	4.2
1.9738076312606643e+18	4.3
1.9171194932979712e+18	4.4
1.8895454236921513e+18	4.5
1.858910921964983e+18	4.6000000000000005
1.7683448480066647e+18	4.7
1.7395137076655345e+18	4.800000000000001
1.6915064969804854e+18	4.9
1.6289050298058903e+18	5.0
1.582453512691047e+18	5.1000000000000005
1.5278790969216402e+18	5.2
1.4579584453955356e+18	5.300000000000001
1.4054312354164495e+18	5.4
1.3086437412133696e+18	5.5
1.249978998611843e+18	5.6000000000000005
1.2272530964433544e+18	5.7
1.1592689899460111e+18	5.800000000000001
1.093073320957377e+18	5.9
1.0182239583410328e+18	6.0
9.715775890823944e+17	6.1000000000000005
9.077601648588362e+17	6.2
8.497404961539749e+17	6.300000000000001
7.929540157472115e+17	6.4
7.28404647001933e+17	6.5
6.733659623191302e+17	6.6000000000000005
6.156167532032539e+17	6.7
5.6566106497580115e+17	6.800000000000001
5.013119631567464e+17	6.9
4.52752781007504e+17	7.0
3.989280227861967e+17	7.1000000000000005
3.4484901413807386e+17	7.2
2.897480625477053e+17	7.300000000000001
2.344105512138952e+17	7.4
1.711757212703744e+17	7.5
8.928534938024302e+16	7.6000000000000005
0.0	7.7
0.0	7.800000000000001
0.0	7.9
0.0	8.0
0.0	8.1
0.0	8.200000000000001
0.0	8.3
0.0	8.4
0.0	8.5
