a = 10223.21855589542 м
b = 11174.734732419904 м
x0 = 4239.718468985422 м
vr = 2204.670319022809 м/с
A0 = 1.6190903320530161 м
Xmax = 10704.620563769848 м
sigmaX = 4180.121848930382 м
sigmaY = 4766.376288044945 м
M0 = 3.2034988311231156e+19 Н*м - интегральное значение сейсмического момента
Mr_max = 7.71774799432588e+18 Н*м/с - максимальное значение функции источника
1-ый столбец - источника
2-ой столбец - время
0.0	0.0
1619396339352452.8	0.1
2.8716284995014214e+17	0.2
5.724142536529145e+17	0.30000000000000004
8.474192562198313e+17	0.4
1.144830457926877e+18	0.5
1.4105239651615104e+18	0.6000000000000001
1.7176840164320947e+18	0.7000000000000001
1.978524508561632e+18	0.8
2.287106688766346e+18	0.9
2.5721268714154143e+18	1.0
2.871124378467301e+18	1.1
3.1836044297453123e+18	1.2000000000000002
3.431737094886608e+18	1.3
3.768195483575277e+18	1.4000000000000001
4.0505405863808614e+18	1.5
4.3766662551676616e+18	1.6
4.631173639763679e+18	1.7000000000000002
4.871008793784439e+18	1.8
5.239289446610041e+18	1.9000000000000001
5.460455426060897e+18	2.0
5.635656437814317e+18	2.1
5.906106162607871e+18	2.2
6.146738872470287e+18	2.3000000000000003
6.360535888789228e+18	2.4000000000000004
6.532298329605194e+18	2.5
6.790271338241824e+18	2.6
6.867831827437006e+18	2.7
7.05818423154519e+18	2.8000000000000003
7.233168346915288e+18	2.9000000000000004
7.327558640420841e+18	3.0
7.483578249818723e+18	3.1
7.562165978283854e+18	3.2
7.649750832760861e+18	3.3000000000000003
7.687109949258601e+18	3.4000000000000004
7.573785135076826e+18	3.5
7.661879429836223e+18	3.6
7.71774799432588e+18	3.7
7.55717995580646e+18	3.8000000000000003
7.566034416149998e+18	3.9000000000000004
7.419788965789813e+18	4.0
7.245545780737391e+18	4.1000000000000005
7.229080913660945e+18	4.2
6.974254849209144e+18	4.3
6.807438575696168e+18	4.4
6.588626614869936e+18	4.5
6.395230678128996e+18	4.6000000000000005
6.166332640620341e+18	4.7
5.930933971118946e+18	4.800000000000001
5.661745127150968e+18	4.9
5.436421297301718e+18	5.0
5.194544771181779e+18	5.1000000000000005
4.891060637926237e+18	5.2
4.631697599255107e+18	5.300000000000001
4.4154908101369155e+18	5.4
4.0942474352203505e+18	5.5
3.879342218621187e+18	5.6000000000000005
3.601220173654394e+18	5.7
3.3425184606349005e+18	5.800000000000001
3.124592423914492e+18	5.9
2.8809973064347397e+18	6.0
2.6478614424682803e+18	6.1000000000000005
2.4284570255664056e+18	6.2
2.212622061236492e+18	6.300000000000001
2.0068494549091863e+18	6.4
1.7926208914479526e+18	6.5
1.5971688023977382e+18	6.6000000000000005
1.4267278267280376e+18	6.7
1.2439417407626765e+18	6.800000000000001
1.0760765007549978e+18	6.9
9.227299115935188e+17	7.0
7.621673851028763e+17	7.1000000000000005
6.080181907099068e+17	7.2
4.461300611033065e+17	7.300000000000001
2.4661075023297568e+17	7.4
0.0	7.5
0.0	7.6000000000000005
0.0	7.7
0.0	7.800000000000001
0.0	7.9
0.0	8.0
0.0	8.1
0.0	8.200000000000001
0.0	8.3
0.0	8.4
0.0	8.5
0.0	8.6
0.0	8.700000000000001
0.0	8.8
0.0	8.9
0.0	9.0
0.0	9.1
0.0	9.200000000000001
