a = 8954.648500937878 м
b = 6462.96355909248 м
x0 = 8084.163113890462 м
vr = 2222.0179296377664 м/с
A0 = 1.3350167582347852 м
Xmax = 7723.788393768992 м
sigmaX = 4587.478969191299 м
sigmaY = 4750.16502922861 м
M0 = 2.2062028844651127e+19 Н*м - интегральное значение сейсмического момента
Mr_max = 8.881166321455052e+18 Н*м/с - максимальное значение функции источника
1-ый столбец - источника
2-ой столбец - время
0.0	0.0
4435874734733533.5	0.1
7.797617741069002e+17	0.2
1.5675023113055647e+18	0.30000000000000004
2.3094541125194394e+18	0.4
3.0446622947350267e+18	0.5
3.7301687000408166e+18	0.6000000000000001
4.4030724053485025e+18	0.7000000000000001
5.013801107161918e+18	0.8
5.644305911266897e+18	0.9
6.135703021537609e+18	1.0
6.670588144030006e+18	1.1
7.109922613812532e+18	1.2000000000000002
7.441182864662981e+18	1.3
7.812501418898127e+18	1.4000000000000001
8.199349007781166e+18	1.5
8.479684536144311e+18	1.6
8.634971966387479e+18	1.7000000000000002
8.75079266197286e+18	1.8
8.881166321455052e+18	1.9000000000000001
8.871308299804844e+18	2.0
8.879210437537386e+18	2.1
8.84729742925319e+18	2.2
8.729241758648145e+18	2.3000000000000003
8.685866020459091e+18	2.4000000000000004
8.497152598870093e+18	2.5
8.344180070930321e+18	2.6
8.132789350863875e+18	2.7
7.936365975542003e+18	2.8000000000000003
7.647700231402021e+18	2.9000000000000004
6.569365961887867e+18	3.0
5.16425679531663e+18	3.1
4.2386208813106714e+18	3.2
3.4556005423107436e+18	3.3000000000000003
2.8670652792512937e+18	3.4000000000000004
2.375568407365434e+18	3.5
1.8554695272565448e+18	3.6
1.3287378786540746e+18	3.7
8.626256423584717e+17	3.8000000000000003
7.18034143493632e+17	3.9000000000000004
5.977312125525101e+17	4.0
4.7589863420057824e+17	4.1000000000000005
3.796362396365291e+17	4.2
2.8286277132677664e+17	4.3
1.903663380023031e+17	4.4
7.43089703744017e+16	4.5
0.0	4.6000000000000005
0.0	4.7
0.0	4.800000000000001
0.0	4.9
0.0	5.0
0.0	5.1000000000000005
0.0	5.2
0.0	5.300000000000001
0.0	5.4
