a = 10460.818491311788 м
b = 11609.624964986344 м
x0 = 1127.6617427401093 м
vr = 1709.7034146993797 м/с
A0 = 0.5002184445226718 м
Xmax = 12644.222135581193 м
sigmaX = 4996.559941645568 м
sigmaY = 4403.150827317164 м
M0 = 1.0143951094401825e+19 Н*м - интегральное значение сейсмического момента
Mr_max = 1.572308850695762e+18 Н*м/с - максимальное значение функции источника
1-ый столбец - источника
2-ой столбец - время
0.0	0.0
90164098594979.98	0.1
1.2460729488147612e+16	0.2
2.4704400912705956e+16	0.30000000000000004
3.705960273598021e+16	0.4
4.9771555926055816e+16	0.5
6.199687027259905e+16	0.6000000000000001
7.58772097523334e+16	0.7000000000000001
8.30527770129863e+16	0.8
9.256568122385634e+16	0.9
1.0295504944228445e+17	1.0
1.135957775451364e+17	1.1
1.2657190755089902e+17	1.2000000000000002
1.3917633479696027e+17	1.3
1.5390044248521392e+17	1.4000000000000001
1.7136632893800058e+17	1.5
1.8875142270296806e+17	1.6
2.0742886534544346e+17	1.7000000000000002
2.2471873850905066e+17	1.8
2.4219402190248032e+17	1.9000000000000001
2.6331358031275376e+17	2.0
2.869571776363876e+17	2.1
3.0733246040263277e+17	2.2
3.299228417936512e+17	2.3000000000000003
3.5636355858388864e+17	2.4000000000000004
3.755546950377213e+17	2.5
4.098044870540128e+17	2.6
4.3179296706603034e+17	2.7
4.603697756416454e+17	2.8000000000000003
4.9187488371965e+17	2.9000000000000004
5.2121610065502835e+17	3.0
5.527949339174482e+17	3.1
5.850582105414529e+17	3.2
6.130237041860125e+17	3.3000000000000003
6.490022042106968e+17	3.4000000000000004
6.833809092719643e+17	3.5
7.02872085971361e+17	3.6
7.529694698913787e+17	3.7
7.810564083830881e+17	3.8000000000000003
8.158615444902675e+17	3.9000000000000004
8.57871076078325e+17	4.0
8.909493357389829e+17	4.1000000000000005
9.125587650897588e+17	4.2
9.576415435722721e+17	4.3
9.84139197640253e+17	4.4
1.0233649447747685e+18	4.5
1.0647710695800137e+18	4.6000000000000005
1.0851557756674752e+18	4.7
1.1306976116952188e+18	4.800000000000001
1.1575443008066386e+18	4.9
1.1835157192543406e+18	5.0
1.2106456154463747e+18	5.1000000000000005
1.2653937171451041e+18	5.2
1.2900304213055232e+18	5.300000000000001
1.3188535790937236e+18	5.4
1.3359546353941484e+18	5.5
1.3694830843657196e+18	5.6000000000000005
1.3880610435694825e+18	5.7
1.4074270923585746e+18	5.800000000000001
1.4319508534444022e+18	5.9
1.4500943223044275e+18	6.0
1.482886246396078e+18	6.1000000000000005
1.4802366013484337e+18	6.2
1.5200035247886953e+18	6.300000000000001
1.5269185155236964e+18	6.4
1.5407156541518659e+18	6.5
1.530768825963092e+18	6.6000000000000005
1.535310900622323e+18	6.7
1.558656426873057e+18	6.800000000000001
1.5650378048321725e+18	6.9
1.5526495025363622e+18	7.0
1.572308850695762e+18	7.1000000000000005
1.556430760238638e+18	7.2
1.5468586459724657e+18	7.300000000000001
1.546837131080606e+18	7.4
1.5433252006618386e+18	7.5
1.5447496569035535e+18	7.6000000000000005
1.535765117203522e+18	7.7
1.5161629928863585e+18	7.800000000000001
1.4949299822765228e+18	7.9
1.4894428391773192e+18	8.0
1.4697489867398615e+18	8.1
1.4454098951193162e+18	8.200000000000001
1.431680617570613e+18	8.3
1.4040462108548575e+18	8.4
1.383341634743247e+18	8.5
1.358980263265017e+18	8.6
1.3323487162649574e+18	8.700000000000001
1.2880166045029622e+18	8.8
1.2684276829031841e+18	8.9
1.2435084688894892e+18	9.0
1.2067969386000586e+18	9.1
1.1711765576978796e+18	9.200000000000001
1.1526497095748524e+18	9.3
1.1096607956853966e+18	9.4
1.0836665649197203e+18	9.5
1.0557274987279585e+18	9.600000000000001
1.0069929847782116e+18	9.700000000000001
9.78571250057711e+17	9.8
9.438611278383991e+17	9.9
9.075156793981838e+17	10.0
8.752272165541087e+17	10.100000000000001
8.396152637095985e+17	10.200000000000001
8.018637780896471e+17	10.3
7.639900280663022e+17	10.4
7.281819005179831e+17	10.5
6.93467926301501e+17	10.600000000000001
6.646066649628018e+17	10.700000000000001
6.24318195927685e+17	10.8
5.834580498641588e+17	10.9
5.4708006060836544e+17	11.0
5.0587152511197395e+17	11.100000000000001
4.6449357077709536e+17	11.200000000000001
4.142419838753348e+17	11.3
3.6040190902954854e+17	11.4
2.953225765551244e+17	11.5
2.0038334206847152e+17	11.600000000000001
0.0	11.700000000000001
0.0	11.8
0.0	11.9
0.0	12.0
0.0	12.100000000000001
0.0	12.200000000000001
0.0	12.3
0.0	12.4
0.0	12.5
0.0	12.600000000000001
0.0	12.700000000000001
0.0	12.8
0.0	12.9
0.0	13.0
0.0	13.100000000000001
0.0	13.200000000000001
0.0	13.3
0.0	13.4
0.0	13.5
0.0	13.600000000000001
0.0	13.700000000000001
0.0	13.8
0.0	13.9
