a = 5894.241532211384 м
b = 5644.061571614013 м
x0 = 588.6163991222401 м
vr = 1862.345968340062 м/с
A0 = 0.48714501549239986 м
Xmax = 7225.106539365822 м
sigmaX = 4851.088706189944 м
sigmaY = 4296.126203929461 м
M0 = 5.619254021194129e+18 Н*м - интегральное значение сейсмического момента
Mr_max = 1.4065750683374065e+18 Н*м/с - максимальное значение функции источника
1-ый столбец - источника
2-ой столбец - время
0.0	0.0
534047853062531.44	0.1
7.905068445001875e+16	0.2
1.591337785775901e+17	0.30000000000000004
2.3504231122766086e+17	0.4
2.5711580588400544e+17	0.5
2.8797918955268624e+17	0.6000000000000001
3.33925894982531e+17	0.7000000000000001
3.8477831954716435e+17	0.8
4.2660540082915066e+17	0.9
4.7075483462173926e+17	1.0
5.269158972271513e+17	1.1
5.771837379074513e+17	1.2000000000000002
6.283293085279562e+17	1.3
6.701072414951091e+17	1.4000000000000001
7.273770412773239e+17	1.5
7.829317401224924e+17	1.6
8.265425067696251e+17	1.7000000000000002
8.792919903279256e+17	1.8
9.256542162205999e+17	1.9000000000000001
9.556393453523485e+17	2.0
9.998251405770401e+17	2.1
1.0573887669231274e+18	2.2
1.105571048286084e+18	2.3000000000000003
1.1166388905576099e+18	2.4000000000000004
1.1639825042021092e+18	2.5
1.2031827873370737e+18	2.6
1.2352441185987546e+18	2.7
1.2548927251063734e+18	2.8000000000000003
1.2947735833023368e+18	2.9000000000000004
1.3240408540090678e+18	3.0
1.3247364620752148e+18	3.1
1.3663766779949084e+18	3.2
1.376077029789899e+18	3.3000000000000003
1.350838343943396e+18	3.4000000000000004
1.3933807381069655e+18	3.5
1.4065750683374065e+18	3.6
1.3958306791010376e+18	3.7
1.396602195587208e+18	3.8000000000000003
1.40511387464403e+18	3.9000000000000004
1.3744026066164024e+18	4.0
1.3812186168410284e+18	4.1000000000000005
1.3628851147931635e+18	4.2
1.3159236955494625e+18	4.3
1.3118867578205755e+18	4.4
1.2870435316629192e+18	4.5
1.269204005399429e+18	4.6000000000000005
1.2294649754177966e+18	4.7
1.1973124566489718e+18	4.800000000000001
1.1634079270244739e+18	4.9
1.10824593587054e+18	5.0
1.072864646429506e+18	5.1000000000000005
1.0200327827173763e+18	5.2
9.632647302838756e+17	5.300000000000001
9.052745376566433e+17	5.4
8.387593884383246e+17	5.5
7.737295782435322e+17	5.6000000000000005
6.963080296166493e+17	5.7
6.067327920440538e+17	5.800000000000001
5.045261247302153e+17	5.9
3.6846155406261523e+17	6.0
1.356256428404943e+17	6.1000000000000005
0.0	6.2
0.0	6.300000000000001
0.0	6.4
0.0	6.5
0.0	6.6000000000000005
0.0	6.7
0.0	6.800000000000001
0.0	6.9
0.0	7.0
