a = 5240.3518828165015 м
b = 5187.469828368553 м
x0 = 243.16406736501764 м
vr = 2147.622855410511 м/с
A0 = 1.6911549996658441 м
Xmax = 5126.732976165187 м
sigmaX = 4737.251856589191 м
sigmaY = 4517.537094038383 м
M0 = 1.7769193503093285e+19 Н*м - интегральное значение сейсмического момента
Mr_max = 5.603027420325794e+18 Н*м/с - максимальное значение функции источника
1-ый столбец - источника
2-ой столбец - время
0.0	0.0
3203597487941719.5	0.1
5.509110327243456e+17	0.2
7.46553671272211e+17	0.30000000000000004
1.0389981392800513e+18	0.4
1.3231505918807043e+18	0.5
1.5853093822782367e+18	0.6000000000000001
1.885556677226952e+18	0.7000000000000001
2.2088126839028884e+18	0.8
2.520238339693576e+18	0.9
2.7732926109142554e+18	1.0
3.0317937186965053e+18	1.1
3.383536664645197e+18	1.2000000000000002
3.66967530238306e+18	1.3
3.872405842298691e+18	1.4000000000000001
4.0398740146012e+18	1.5
4.2974495621098906e+18	1.6
4.482098591542752e+18	1.7000000000000002
4.760839090880406e+18	1.8
4.820221673010028e+18	1.9000000000000001
5.061573247173301e+18	2.0
5.218574718384123e+18	2.1
5.266847613910221e+18	2.2
5.404422807856682e+18	2.3000000000000003
5.437179338897639e+18	2.4000000000000004
5.514906723614425e+18	2.5
5.603027420325794e+18	2.6
5.506975825041376e+18	2.7
5.518477827294974e+18	2.8000000000000003
5.495848089542137e+18	2.9000000000000004
5.475460306014284e+18	3.0
5.397951760207412e+18	3.1
5.355420042239406e+18	3.2
5.186215401235897e+18	3.3000000000000003
4.988089712560881e+18	3.4000000000000004
4.898464959247832e+18	3.5
4.772073749744513e+18	3.6
4.5458119922022856e+18	3.7
4.3023493577182054e+18	3.8000000000000003
4.0755384857104783e+18	3.9000000000000004
3.8941093954790313e+18	4.0
3.566762871603276e+18	4.1000000000000005
3.3527886156750147e+18	4.2
3.0427955837137874e+18	4.3
2.761115181362151e+18	4.4
2.415188302765501e+18	4.5
2.0335029098391882e+18	4.6000000000000005
1.5935775913059428e+18	4.7
1.0129640134382474e+18	4.800000000000001
0.0	4.9
0.0	5.0
0.0	5.1000000000000005
0.0	5.2
0.0	5.300000000000001
0.0	5.4
0.0	5.5
0.0	5.6000000000000005
0.0	5.7
