a = 6687.6866357039635 м
b = 7211.811436819839 м
x0 = 831.555075906675 м
vr = 1788.2657533863055 м/с
A0 = 0.8723643148937386 м
Xmax = 5048.480922755198 м
sigmaX = 4772.442242943873 м
sigmaY = 4314.412214011469 м
M0 = 1.2580166560971573e+19 Н*м - интегральное значение сейсмического момента
Mr_max = 2.7963823631052846e+18 Н*м/с - максимальное значение функции источника
1-ый столбец - источника
2-ой столбец - время
0.0	0.0
1584750674583689.5	0.1
2.2811536788490554e+17	0.2
4.522190356965248e+17	0.30000000000000004
6.68976930558869e+17	0.4
8.856786406296054e+17	0.5
9.890061247082164e+17	0.6000000000000001
1.0534076822425417e+18	0.7000000000000001
1.1538337597302387e+18	0.8
1.2577940382129206e+18	0.9
1.357898718244718e+18	1.0
1.438518608975281e+18	1.1
1.5637341791438728e+18	1.2000000000000002
1.6706019968632745e+18	1.3
1.7794453974463524e+18	1.4000000000000001
1.871755391938001e+18	1.5
1.9587826915988744e+18	1.6
2.067676788138316e+18	1.7000000000000002
2.1529756920165809e+18	1.8
2.2410459519558456e+18	1.9000000000000001
2.297299234048484e+18	2.0
2.394019161381871e+18	2.1
2.463399362950173e+18	2.2
2.4989945920634404e+18	2.3000000000000003
2.58226585754301e+18	2.4000000000000004
2.6438971795378714e+18	2.5
2.6798766030107034e+18	2.6
2.7087981700036956e+18	2.7
2.7736057737456717e+18	2.8000000000000003
2.7662093833482153e+18	2.9000000000000004
2.7845245817043927e+18	3.0
2.7843796501994547e+18	3.1
2.7767345961694495e+18	3.2
2.7963823631052846e+18	3.3000000000000003
2.7851042942389345e+18	3.4000000000000004
2.740017939005498e+18	3.5
2.7598400840147804e+18	3.6
2.726718975576083e+18	3.7
2.7173933688623355e+18	3.8000000000000003
2.657824694461566e+18	3.9000000000000004
2.571228030113332e+18	4.0
2.553957171203175e+18	4.1000000000000005
2.4732454555058877e+18	4.2
2.433254627876999e+18	4.3
2.3382706097205663e+18	4.4
2.325584373011485e+18	4.5
2.2294946943401313e+18	4.6000000000000005
2.1746750101427965e+18	4.7
2.1119526346439867e+18	4.800000000000001
2.0270902036590444e+18	4.9
1.960906386769364e+18	5.0
1.8801193651117855e+18	5.1000000000000005
1.7844513459473303e+18	5.2
1.7121712177987889e+18	5.300000000000001
1.6320586860454753e+18	5.4
1.5616220274495647e+18	5.5
1.4785623405132593e+18	5.6000000000000005
1.4004953628415094e+18	5.7
1.3172279448126075e+18	5.800000000000001
1.2405557549221975e+18	5.9
1.1716276590990449e+18	6.0
1.0917142369155425e+18	6.1000000000000005
1.0063676035235023e+18	6.2
9.273347276500622e+17	6.300000000000001
8.474856936003875e+17	6.4
7.752621050857718e+17	6.5
6.92031423718328e+17	6.6000000000000005
6.041092680062135e+17	6.7
5.170557480951189e+17	6.800000000000001
4.182482326072567e+17	6.9
3.024302910763151e+17	7.0
1.1073776627846594e+17	7.1000000000000005
0.0	7.2
0.0	7.300000000000001
0.0	7.4
0.0	7.5
0.0	7.6000000000000005
0.0	7.7
0.0	7.800000000000001
0.0	7.9
0.0	8.0
0.0	8.1
0.0	8.200000000000001
0.0	8.3
0.0	8.4
0.0	8.5
