a = 16206.433944864079 м
b = 13126.360165072296 м
x0 = 5897.02366939425 м
vr = 2172.2912313295164 м/с
A0 = 1.0142883936985725 м
Xmax = 16189.076168665866 м
sigmaX = 4338.623028975636 м
sigmaY = 4921.35408681403 м
M0 = 2.270960428251109e+19 Н*м - интегральное значение сейсмического момента
Mr_max = 4.784166539043073e+18 Н*м/с - максимальное значение функции источника
1-ый столбец - источника
2-ой столбец - время
0.0	0.0
198574970365554.7	0.1
3.4828921794466964e+16	0.2
6.981140659739871e+16	0.30000000000000004
1.0516852830193064e+17	0.4
1.4291250068683811e+17	0.5
1.8072145132961594e+17	0.6000000000000001
2.2184703377788438e+17	0.7000000000000001
2.666667418254008e+17	0.8
3.134834779306975e+17	0.9
3.63593842425824e+17	1.0
4.19584604204488e+17	1.1
4.750668493344558e+17	1.2000000000000002
5.4353270732286586e+17	1.3
6.080698074886296e+17	1.4000000000000001
6.872323549335941e+17	1.5
7.517115965987346e+17	1.6
8.484792367529204e+17	1.7000000000000002
9.386377199165217e+17	1.8
1.0276453640177211e+18	1.9000000000000001
1.1377080472739708e+18	2.0
1.2390986087038717e+18	2.1
1.3582652968547052e+18	2.2
1.4670019966183063e+18	2.3000000000000003
1.5951767531771738e+18	2.4000000000000004
1.7192079708267464e+18	2.5
1.8570388026091005e+18	2.6
1.9961631629072963e+18	2.7
2.1506506343924692e+18	2.8000000000000003
2.2743853395479196e+18	2.9000000000000004
2.409078846215918e+18	3.0
2.5928553645153316e+18	3.1
2.736942204871645e+18	3.2
2.8947737287815793e+18	3.3000000000000003
3.037250936523161e+18	3.4000000000000004
3.189312767658835e+18	3.5
3.318240488371334e+18	3.6
3.43162806647208e+18	3.7
3.6504910776985805e+18	3.8000000000000003
3.769690183648162e+18	3.9000000000000004
3.91227075212965e+18	4.0
4.0068052680754693e+18	4.1000000000000005
4.1235753497711544e+18	4.2
4.2248810200530924e+18	4.3
4.3054389725624914e+18	4.4
4.4396956477512397e+18	4.5
4.555865036370718e+18	4.6000000000000005
4.612580487650482e+18	4.7
4.631324649648605e+18	4.800000000000001
4.706154376513417e+18	4.9
4.676702022722559e+18	5.0
4.726242563863504e+18	5.1000000000000005
4.751549818387518e+18	5.2
4.784166539043073e+18	5.300000000000001
4.780971643016307e+18	5.4
4.714291576684657e+18	5.5
4.694463453101876e+18	5.6000000000000005
4.574940539368499e+18	5.7
4.515694625558721e+18	5.800000000000001
4.485433714068445e+18	5.9
4.382309349066957e+18	6.0
4.29850360462962e+18	6.1000000000000005
4.1854977736901955e+18	6.2
4.0660119317744164e+18	6.300000000000001
3.9204394861177605e+18	6.4
3.8177398349730094e+18	6.5
3.670375093475224e+18	6.6000000000000005
3.5417407750664986e+18	6.7
3.412486629667233e+18	6.800000000000001
3.270006981237756e+18	6.9
3.118258787508083e+18	7.0
2.955517715349316e+18	7.1000000000000005
2.818243035601236e+18	7.2
2.664684489629911e+18	7.300000000000001
2.539112545282541e+18	7.4
2.392583217461168e+18	7.5
2.2325318212432888e+18	7.6000000000000005
2.0929475468876014e+18	7.7
1.944999916822453e+18	7.800000000000001
1.8179540335116122e+18	7.9
1.70098239069182e+18	8.0
1.5745356005530929e+18	8.1
1.4477049258994693e+18	8.200000000000001
1.3389554091789427e+18	8.3
1.231063475481159e+18	8.4
1.1255467682007241e+18	8.5
1.0346908645291395e+18	8.6
9.399810751908943e+17	8.700000000000001
8.582441124917716e+17	8.8
7.735830801876782e+17	8.9
6.971002923652792e+17	9.0
6.259485043762509e+17	9.1
5.658630329463272e+17	9.200000000000001
5.051188474890141e+17	9.3
4.508691605513626e+17	9.4
4.015322635499044e+17	9.5
3.551919522839113e+17	9.600000000000001
3.1448469119157696e+17	9.700000000000001
2.7798380986740656e+17	9.8
2.421391163489603e+17	9.9
2.143793003084441e+17	10.0
1.8630440921765078e+17	10.100000000000001
1.6203798770077328e+17	10.200000000000001
1.3941809081949466e+17	10.3
1.2101133677387078e+17	10.4
1.0403949891816154e+17	10.5
8.95506385023789e+16	10.600000000000001
7.615467212306642e+16	10.700000000000001
6.4607389076166856e+16	10.8
5.460468664082133e+16	10.9
4.578792212200549e+16	11.0
3.838737212974321e+16	11.100000000000001
3.18301518434381e+16	11.200000000000001
2.638618387645185e+16	11.3
2.164847403208419e+16	11.4
1.7509237647566036e+16	11.5
1.4109220796439202e+16	11.600000000000001
1.1225630748050292e+16	11.700000000000001
8768642940561133.0	11.8
6674954946308735.0	11.9
4937526769967479.0	12.0
3433628226109558.5	12.100000000000001
2095406578207160.8	12.200000000000001
475465782383470.94	12.3
0.0	12.4
0.0	12.5
0.0	12.600000000000001
0.0	12.700000000000001
0.0	12.8
0.0	12.9
0.0	13.0
0.0	13.100000000000001
0.0	13.200000000000001
