a = 14797.321760824494 м
b = 16083.704019900259 м
x0 = 638.2374839672154 м
vr = 2100.9148862356583 м/с
A0 = 1.0167210279889085 м
Xmax = 13433.14410445508 м
sigmaX = 4521.837971968264 м
sigmaY = 4954.03127563506 м
M0 = 2.3578723581637968e+19 Н*м - интегральное значение сейсмического момента
Mr_max = 4.5227685787949015e+18 Н*м/с - максимальное значение функции источника
1-ый столбец - источника
2-ой столбец - время
0.0	0.0
58557823576365.6	0.1
9997782487700040.0	0.2
2.0075945643886276e+16	0.30000000000000004
3.054814542432877e+16	0.4
3.575222081209863e+16	0.5
4.435041216253255e+16	0.6000000000000001
5.483111071815924e+16	0.7000000000000001
6.685940662469909e+16	0.8
8.107541620201765e+16	0.9
9.739950769359208e+16	1.0
1.14215551781829e+17	1.1
1.3349822726999826e+17	1.2000000000000002
1.5721850530902442e+17	1.3
1.807629140272254e+17	1.4000000000000001
2.0711052075060448e+17	1.5
2.3535378389129546e+17	1.6
2.7295122127062416e+17	1.7000000000000002
3.0809772312323e+17	1.8
3.4927588071651744e+17	1.9000000000000001
3.925879206303852e+17	2.0
4.42586910290402e+17	2.1
4.9486126141616224e+17	2.2
5.4707460397483866e+17	2.3000000000000003
6.060221002747802e+17	2.4000000000000004
6.731656011042345e+17	2.5
7.419175093919489e+17	2.6
8.10374198773e+17	2.7
8.879943793039834e+17	2.8000000000000003
9.746109674994708e+17	2.9000000000000004
1.070263892754999e+18	3.0
1.1494579769085464e+18	3.1
1.241462356425049e+18	3.2
1.3564912926423875e+18	3.3000000000000003
1.4628346368987162e+18	3.4000000000000004
1.572134082193436e+18	3.5
1.685432523172752e+18	3.6
1.8137884385446426e+18	3.7
1.9348214384665823e+18	3.8000000000000003
2.0404211060492403e+18	3.9000000000000004
2.1746805110794388e+18	4.0
2.315206726269849e+18	4.1000000000000005
2.4449575034721766e+18	4.2
2.5638175165067013e+18	4.3
2.6907767029201946e+18	4.4
2.836719963201184e+18	4.5
2.974256168076699e+18	4.6000000000000005
3.076997889077837e+18	4.7
3.203998500351951e+18	4.800000000000001
3.3407041587745265e+18	4.9
3.4681349897362094e+18	5.0
3.579832546163384e+18	5.1000000000000005
3.6698996287113375e+18	5.2
3.824649597770024e+18	5.300000000000001
3.891297873069346e+18	5.4
4.0097286601099796e+18	5.5
4.0415238406825073e+18	5.6000000000000005
4.188432327870569e+18	5.7
4.2561056235169316e+18	5.800000000000001
4.326415342367501e+18	5.9
4.3768371264374477e+18	6.0
4.414022386850985e+18	6.1000000000000005
4.4830651486888714e+18	6.2
4.4820355558716093e+18	6.300000000000001
4.460414451606249e+18	6.4
4.496094415567233e+18	6.5
4.5227685787949015e+18	6.6000000000000005
4.500017966986809e+18	6.7
4.421232943082041e+18	6.800000000000001
4.438936715996277e+18	6.9
4.3904134687377377e+18	7.0
4.3396497660492436e+18	7.1000000000000005
4.254868383442627e+18	7.2
4.1823753380945193e+18	7.300000000000001
4.146023748271119e+18	7.4
4.0671787438791603e+18	7.5
3.9444867602119593e+18	7.6000000000000005
3.8602261260495186e+18	7.7
3.7376978406187587e+18	7.800000000000001
3.649238000323839e+18	7.9
3.5156212751423124e+18	8.0
3.4309351331295365e+18	8.1
3.3030197218104023e+18	8.200000000000001
3.164183667322834e+18	8.3
3.032272690680485e+18	8.4
2.904054033016098e+18	8.5
2.786023819000235e+18	8.6
2.629794212594639e+18	8.700000000000001
2.5199588053236736e+18	8.8
2.383520457936193e+18	8.9
2.257406151097197e+18	9.0
2.1431785998548892e+18	9.1
2.007064663510211e+18	9.200000000000001
1.9030130556007544e+18	9.3
1.7886043398768195e+18	9.4
1.6564562488200417e+18	9.5
1.5651695380047363e+18	9.600000000000001
1.452098817882534e+18	9.700000000000001
1.3570213155763167e+18	9.8
1.250423357968632e+18	9.9
1.1660443919437107e+18	10.0
1.0803366116920813e+18	10.100000000000001
9.96559225016597e+17	10.200000000000001
9.125475151250299e+17	10.3
8.434186023939914e+17	10.4
7.69588859109265e+17	10.5
7.001076861206792e+17	10.600000000000001
6.386633309874486e+17	10.700000000000001
5.81157831222523e+17	10.8
5.307649845615011e+17	10.9
4.766790130953828e+17	11.0
4.317522376670478e+17	11.100000000000001
3.901495704093604e+17	11.200000000000001
3.494356308121597e+17	11.3
3.1441311732894483e+17	11.4
2.8000267266836086e+17	11.5
2.5151452097062413e+17	11.600000000000001
2.2325501091136323e+17	11.700000000000001
1.9811483529967498e+17	11.8
1.762559211796751e+17	11.9
1.5555761211652464e+17	12.0
1.363273409765973e+17	12.100000000000001
1.2003066969231603e+17	12.200000000000001
1.0533813452902018e+17	12.3
9.172255865925954e+16	12.4
7.952211969235418e+16	12.5
6.896317280235235e+16	12.600000000000001
5.9504833171293096e+16	12.700000000000001
5.130528246399282e+16	12.8
4.377459628596517e+16	12.9
3.725481255942552e+16	13.0
3.1320963616471764e+16	13.100000000000001
2.615353718682293e+16	13.200000000000001
2.1585703666944524e+16	13.3
1.762690906086931e+16	13.4
1.4011826132969452e+16	13.5
1.0764725976570216e+16	13.600000000000001
7759841644802373.0	13.700000000000001
4674137743253397.0	13.8
0.0	13.9
0.0	14.0
0.0	14.100000000000001
0.0	14.200000000000001
0.0	14.3
0.0	14.4
0.0	14.5
0.0	14.600000000000001
0.0	14.700000000000001
0.0	14.8
0.0	14.9
0.0	15.0
0.0	15.100000000000001
0.0	15.200000000000001
0.0	15.3
0.0	15.4
0.0	15.5
0.0	15.600000000000001
0.0	15.700000000000001
0.0	15.8
0.0	15.9
0.0	16.0
