a = 9288.811448426157 м
b = 7104.929559472324 м
x0 = 8179.209447683541 м
vr = 1686.542974691453 м/с
A0 = 1.9355737053203765 м
Xmax = 7488.694237912267 м
sigmaX = 4065.8154641565716 м
sigmaY = 4079.683951982877 м
M0 = 2.878131976503958e+19 Н*м - интегральное значение сейсмического момента
Mr_max = 8.672096763505155e+18 Н*м/с - максимальное значение функции источника
1-ый столбец - источника
2-ой столбец - время
0.0	0.0
4826370992587880.0	0.1
6.509032250509194e+17	0.2
1.2888324928549053e+18	0.30000000000000004
1.9299157867130568e+18	0.4
2.5279776538567864e+18	0.5
3.1363716250743055e+18	0.6000000000000001
3.6984532410037975e+18	0.7000000000000001
4.240603380570814e+18	0.8
4.810083223966958e+18	0.9
5.235462337375272e+18	1.0
5.760516782429345e+18	1.1
6.219838089615016e+18	1.2000000000000002
6.554643730200056e+18	1.3
6.95253486954963e+18	1.4000000000000001
7.257701387988132e+18	1.5
7.610180494611943e+18	1.6
7.792230480928351e+18	1.7000000000000002
8.045629375605711e+18	1.8
8.268132600381817e+18	1.9000000000000001
8.378781858173292e+18	2.0
8.531877131918021e+18	2.1
8.637280311292657e+18	2.2
8.618248618944861e+18	2.3000000000000003
8.65862470051592e+18	2.4000000000000004
8.672096763505155e+18	2.5
8.62681631410194e+18	2.6
8.545630785357951e+18	2.7
8.481985790722285e+18	2.8000000000000003
8.350751841694775e+18	2.9000000000000004
8.176312399773522e+18	3.0
8.018520535660213e+18	3.1
7.792882969034357e+18	3.2
7.687942270072194e+18	3.3000000000000003
7.421238301533363e+18	3.4000000000000004
7.120962695553838e+18	3.5
6.942910398375026e+18	3.6
6.676719908586894e+18	3.7
6.453185048195543e+18	3.8000000000000003
6.19958115391784e+18	3.9000000000000004
5.888263487848107e+18	4.0
5.619317527954216e+18	4.1000000000000005
5.363750962597024e+18	4.2
4.198516379607006e+18	4.3
3.390766779212486e+18	4.4
2.788695007932606e+18	4.5
2.332170807928938e+18	4.6000000000000005
1.8865480673652285e+18	4.7
1.498998144233922e+18	4.800000000000001
1.08788854157798e+18	4.9
6.659833026860026e+17	5.0
5.711758794580817e+17	5.1000000000000005
4.9204886181634534e+17	5.2
4.180646683875086e+17	5.300000000000001
3.5668759609691757e+17	5.4
2.996251060262817e+17	5.5
2.505711521875e+17	5.6000000000000005
2.078441464313904e+17	5.7
1.6942515679992224e+17	5.800000000000001
1.3362909101120354e+17	5.9
1.0262799342443381e+17	6.0
7.236985477952038e+16	6.1000000000000005
4.1042189334108936e+16	6.2
0.0	6.300000000000001
0.0	6.4
0.0	6.5
0.0	6.6000000000000005
0.0	6.7
0.0	6.800000000000001
0.0	6.9
0.0	7.0
0.0	7.1000000000000005
