a = 9382.259275394303 м
b = 10855.946809812525 м
x0 = 7744.2525391331255 м
vr = 1890.90062211255 м/с
A0 = 1.7584561228995348 м
Xmax = 7278.827367240367 м
sigmaX = 4225.048938625192 м
sigmaY = 4550.46694791132 м
M0 = 3.2525690338045284e+19 Н*м - интегральное значение сейсмического момента
Mr_max = 9.55978964902937e+18 Н*м/с - максимальное значение функции источника
1-ый столбец - источника
2-ой столбец - время
0.0	0.0
4957331588915586.0	0.1
7.428445830135366e+17	0.2
1.4814180744172623e+18	0.30000000000000004
2.177552448789357e+18	0.4
2.915190330199486e+18	0.5
3.564289976513774e+18	0.6000000000000001
4.218957970515924e+18	0.7000000000000001
4.83551933446815e+18	0.8
5.445532905851905e+18	0.9
6.073386823444604e+18	1.0
6.567619479024458e+18	1.1
7.059663577187974e+18	1.2000000000000002
7.506359111209477e+18	1.3
7.812861008907912e+18	1.4000000000000001
8.300753000941883e+18	1.5
8.542357817991238e+18	1.6
8.881126082621706e+18	1.7000000000000002
9.056205322431439e+18	1.8
9.2394111657323e+18	1.9000000000000001
9.358916338943115e+18	2.0
9.467919800892244e+18	2.1
9.558665988252393e+18	2.2
9.550223451270437e+18	2.3000000000000003
9.55978964902937e+18	2.4000000000000004
9.506900537885463e+18	2.5
9.353244366699975e+18	2.6
9.318294817455229e+18	2.7
9.112053619054957e+18	2.8000000000000003
8.979530368543632e+18	2.9000000000000004
8.710266946857824e+18	3.0
8.501431679934672e+18	3.1
8.306243820108497e+18	3.2
8.054234745866843e+18	3.3000000000000003
7.719818363965498e+18	3.4000000000000004
7.454601099122745e+18	3.5
7.185488257470951e+18	3.6
6.879714233386699e+18	3.7
6.56430248685814e+18	3.8000000000000003
6.283755112654899e+18	3.9000000000000004
5.948440723383656e+18	4.0
5.668427548102867e+18	4.1000000000000005
5.211659480876577e+18	4.2
4.3726696338870753e+18	4.3
3.8968521466777846e+18	4.4
3.4917634490054456e+18	4.5
3.1173478471697393e+18	4.6000000000000005
2.814754151309316e+18	4.7
2.535786255789346e+18	4.800000000000001
2.2303540863248717e+18	4.9
2.011316602479115e+18	5.0
1.7698108444850125e+18	5.1000000000000005
1.5668326190773187e+18	5.2
1.3820527386103084e+18	5.300000000000001
1.208144477293894e+18	5.4
1.0462612082697161e+18	5.5
9.01755871699185e+17	5.6000000000000005
7.67984696749639e+17	5.7
6.45995270191392e+17	5.800000000000001
5.28529830631145e+17	5.9
2.8876186933450144e+17	6.0
0.0	6.1000000000000005
0.0	6.2
0.0	6.300000000000001
0.0	6.4
0.0	6.5
0.0	6.6000000000000005
0.0	6.7
0.0	6.800000000000001
0.0	6.9
0.0	7.0
0.0	7.1000000000000005
0.0	7.2
0.0	7.300000000000001
0.0	7.4
0.0	7.5
0.0	7.6000000000000005
0.0	7.7
0.0	7.800000000000001
0.0	7.9
0.0	8.0
0.0	8.1
0.0	8.200000000000001
0.0	8.3
