a = 8810.521383296256 м
b = 11102.231504713547 м
x0 = 915.6552781678416 м
vr = 1695.3744308113496 м/с
A0 = 1.3280174706212926 м
Xmax = 7270.556870956726 м
sigmaX = 4745.884544478367 м
sigmaY = 4774.436725571331 м
M0 = 2.730802757874247e+19 Н*м - интегральное значение сейсмического момента
Mr_max = 4.750537882357144e+18 Н*м/с - максимальное значение функции источника
1-ый столбец - источника
2-ой столбец - время
0.0	0.0
1379574478431011.0	0.1
1.8763118931406896e+17	0.2
3.736557134633694e+17	0.30000000000000004
5.564036318731112e+17	0.4
7.427243669909883e+17	0.5
9.275071673164069e+17	0.6000000000000001
9.924828788128403e+17	0.7000000000000001
1.0672162770263757e+18	0.8
1.1859908789699282e+18	0.9
1.287727412961606e+18	1.0
1.4269570170102682e+18	1.1
1.5296275817040056e+18	1.2000000000000002
1.667192427628991e+18	1.3
1.7994309777474406e+18	1.4000000000000001
1.9403382007108032e+18	1.5
2.071205836153294e+18	1.6
2.1891886317792899e+18	1.7000000000000002
2.3432982125777075e+18	1.8
2.4572073379997665e+18	1.9000000000000001
2.624913396001108e+18	2.0
2.7573013699474893e+18	2.1
2.86927596584276e+18	2.2
2.9809922230825313e+18	2.3000000000000003
3.129733969240447e+18	2.4000000000000004
3.2832752168195497e+18	2.5
3.384253999396737e+18	2.6
3.530828012864244e+18	2.7
3.64763626096008e+18	2.8000000000000003
3.784420351909677e+18	2.9000000000000004
3.8803772419147264e+18	3.0
4.000134807134545e+18	3.1
4.0803158553384955e+18	3.2
4.195047278248864e+18	3.3000000000000003
4.246839657754646e+18	3.4000000000000004
4.3219159183629834e+18	3.5
4.4018378798848584e+18	3.6
4.5172248983936737e+18	3.7
4.621736349509987e+18	3.8000000000000003
4.5794340611305216e+18	3.9000000000000004
4.649565830349441e+18	4.0
4.671946022356379e+18	4.1000000000000005
4.706558384864892e+18	4.2
4.727403715030869e+18	4.3
4.712204707153609e+18	4.4
4.693842428092335e+18	4.5
4.699234244381834e+18	4.6000000000000005
4.750537882357144e+18	4.7
4.741394000442182e+18	4.800000000000001
4.727929771978187e+18	4.9
4.672820969553894e+18	5.0
4.64981275296397e+18	5.1000000000000005
4.6059587476821924e+18	5.2
4.549617312379292e+18	5.300000000000001
4.4852284606454687e+18	5.4
4.438380809264272e+18	5.5
4.3351588259828357e+18	5.6000000000000005
4.2699858656129633e+18	5.7
4.210131273495845e+18	5.800000000000001
4.1097881566921733e+18	5.9
3.9971920972369203e+18	6.0
3.9499733106611205e+18	6.1000000000000005
3.788731133461041e+18	6.2
3.723037002411284e+18	6.300000000000001
3.6414381759422116e+18	6.4
3.50975085518697e+18	6.5
3.440334393034092e+18	6.6000000000000005
3.3056085412128717e+18	6.7
3.205377730035483e+18	6.800000000000001
3.0830318094487265e+18	6.9
3.0006525816951127e+18	7.0
2.885050114206665e+18	7.1000000000000005
2.7796737078969984e+18	7.2
2.674367214423462e+18	7.300000000000001
2.5490424508703565e+18	7.4
2.419971591581775e+18	7.5
2.3274312328773304e+18	7.6000000000000005
2.2267620284763497e+18	7.7
2.1128021356351386e+18	7.800000000000001
1.9916840353074895e+18	7.9
1.892410050955025e+18	8.0
1.8102896335530478e+18	8.1
1.7162571881897073e+18	8.200000000000001
1.6068867244225272e+18	8.3
1.5159755592782712e+18	8.4
1.429440714299453e+18	8.5
1.3330872761466616e+18	8.6
1.2594611322365455e+18	8.700000000000001
1.1727229183955172e+18	8.8
1.0938848016018615e+18	8.9
1.0101890944000396e+18	9.0
9.370271593650054e+17	9.1
8.636766314850465e+17	9.200000000000001
7.889614865528164e+17	9.3
7.198883273905513e+17	9.4
6.444833739715237e+17	9.5
5.689105748468879e+17	9.600000000000001
4.838823831955949e+17	9.700000000000001
3.8674431201280314e+17	9.8
2.4202411398802614e+17	9.9
0.0	10.0
0.0	10.100000000000001
0.0	10.200000000000001
0.0	10.3
0.0	10.4
0.0	10.5
0.0	10.600000000000001
0.0	10.700000000000001
0.0	10.8
0.0	10.9
0.0	11.0
0.0	11.100000000000001
0.0	11.200000000000001
0.0	11.3
0.0	11.4
0.0	11.5
0.0	11.600000000000001
0.0	11.700000000000001
0.0	11.8
0.0	11.9
0.0	12.0
0.0	12.100000000000001
0.0	12.200000000000001
0.0	12.3
0.0	12.4
0.0	12.5
0.0	12.600000000000001
0.0	12.700000000000001
0.0	12.8
0.0	12.9
0.0	13.0
0.0	13.100000000000001
0.0	13.200000000000001
0.0	13.3
0.0	13.4
0.0	13.5
