a = 17732.84633720087 м
b = 14545.460507738062 м
x0 = 9851.007324073347 м
vr = 1587.0391164633613 м/с
A0 = 2.1740918770236473 м
Xmax = 13076.682926610954 м
sigmaX = 4439.601695437996 м
sigmaY = 4102.184614366588 м
M0 = 4.446538943460586e+19 Н*м - интегральное значение сейсмического момента
Mr_max = 9.01723442354211e+18 Н*м/с - максимальное значение функции источника
1-ый столбец - источника
2-ой столбец - время
0.0	0.0
3977479137188570.5	0.1
5.048060286735022e+17	0.2
1.0078796667806899e+18	0.30000000000000004
1.5083850668253248e+18	0.4
1.9875387222994412e+18	0.5
2.4728927979008614e+18	0.6000000000000001
2.936894253238591e+18	0.7000000000000001
3.4163705300799063e+18	0.8
3.8317682634817843e+18	0.9
4.2816415550887777e+18	1.0
4.732837583353131e+18	1.1
5.133012195827788e+18	1.2000000000000002
5.527843027112587e+18	1.3
5.855251171547426e+18	1.4000000000000001
6.236595756746074e+18	1.5
6.589755600109744e+18	1.6
6.895932978974637e+18	1.7000000000000002
7.167247082180474e+18	1.8
7.487028247351016e+18	1.9000000000000001
7.719239389685253e+18	2.0
7.939273325310326e+18	2.1
8.147477552189966e+18	2.2
8.312702287077464e+18	2.3000000000000003
8.517418059546469e+18	2.4000000000000004
8.6084163883342e+18	2.5
8.72839318236865e+18	2.6
8.854693166765831e+18	2.7
8.961935797114866e+18	2.8000000000000003
8.926800667989411e+18	2.9000000000000004
8.996271616538539e+18	3.0
9.01723442354211e+18	3.1
8.999039601529186e+18	3.2
8.969961164611531e+18	3.3000000000000003
8.937682926947023e+18	3.4000000000000004
8.855818203487927e+18	3.5
8.782028571856525e+18	3.6
8.633213224856363e+18	3.7
8.549067850987913e+18	3.8000000000000003
8.411908901316972e+18	3.9000000000000004
8.3228720700044e+18	4.0
8.137871422039377e+18	4.1000000000000005
8.016767638624861e+18	4.2
7.82079481332855e+18	4.3
7.620146326164729e+18	4.4
7.383800284308483e+18	4.5
7.203830879182212e+18	4.6000000000000005
7.020312458249852e+18	4.7
6.796608106918439e+18	4.800000000000001
6.655885275467477e+18	4.9
6.393892646377491e+18	5.0
6.193967908557045e+18	5.1000000000000005
5.955154350834883e+18	5.2
5.724255007943772e+18	5.300000000000001
5.480722102870563e+18	5.4
5.331096403882943e+18	5.5
5.090429295300369e+18	5.6000000000000005
4.84994351857574e+18	5.7
4.691070944366091e+18	5.800000000000001
4.4844600880083113e+18	5.9
4.2698126218350346e+18	6.0
4.0464050444001905e+18	6.1000000000000005
3.8514365204034207e+18	6.2
3.660416710191403e+18	6.300000000000001
3.4006711963041997e+18	6.4
3.1953973112967516e+18	6.5
3.010050867519407e+18	6.6000000000000005
2.8373927346248694e+18	6.7
2.6797732750223846e+18	6.800000000000001
2.50825709561217e+18	6.9
2.368678497434953e+18	7.0
2.2075774282222502e+18	7.1000000000000005
2.0565061986363907e+18	7.2
1.9452502505697628e+18	7.300000000000001
1.804321692319182e+18	7.4
1.6683067945777605e+18	7.5
1.589082814600936e+18	7.6000000000000005
1.459389797794077e+18	7.7
1.3617795527188462e+18	7.800000000000001
1.2743396018384794e+18	7.9
1.1815894498875315e+18	8.0
1.0838078311017783e+18	8.1
1.0060266391838244e+18	8.200000000000001
9.284108206296076e+17	8.3
8.518161930763876e+17	8.4
7.920878848682372e+17	8.5
7.367724747764215e+17	8.6
6.732413031864963e+17	8.700000000000001
6.188631124994621e+17	8.8
5.6472590523311795e+17	8.9
5.162379300322731e+17	9.0
4.6781956739345766e+17	9.1
4.320421006911714e+17	9.200000000000001
3.935152397366232e+17	9.3
3.593406130236615e+17	9.4
3.2747764167923437e+17	9.5
2.9854370959537856e+17	9.600000000000001
2.6921439591283805e+17	9.700000000000001
2.4257445843745898e+17	9.8
2.1980047078277594e+17	9.9
1.986323882240927e+17	10.0
1.797320564909412e+17	10.100000000000001
1.6308489065639654e+17	10.200000000000001
1.4687631960162557e+17	10.3
1.3242613494113107e+17	10.4
1.1845639562533395e+17	10.5
1.0691438610807754e+17	10.600000000000001
9.523492133737605e+16	10.700000000000001
8.492315637055982e+16	10.8
7.563748694833099e+16	10.9
6.74666954226312e+16	11.0
6.050146840068217e+16	11.100000000000001
5.359451536552193e+16	11.200000000000001
4.78044269256921e+16	11.3
4.210836548900908e+16	11.4
3.756311553256766e+16	11.5
3.3228460574105444e+16	11.600000000000001
2.895020795199125e+16	11.700000000000001
2.5709943812579556e+16	11.8
2.26435787723893e+16	11.9
1.9836691647968896e+16	12.0
1.7675473334179964e+16	12.100000000000001
1.5463457532007206e+16	12.200000000000001
1.3446624842082504e+16	12.3
1.1813580738197942e+16	12.4
1.0332484806999102e+16	12.5
9012922854648404.0	12.600000000000001
7773431586619085.0	12.700000000000001
6802328821460234.0	12.8
5889260297025159.0	12.9
5089804996241806.0	13.0
4416479068396292.5	13.100000000000001
3806101367956228.5	13.200000000000001
3308980621059715.5	13.3
2826426933736710.5	13.4
2459881507541392.5	13.5
2090255917320626.2	13.600000000000001
1801718179322853.2	13.700000000000001
1533791553619667.0	13.8
1304616645427480.5	13.9
1117765281351388.6	14.0
952039323205824.8	14.100000000000001
806866942623901.0	14.200000000000001
681044365480848.9	14.3
576479130831716.6	14.4
484584516772654.5	14.5
406843305235475.7	14.600000000000001
341340531156745.06	14.700000000000001
285053995017680.06	14.8
237575052688429.38	14.9
196932863352927.22	15.0
162307440363547.56	15.100000000000001
133899462614816.73	15.200000000000001
109300777140996.81	15.3
88583994319383.45	15.4
71479868108092.7	15.5
56922583375114.51	15.600000000000001
44903284668467.76	15.700000000000001
34738585360639.305	15.8
26094947741530.395	15.9
18821577135574.434	16.0
12258257847101.047	16.1
5684748326845.802	16.2
0.0	16.3
0.0	16.400000000000002
0.0	16.5
0.0	16.6
0.0	16.7
0.0	16.8
0.0	16.900000000000002
0.0	17.0
0.0	17.1
