a = 16562.924599429658 м
b = 18151.13274328314 м
x0 = 15704.494209783888 м
vr = 1670.2079641471573 м/с
A0 = 0.7857844118510797 м
Xmax = 16255.00122089034 м
sigmaX = 4425.382336419164 м
sigmaY = 4593.8240681415355 м
M0 = 1.759870531149211e+19 Н*м - интегральное значение сейсмического момента
Mr_max = 4.030823842379244e+18 Н*м/с - максимальное значение функции источника
1-ый столбец - источника
2-ой столбец - время
0.0	0.0
1953489527704225.5	0.1
2.635643954033217e+17	0.2
5.143602952791198e+17	0.30000000000000004
7.785919645714236e+17	0.4
1.020390254247369e+18	0.5
1.2655747577561178e+18	0.6000000000000001
1.5058522307450673e+18	0.7000000000000001
1.74207428595283e+18	0.8
1.9713606658346076e+18	0.9
2.1850151181841948e+18	1.0
2.3735955920147425e+18	1.1
2.581920540355608e+18	1.2000000000000002
2.7590368895029125e+18	1.3
2.922625884308585e+18	1.4000000000000001
3.102235226517265e+18	1.5
3.2552175661979085e+18	1.6
3.3711772742069734e+18	1.7000000000000002
3.493840414064283e+18	1.8
3.6267165475051704e+18	1.9000000000000001
3.694851323975168e+18	2.0
3.775807682020823e+18	2.1
3.8522580972202435e+18	2.2
3.902261811168983e+18	2.3000000000000003
3.968661615900413e+18	2.4000000000000004
4.005233938692874e+18	2.5
4.0081432035224325e+18	2.6
4.012286262505701e+18	2.7
4.030823842379244e+18	2.8000000000000003
4.023192622749066e+18	2.9000000000000004
3.929244281450093e+18	3.0
3.9144419588224333e+18	3.1
3.9084657099830477e+18	3.2
3.840647925461516e+18	3.3000000000000003
3.776077566788194e+18	3.4000000000000004
3.7016452577478246e+18	3.5
3.6360769650650245e+18	3.6
3.568394343538453e+18	3.7
3.500510100720476e+18	3.8000000000000003
3.3392719929195177e+18	3.9000000000000004
3.2688611488122747e+18	4.0
3.1795977564128947e+18	4.1000000000000005
3.072294759086522e+18	4.2
2.9391694058251397e+18	4.3
2.8508605480153795e+18	4.4
2.760124616092321e+18	4.5
2.6393859966896404e+18	4.6000000000000005
2.5176046647129815e+18	4.7
2.4079261540591437e+18	4.800000000000001
2.2988634116433436e+18	4.9
2.1993628312620838e+18	5.0
2.0936841922707743e+18	5.1000000000000005
1.9787807914889247e+18	5.2
1.9017475289559808e+18	5.300000000000001
1.7882136274953649e+18	5.4
1.684787822331337e+18	5.5
1.5742979044683948e+18	5.6000000000000005
1.500972987504118e+18	5.7
1.4173477425211569e+18	5.800000000000001
1.3191540507578683e+18	5.9
1.2321370611285504e+18	6.0
1.159156012057911e+18	6.1000000000000005
1.079943271141493e+18	6.2
1.0043507774731087e+18	6.300000000000001
9.363832269225784e+17	6.4
8.724197923548374e+17	6.5
8.0723058991566e+17	6.6000000000000005
7.535918335510828e+17	6.7
6.895435531125313e+17	6.800000000000001
6.376775463535228e+17	6.9
5.905130974774948e+17	7.0
5.4098752664580154e+17	7.1000000000000005
4.9481750075845274e+17	7.2
4.550149502069298e+17	7.300000000000001
4.1943612886818963e+17	7.4
3.8971152488922835e+17	7.5
3.448369630866969e+17	7.6000000000000005
3.150283348687778e+17	7.7
2.9132035782742246e+17	7.800000000000001
2.6115729942752544e+17	7.9
2.3801717392505056e+17	8.0
2.1551905654234195e+17	8.1
1.9583574412183194e+17	8.200000000000001
1.7684985991433946e+17	8.3
1.591952348585819e+17	8.4
1.4329150570042325e+17	8.5
1.2916228624536347e+17	8.6
1.1637285309967643e+17	8.700000000000001
1.0400677737605618e+17	8.8
9.306612144375278e+16	8.9
8.326383189281475e+16	9.0
7.44984580175455e+16	9.1
6.642430908791742e+16	9.200000000000001
5.8975701435806424e+16	9.3
5.2502913655406056e+16	9.4
4.650053241813378e+16	9.5
3.9284553846805576e+16	9.600000000000001
3.394501472791456e+16	9.700000000000001
2.936501893240717e+16	9.8
2.540677122504238e+16	9.9
2.2007668570091164e+16	10.0
1.8851806951483896e+16	10.100000000000001
1.635051844074037e+16	10.200000000000001
1.4151583820495428e+16	10.3
1.2071516665441626e+16	10.4
1.0273622476040682e+16	10.5
7323636944874687.0	10.600000000000001
5348594385789478.0	10.700000000000001
3817712079835081.0	10.8
2501291459496141.5	10.9
1176261379486295.0	11.0
0.0	11.100000000000001
0.0	11.200000000000001
0.0	11.3
0.0	11.4
0.0	11.5
0.0	11.600000000000001
0.0	11.700000000000001
0.0	11.8
0.0	11.9
0.0	12.0
0.0	12.100000000000001
0.0	12.200000000000001
0.0	12.3
0.0	12.4
0.0	12.5
0.0	12.600000000000001
0.0	12.700000000000001
0.0	12.8
0.0	12.9
0.0	13.0
0.0	13.100000000000001
0.0	13.200000000000001
0.0	13.3
