a = 10486.72859544999 м
b = 7533.6181759536585 м
x0 = 9829.487416693202 м
vr = 2153.623725170667 м/с
A0 = 1.5926616527161568 м
Xmax = 13600.747162495767 м
sigmaX = 4162.365548466184 м
sigmaY = 4349.037675390016 м
M0 = 2.513987638799677e+19 Н*м - интегральное значение сейсмического момента
Mr_max = 7.989339219111741e+18 Н*м/с - максимальное значение функции источника
1-ый столбец - источника
2-ой столбец - время
0.0	0.0
3413312022106507.5	0.1
5.902414808714056e+17	0.2
1.1647645928028726e+18	0.30000000000000004
1.7439363023985649e+18	0.4
2.29070326039306e+18	0.5
2.844787351335164e+18	0.6000000000000001
3.3566112039493243e+18	0.7000000000000001
3.8066482410385915e+18	0.8
4.3297707240274406e+18	0.9
4.758770594409739e+18	1.0
5.172361778248497e+18	1.1
5.58574998910111e+18	1.2000000000000002
5.947266284068867e+18	1.3
6.32928913121608e+18	1.4000000000000001
6.664417940083616e+18	1.5
6.938723864694108e+18	1.6
7.158568860364115e+18	1.7000000000000002
7.386054342151761e+18	1.8
7.57637392493915e+18	1.9000000000000001
7.739526524581668e+18	2.0
7.739247998530417e+18	2.1
7.831256404185326e+18	2.2
7.96312670487435e+18	2.3000000000000003
7.914913730210149e+18	2.4000000000000004
7.989339219111741e+18	2.5
7.958353477667479e+18	2.6
7.911141518371339e+18	2.7
7.825275459209181e+18	2.8000000000000003
7.706271765924305e+18	2.9000000000000004
7.565940277758159e+18	3.0
7.314898333473796e+18	3.1
7.14315744292882e+18	3.2
6.930560823272518e+18	3.3000000000000003
6.723140750584117e+18	3.4000000000000004
6.558983819213731e+18	3.5
5.996245740823289e+18	3.6
5.267864313728488e+18	3.7
4.836474546761745e+18	3.8000000000000003
4.38120151271582e+18	3.9000000000000004
3.9620563816547195e+18	4.0
3.537832714946699e+18	4.1000000000000005
3.1727521566790666e+18	4.2
2.8329735763107446e+18	4.3
2.5198829419078477e+18	4.4
2.2230143994420324e+18	4.5
1.9294214917270502e+18	4.6000000000000005
1.6595923448146954e+18	4.7
1.4025286535304988e+18	4.800000000000001
1.1666878837771807e+18	4.9
9.32727450528726e+17	5.0
6.914850585504147e+17	5.1000000000000005
4.2243528405597005e+17	5.2
0.0	5.300000000000001
0.0	5.4
0.0	5.5
0.0	5.6000000000000005
0.0	5.7
0.0	5.800000000000001
0.0	5.9
0.0	6.0
0.0	6.1000000000000005
