a = 12212.854608226766 м
b = 7766.467780455142 м
x0 = 6156.867641064537 м
vr = 1945.8658909459261 м/с
A0 = 1.0152501065484396 м
Xmax = 10172.154763701601 м
sigmaX = 4611.562421236393 м
sigmaY = 4314.754404122715 м
M0 = 1.9422461369919963e+19 Н*м - интегральное значение сейсмического момента
Mr_max = 5.02077025313062e+18 Н*м/с - максимальное значение функции источника
1-ый столбец - источника
2-ой столбец - время
0.0	0.0
2029600870034998.8	0.1
3.1440816351899654e+17	0.2
6.29613241204592e+17	0.30000000000000004
9.389755572485676e+17	0.4
1.241779916898501e+18	0.5
1.5394086102894584e+18	0.6000000000000001
1.8296107428465085e+18	0.7000000000000001
2.1157939659000732e+18	0.8
2.376472334137831e+18	0.9
2.648906616327617e+18	1.0
2.888243913459285e+18	1.1
3.1460035382663163e+18	1.2000000000000002
3.345032072071143e+18	1.3
3.561665359634405e+18	1.4000000000000001
3.7415247606605573e+18	1.5
3.949224462529964e+18	1.6
4.1324695495035817e+18	1.7000000000000002
4.271974104030387e+18	1.8
4.423013437072958e+18	1.9000000000000001
4.5633361958556063e+18	2.0
4.652880694687545e+18	2.1
4.72888701230114e+18	2.2
4.845965060838256e+18	2.3000000000000003
4.857917626415654e+18	2.4000000000000004
4.939141770983492e+18	2.5
4.956756382532785e+18	2.6
5.007871639082597e+18	2.7
5.02077025313062e+18	2.8000000000000003
4.993576240384287e+18	2.9000000000000004
4.967670969497556e+18	3.0
4.925197200111258e+18	3.1
4.5743269419754573e+18	3.2
4.195570912846826e+18	3.3000000000000003
4.0851911160661207e+18	3.4000000000000004
4.0034914731669207e+18	3.5
3.893684200340039e+18	3.6
3.7746823245400387e+18	3.7
3.6415764736394824e+18	3.8000000000000003
3.547639483025242e+18	3.9000000000000004
3.409332041267067e+18	4.0
3.3083480953585244e+18	4.1000000000000005
3.1346025595529687e+18	4.2
3.0270483206555054e+18	4.3
2.9022756155131837e+18	4.4
2.765744272552041e+18	4.5
2.628979805864911e+18	4.6000000000000005
2.507856616093364e+18	4.7
2.3847640694723226e+18	4.800000000000001
2.257324148789798e+18	4.9
2.159673013804869e+18	5.0
2.0415652945203387e+18	5.1000000000000005
1.9127289248623706e+18	5.2
1.8195063349683574e+18	5.300000000000001
1.7106134614656753e+18	5.4
1.5973945310783055e+18	5.5
1.4857105733935148e+18	5.6000000000000005
1.3720886673170647e+18	5.7
1.3014074324723558e+18	5.800000000000001
1.2067950825547668e+18	5.9
1.1204730149162209e+18	6.0
1.0332936097416082e+18	6.1000000000000005
9.628422154655585e+17	6.2
8.798737099523286e+17	6.300000000000001
8.24685034058242e+17	6.4
7.49316532648654e+17	6.5
6.850792096100293e+17	6.6000000000000005
6.269371368437704e+17	6.7
5.712206237186721e+17	6.800000000000001
5.2219396019667565e+17	6.9
4.700687306095662e+17	7.0
4.250842679121983e+17	7.1000000000000005
3.9055442093644614e+17	7.2
3.455330825636327e+17	7.300000000000001
3.106671484027767e+17	7.4
2.7943756182917088e+17	7.5
2.491477262204975e+17	7.6000000000000005
2.2247616493180397e+17	7.7
1.964116191280772e+17	7.800000000000001
1.7450910255051898e+17	7.9
1.5290393194048448e+17	8.0
1.3507704661305707e+17	8.1
1.1788796655286725e+17	8.200000000000001
1.0332334207179208e+17	8.3
8.84936978907302e+16	8.4
7.651581010058586e+16	8.5
6.549378220107624e+16	8.6
5.554329513023555e+16	8.700000000000001
4.663615267318388e+16	8.8
3.860278451556073e+16	8.9
3.143001107375528e+16	9.0
2.5069993553913496e+16	9.1
1.929651539683613e+16	9.200000000000001
1.3939809139874646e+16	9.3
8551908660260542.0	9.4
0.0	9.5
0.0	9.600000000000001
0.0	9.700000000000001
0.0	9.8
0.0	9.9
0.0	10.0
0.0	10.100000000000001
0.0	10.200000000000001
0.0	10.3
