a = 8716.336647016884 м
b = 7186.011954275691 м
x0 = 3842.2809740759894 м
vr = 1883.6416957109377 м/с
A0 = 1.9275804741810152 м
Xmax = 6761.259977573021 м
sigmaX = 4805.11831747679 м
sigmaY = 4902.061410780089 м
M0 = 3.46362524897281e+19 Н*м - интегральное значение сейсмического момента
Mr_max = 9.889512592548155e+18 Н*м/с - максимальное значение функции источника
1-ый столбец - источника
2-ой столбец - время
0.0	0.0
4530215915545176.0	0.1
6.882670349661827e+17	0.2
1.346436834923756e+18	0.30000000000000004
2.0366490689207703e+18	0.4
2.6524735705841393e+18	0.5
3.289215486306036e+18	0.6000000000000001
3.914925519956607e+18	0.7000000000000001
4.570600366827128e+18	0.8
5.134709277221413e+18	0.9
5.685316976217308e+18	1.0
6.189158301820977e+18	1.1
6.707257446639842e+18	1.2000000000000002
7.169446332178113e+18	1.3
7.587492544398937e+18	1.4000000000000001
8.079697846305542e+18	1.5
8.502728201250495e+18	1.6
8.848532271035515e+18	1.7000000000000002
9.197803849915862e+18	1.8
9.49599786791767e+18	1.9000000000000001
9.696293793084502e+18	2.0
9.889512592548155e+18	2.1
9.395549196729119e+18	2.2
9.155469392918302e+18	2.3000000000000003
8.808623426881981e+18	2.4000000000000004
8.713630203770834e+18	2.5
8.615200192349267e+18	2.6
8.382130912003574e+18	2.7
8.205419081288833e+18	2.8000000000000003
8.025471715847995e+18	2.9000000000000004
7.94844053705337e+18	3.0
7.770412467737392e+18	3.1
7.595508733482936e+18	3.2
7.424298073345454e+18	3.3000000000000003
7.363027474644624e+18	3.4000000000000004
7.009989111624523e+18	3.5
6.795186620936203e+18	3.6
6.608329053998427e+18	3.7
6.357155472704512e+18	3.8000000000000003
6.069232084986413e+18	3.9000000000000004
5.866140774892713e+18	4.0
5.707981461340165e+18	4.1000000000000005
5.44993748116797e+18	4.2
5.164863833044463e+18	4.3
4.898703943477946e+18	4.4
4.729226671110092e+18	4.5
4.487588058991648e+18	4.6000000000000005
4.1640389857766267e+18	4.7
3.982081138471975e+18	4.800000000000001
3.788623383069538e+18	4.9
3.531272788245176e+18	5.0
3.2991178367146706e+18	5.1000000000000005
3.096732823546642e+18	5.2
2.89330040181145e+18	5.300000000000001
2.645718172290938e+18	5.4
2.462448173902364e+18	5.5
2.282014685749751e+18	5.6000000000000005
2.1169558288674593e+18	5.7
1.9494176546545513e+18	5.800000000000001
1.7429958315827858e+18	5.9
1.5895792506038254e+18	6.0
1.4630105294367404e+18	6.1000000000000005
1.30732532039077e+18	6.2
1.171388693804162e+18	6.300000000000001
1.0488824678667468e+18	6.4
9.338171687394126e+17	6.5
8.184564709479259e+17	6.6000000000000005
7.10237921783471e+17	6.7
6.013634216586193e+17	6.800000000000001
5.0990952284652416e+17	6.9
4.106953465218834e+17	7.0
3.1731806392719597e+17	7.1000000000000005
2.1549628076798285e+17	7.2
7.576535803868214e+16	7.300000000000001
0.0	7.4
0.0	7.5
0.0	7.6000000000000005
0.0	7.7
0.0	7.800000000000001
0.0	7.9
0.0	8.0
0.0	8.1
0.0	8.200000000000001
