a = 5746.0413902072005 м
b = 4334.149199474915 м
x0 = 1645.094939562788 м
vr = 1948.12962657397 м/с
A0 = 0.4119605851820456 м
Xmax = 5969.422168041441 м
sigmaX = 4233.862956930772 м
sigmaY = 4966.669564108493 м
M0 = 3.9978310742948413e+18 Н*м - интегральное значение сейсмического момента
Mr_max = 1.1817090383556913e+18 Н*м/с - максимальное значение функции источника
1-ый столбец - источника
2-ой столбец - время
0.0	0.0
715405872397173.4	0.1
1.0943269051130421e+17	0.2
2.1919947736206995e+17	0.30000000000000004
3.3289353750290925e+17	0.4
4.339199181971723e+17	0.5
5.348744042364333e+17	0.6000000000000001
6.384607486004828e+17	0.7000000000000001
7.492968387290074e+17	0.8
8.377155614294271e+17	0.9
8.397444146042575e+17	1.0
8.454538424497427e+17	1.1
8.721850314902237e+17	1.2000000000000002
9.22314229265696e+17	1.3
9.663998941978858e+17	1.4000000000000001
9.829600213591692e+17	1.5
1.026001115044728e+18	1.6
1.05462053545586e+18	1.7000000000000002
1.0781625073149084e+18	1.8
1.1283581302673978e+18	1.9000000000000001
1.1378083691732562e+18	2.0
1.1478710428292707e+18	2.1
1.1653493521442388e+18	2.2
1.1806786205293583e+18	2.3000000000000003
1.1817090383556913e+18	2.4000000000000004
1.1751285155366436e+18	2.5
1.178471974884953e+18	2.6
1.1782082962510077e+18	2.7
1.1599472659809633e+18	2.8000000000000003
1.1203177089854072e+18	2.9000000000000004
1.1137086488203587e+18	3.0
1.0674686977023642e+18	3.1
1.0425749343828959e+18	3.2
1.0266187260872686e+18	3.3000000000000003
9.753538124098803e+17	3.4000000000000004
9.39685212441863e+17	3.5
8.988371752057583e+17	3.6
8.630665250693747e+17	3.7
8.2140642712978e+17	3.8000000000000003
7.714934962039671e+17	3.9000000000000004
7.248324679739444e+17	4.0
6.741223248428782e+17	4.1000000000000005
6.313751262144197e+17	4.2
5.750724694295012e+17	4.3
5.290944031487401e+17	4.4
4.709583655502854e+17	4.5
4.22510617662244e+17	4.6000000000000005
3.6542770069635e+17	4.7
3.130269944262804e+17	4.800000000000001
2.5353606679334646e+17	4.9
1.90804600505917e+17	5.0
1.0913746168912715e+17	5.1000000000000005
0.0	5.2
0.0	5.300000000000001
0.0	5.4
0.0	5.5
0.0	5.6000000000000005
0.0	5.7
0.0	5.800000000000001
0.0	5.9
0.0	6.0
