a = 8392.91707912757 м
b = 6331.127590824509 м
x0 = 6785.311201421229 м
vr = 1609.1379804969858 м/с
A0 = 0.6292601408622227 м
Xmax = 9999.199363348556 м
sigmaX = 4623.557422341211 м
sigmaY = 4197.561852835347 м
M0 = 9.368473055551003e+18 Н*м - интегральное значение сейсмического момента
Mr_max = 2.5374923030512973e+18 Н*м/с - максимальное значение функции источника
1-ый столбец - источника
2-ой столбец - время
0.0	0.0
1193711751350324.2	0.1
1.5626712035066125e+17	0.2
3.06005692881264e+17	0.30000000000000004
4.549202935762486e+17	0.4
5.918295970556797e+17	0.5
7.438460224043386e+17	0.6000000000000001
8.835304991669903e+17	0.7000000000000001
1.0251582543024141e+18	0.8
1.1491152006523665e+18	0.9
1.286033068237025e+18	1.0
1.4023339506756326e+18	1.1
1.5424790371009344e+18	1.2000000000000002
1.6263337794664637e+18	1.3
1.7504425251209306e+18	1.4000000000000001
1.8413994512018002e+18	1.5
1.945257679319721e+18	1.6
2.0057102880426793e+18	1.7000000000000002
2.1094848504956037e+18	1.8
2.1727794175153298e+18	1.9000000000000001
2.2419144864317594e+18	2.0
2.2895823574475889e+18	2.1
2.342391916235203e+18	2.2
2.404855543053422e+18	2.3000000000000003
2.4133908124101217e+18	2.4000000000000004
2.4615611449299845e+18	2.5
2.4886818310471137e+18	2.6
2.492675082671132e+18	2.7
2.509025127615053e+18	2.8000000000000003
2.5080860973372237e+18	2.9000000000000004
2.5374923030512973e+18	3.0
2.52887168828883e+18	3.1
2.5279305834298173e+18	3.2
2.514163294303843e+18	3.3000000000000003
2.4919379261555256e+18	3.4000000000000004
2.4817969449662607e+18	3.5
2.420758123416781e+18	3.6
2.4015448449851295e+18	3.7
2.3654227714435036e+18	3.8000000000000003
2.1446423400108216e+18	3.9000000000000004
1.9305189009906696e+18	4.0
1.784989805506019e+18	4.1000000000000005
1.6502464668328507e+18	4.2
1.5193203164441065e+18	4.3
1.399260946085856e+18	4.4
1.3825236869884646e+18	4.5
1.254761172164132e+18	4.6000000000000005
1.1824828278271798e+18	4.7
1.1105904878352849e+18	4.800000000000001
1.0428573820561623e+18	4.9
9.778952789682496e+17	5.0
9.151544621832489e+17	5.1000000000000005
8.536212496182888e+17	5.2
7.906497669419416e+17	5.300000000000001
7.234980661468545e+17	5.4
6.607663652234614e+17	5.5
6.061296980021336e+17	5.6000000000000005
5.4454928580136845e+17	5.7
4.748375467372137e+17	5.800000000000001
4.1718664973813754e+17	5.9
3.478935148899554e+17	6.0
2.8116459956399888e+17	6.1000000000000005
1.9971977563793104e+17	6.2
7.326664477869926e+16	6.300000000000001
0.0	6.4
0.0	6.5
0.0	6.6000000000000005
0.0	6.7
0.0	6.800000000000001
0.0	6.9
0.0	7.0
0.0	7.1000000000000005
0.0	7.2
