a = 15213.961678790061 м
b = 19393.100008694608 м
x0 = 11480.331597265402 м
vr = 2278.7717568887415 м/с
A0 = 0.49437619091680635 м
Xmax = 11961.356779506672 м
sigmaX = 4790.554950493191 м
sigmaY = 4272.434831305582 м
M0 = 1.114176500394976e+19 Н*м - интегральное значение сейсмического момента
Mr_max = 3.488537678304584e+18 Н*м/с - максимальное значение функции источника
1-ый столбец - источника
2-ой столбец - время
0.0	0.0
1681522018527958.2	0.1
3.0731444160726906e+17	0.2
6.122621744743734e+17	0.30000000000000004
8.976412744577752e+17	0.4
1.1928511180979128e+18	0.5
1.4691296644090867e+18	0.6000000000000001
1.7298524570501043e+18	0.7000000000000001
1.9699797904492209e+18	0.8
2.205622019693208e+18	0.9
2.387465975869412e+18	1.0
2.603365738690101e+18	1.1
2.781796612027509e+18	1.2000000000000002
2.944638538817912e+18	1.3
3.0909622423020155e+18	1.4000000000000001
3.2210794894787743e+18	1.5
3.312539482224486e+18	1.6
3.3779704263555384e+18	1.7000000000000002
3.4623393820184704e+18	1.8
3.4524090938573184e+18	1.9000000000000001
3.488537678304584e+18	2.0
3.439676067020183e+18	2.1
3.457451230783285e+18	2.2
3.39081277944394e+18	2.3000000000000003
3.3494183912616704e+18	2.4000000000000004
3.2770101190059116e+18	2.5
3.209628796209557e+18	2.6
3.1288800643073736e+18	2.7
3.030379271199572e+18	2.8000000000000003
2.925052920242757e+18	2.9000000000000004
2.80360185111105e+18	3.0
2.6821497619887795e+18	3.1
2.5302462171763215e+18	3.2
2.422588043978226e+18	3.3000000000000003
2.2860903876462313e+18	3.4000000000000004
2.1689887257342802e+18	3.5
2.033464948893839e+18	3.6
1.9231105074809175e+18	3.7
1.8043275871031634e+18	3.8000000000000003
1.666425630751152e+18	3.9000000000000004
1.552424253612095e+18	4.0
1.4261092965818806e+18	4.1000000000000005
1.3212714223600061e+18	4.2
1.2069269939090255e+18	4.3
1.1093483133680297e+18	4.4
1.0202466872659773e+18	4.5
9.30784219822129e+17	4.6000000000000005
8.480141085233349e+17	4.7
7.646800247692054e+17	4.800000000000001
6.919041730926177e+17	4.9
6.22048053181486e+17	5.0
5.6482778045706797e+17	5.1000000000000005
4.6753937511453997e+17	5.2
4.0056960366673325e+17	5.300000000000001
3.4020839131594e+17	5.4
2.9690716602222586e+17	5.5
2.5562403240353818e+17	5.6000000000000005
2.218031942170879e+17	5.7
1.9223835348760662e+17	5.800000000000001
1.6502922323944096e+17	5.9
1.4422679803416307e+17	6.0
1.2384135378113602e+17	6.1000000000000005
1.0699678575800922e+17	6.2
9.166426385845166e+16	6.300000000000001
7.880835438007056e+16	6.4
6.7458468860822744e+16	6.5
5.796900093802184e+16	6.6000000000000005
4.948752520447637e+16	6.7
4.207909407956233e+16	6.800000000000001
3.580952111939703e+16	6.9
3.0480774604859756e+16	7.0
2.6038648958146224e+16	7.1000000000000005
2.1859280666935492e+16	7.2
1.8551961630092396e+16	7.300000000000001
1.5617972534544478e+16	7.4
1.3177186975012726e+16	7.5
1.0995145267383366e+16	7.6000000000000005
9301153936099572.0	7.7
7753631315263108.0	7.800000000000001
6469306470483465.0	7.9
5374954369652644.0	8.0
4503161933792687.0	8.1
3730137258396760.0	8.200000000000001
3067957640296158.0	8.3
2541780922475489.0	8.4
1185988279434893.5	8.5
674763751471213.2	8.6
386893201235814.4	8.700000000000001
216286419397833.75	8.8
109430910871336.86	8.9
25366485869437.004	9.0
0.0	9.1
0.0	9.200000000000001
0.0	9.3
0.0	9.4
0.0	9.5
0.0	9.600000000000001
0.0	9.700000000000001
0.0	9.8
0.0	9.9
0.0	10.0
0.0	10.100000000000001
0.0	10.200000000000001
0.0	10.3
0.0	10.4
0.0	10.5
0.0	10.600000000000001
0.0	10.700000000000001
0.0	10.8
0.0	10.9
0.0	11.0
0.0	11.100000000000001
0.0	11.200000000000001
0.0	11.3
0.0	11.4
0.0	11.5
0.0	11.600000000000001
0.0	11.700000000000001
0.0	11.8
0.0	11.9
0.0	12.0
0.0	12.100000000000001
0.0	12.200000000000001
0.0	12.3
0.0	12.4
0.0	12.5
0.0	12.600000000000001
0.0	12.700000000000001
0.0	12.8
0.0	12.9
