a = 13406.432524512542 м
b = 8627.912559848892 м
x0 = 3140.421202279707 м
vr = 1935.0718449193705 м/с
A0 = 1.832592780273036 м
Xmax = 17399.269866968272 м
sigmaX = 4241.978189073032 м
sigmaY = 4681.407346856662 м
M0 = 3.2103874358789505e+19 Н*м - интегральное значение сейсмического момента
Mr_max = 6.327571030921942e+18 Н*м/с - максимальное значение функции источника
1-ый столбец - источника
2-ой столбец - время
0.0	0.0
18790055110742.734	0.1
2924109423762500.0	0.2
5916222787832833.0	0.30000000000000004
9100700091998076.0	0.4
1.242480918040261e+16	0.5
1.6231191169687358e+16	0.6000000000000001
2.0302881306712588e+16	0.7000000000000001
2.4994519844060516e+16	0.8
3.054696871354688e+16	0.9
3.660668898855377e+16	1.0
4.347747755961889e+16	1.1
5.1409866015255624e+16	1.2000000000000002
6.084458242034313e+16	1.3
7.0675635448983976e+16	1.4000000000000001
8.251546682332157e+16	1.5
9.50313295017936e+16	1.6
1.1110154794903725e+17	1.7000000000000002
1.2728710276713968e+17	1.8
1.4585353269827402e+17	1.9000000000000001
1.6692552125322883e+17	2.0
1.9290551433538314e+17	2.1
2.172519267854856e+17	2.2
2.4577829155719978e+17	2.3000000000000003
2.802688733534922e+17	2.4000000000000004
3.14362428625864e+17	2.5
3.560061764764153e+17	2.6
3.961726702099061e+17	2.7
4.514406021934376e+17	2.8000000000000003
5.000043107618034e+17	2.9000000000000004
5.6203771747517946e+17	3.0
6.202812268166492e+17	3.1
6.86974723425486e+17	3.2
7.640398332162755e+17	3.3000000000000003
8.255283638830644e+17	3.4000000000000004
9.247338720074725e+17	3.5
1.0078920561857443e+18	3.6
1.1099461828737242e+18	3.7
1.2155451417578913e+18	3.8000000000000003
1.3158599865126656e+18	3.9000000000000004
1.4398232509164657e+18	4.0
1.569854089435546e+18	4.1000000000000005
1.6818419468378324e+18	4.2
1.8273732049256174e+18	4.3
1.9762709933098435e+18	4.4
2.0994893794907272e+18	4.5
2.2617439372889761e+18	4.6000000000000005
2.426634916598316e+18	4.7
2.5838121743003044e+18	4.800000000000001
2.752132714540936e+18	4.9
2.9221600045578056e+18	5.0
3.0972660494228434e+18	5.1000000000000005
3.2778075680919916e+18	5.2
3.4136991870593285e+18	5.300000000000001
3.657331007882352e+18	5.4
3.821462934923676e+18	5.5
4.042339257217068e+18	5.6000000000000005
4.1704068504476897e+18	5.7
4.3526022889636045e+18	5.800000000000001
4.5196326800760064e+18	5.9
4.710581437455375e+18	6.0
4.875293540808162e+18	6.1000000000000005
5.034713152183588e+18	6.2
5.224611500562873e+18	6.300000000000001
5.359901219501265e+18	6.4
5.502136930730295e+18	6.5
5.575947463252028e+18	6.6000000000000005
5.770004022601654e+18	6.7
5.847050956782234e+18	6.800000000000001
6.020675609162068e+18	6.9
6.123955191393587e+18	7.0
6.117822360351097e+18	7.1000000000000005
6.272925609617517e+18	7.2
6.28281191766294e+18	7.300000000000001
6.271309583911813e+18	7.4
6.278629247805948e+18	7.5
6.310020539227822e+18	7.6000000000000005
6.327571030921942e+18	7.7
6.314875197087265e+18	7.800000000000001
6.219905644470757e+18	7.9
6.181113495491487e+18	8.0
6.094951070406762e+18	8.1
6.074852371888717e+18	8.200000000000001
5.9873141962929e+18	8.3
5.864455975028857e+18	8.4
5.777832347639574e+18	8.5
5.640465913625407e+18	8.6
5.503521336865051e+18	8.700000000000001
5.349803510778272e+18	8.8
5.213543211629226e+18	8.9
5.019831575386656e+18	9.0
4.870564325178361e+18	9.1
4.667636367982936e+18	9.200000000000001
4.5813998533125484e+18	9.3
4.2838677978007296e+18	9.4
4.127389410889168e+18	9.5
3.93860720167106e+18	9.600000000000001
3.723327315466851e+18	9.700000000000001
3.5393938692495836e+18	9.8
3.3543362633701105e+18	9.9
3.1832921849372667e+18	10.0
2.9927490278419564e+18	10.100000000000001
2.8224720582120704e+18	10.200000000000001
2.60498842704652e+18	10.3
2.426092740720766e+18	10.4
2.2663575691391516e+18	10.5
2.0833916299128558e+18	10.600000000000001
1.9173383413163907e+18	10.700000000000001
1.7604459046027167e+18	10.8
1.603681398416735e+18	10.9
1.4607014919863212e+18	11.0
1.332412986789766e+18	11.100000000000001
1.1948238770720668e+18	11.200000000000001
1.0674404312665524e+18	11.3
9.521279985148301e+17	11.4
8.397115347943354e+17	11.5
7.362344316340835e+17	11.600000000000001
6.338249055725076e+17	11.700000000000001
5.398667964857338e+17	11.8
4.504599464094441e+17	11.9
3.670293682548402e+17	12.0
2.828377143551111e+17	12.100000000000001
1.9777506175893075e+17	12.200000000000001
9.283491667096597e+16	12.3
0.0	12.4
0.0	12.5
0.0	12.600000000000001
0.0	12.700000000000001
0.0	12.8
0.0	12.9
0.0	13.0
0.0	13.100000000000001
0.0	13.200000000000001
