a = 8027.504020102848 м
b = 8158.119707724286 м
x0 = 7343.933631955751 м
vr = 2216.5703090878324 м/с
A0 = 2.125692501116827 м
Xmax = 7953.550113387939 м
sigmaX = 4190.931344638364 м
sigmaY = 4406.2378643297125 м
M0 = 3.4084295188073665e+19 Н*м - интегральное значение сейсмического момента
Mr_max = 1.2895109500567583e+19 Н*м/с - максимальное значение функции источника
1-ый столбец - источника
2-ой столбец - время
0.0	0.0
6993501665307383.0	0.1
1.236314309397151e+18	0.2
2.4350082202873114e+18	0.30000000000000004
3.621297019573317e+18	0.4
4.71192853307144e+18	0.5
5.826094834355166e+18	0.6000000000000001
6.83523772216365e+18	0.7000000000000001
7.731420288516067e+18	0.8
8.709104575566763e+18	0.9
9.359162595998702e+18	1.0
1.0159901744645413e+19	1.1
1.0948151144570704e+19	1.2000000000000002
1.1358567322529882e+19	1.3
1.1907635382240578e+19	1.4000000000000001
1.2175532184802914e+19	1.5
1.2531310516414206e+19	1.6
1.280680112709421e+19	1.7000000000000002
1.288357889129455e+19	1.8
1.2895109500567583e+19	1.9000000000000001
1.2818444690544579e+19	2.0
1.2689924965183353e+19	2.1
1.2601734589515483e+19	2.2
1.2370146512011203e+19	2.3000000000000003
1.2113257631189658e+19	2.4000000000000004
1.1840839822103618e+19	2.5
1.1407210292157512e+19	2.6
1.1001806455346975e+19	2.7
1.0603538150500772e+19	2.8000000000000003
1.0253397907887182e+19	2.9000000000000004
9.641330315952486e+18	3.0
9.145284550711089e+18	3.1
8.671755087553911e+18	3.2
8.229246007207882e+18	3.3000000000000003
7.721037117489192e+18	3.4000000000000004
6.069311730409785e+18	3.5
4.983366908554259e+18	3.6
4.0744910816686817e+18	3.7
3.190301184735844e+18	3.8000000000000003
2.223688968818988e+18	3.9000000000000004
1.0536884964392068e+18	4.0
0.0	4.1000000000000005
0.0	4.2
0.0	4.3
0.0	4.4
0.0	4.5
0.0	4.6000000000000005
0.0	4.7
0.0	4.800000000000001
0.0	4.9
0.0	5.0
