a = 6357.392970317646 м
b = 6485.162289143361 м
x0 = 5908.486011790799 м
vr = 1558.8650490867935 м/с
A0 = 1.9870234103186446 м
Xmax = 4634.856256605537 м
sigmaX = 4772.558261258586 м
sigmaY = 4352.7758209242775 м
M0 = 2.5682514700156998e+19 Н*м - интегральное значение сейсмического момента
Mr_max = 8.459340727694644e+18 Н*м/с - максимальное значение функции источника
1-ый столбец - источника
2-ой столбец - время
0.0	0.0
4483337066576136.0	0.1
5.600433060973376e+17	0.2
1.1180029916129683e+18	0.30000000000000004
1.663299682168154e+18	0.4
2.154779949934811e+18	0.5
2.6565497474787645e+18	0.6000000000000001
3.201888420070407e+18	0.7000000000000001
3.680107112867506e+18	0.8
4.0750524550438144e+18	0.9
4.5482241812304614e+18	1.0
4.962390370373664e+18	1.1
5.39119675293381e+18	1.2000000000000002
5.734895717967951e+18	1.3
6.145828786883823e+18	1.4000000000000001
6.474361574157086e+18	1.5
6.67494388225747e+18	1.6
7.042781023516661e+18	1.7000000000000002
7.335335746006858e+18	1.8
7.47005240813914e+18	1.9000000000000001
7.677162312857514e+18	2.0
7.913475209112682e+18	2.1
8.061658994316569e+18	2.2
8.219808401668502e+18	2.3000000000000003
8.308961515129511e+18	2.4000000000000004
8.452266534789843e+18	2.5
8.459340727694644e+18	2.6
8.410717213219189e+18	2.7
8.433619338313061e+18	2.8000000000000003
8.429670876970025e+18	2.9000000000000004
8.38851232186395e+18	3.0
8.298581380569594e+18	3.1
8.34203052337295e+18	3.2
8.068594678348873e+18	3.3000000000000003
7.973817892676319e+18	3.4000000000000004
7.946839852209692e+18	3.5
7.855744268304899e+18	3.6
7.658774136663015e+18	3.7
7.484067548289294e+18	3.8000000000000003
6.537156181182076e+18	3.9000000000000004
4.713888743570071e+18	4.0
3.752650982895148e+18	4.1000000000000005
2.9426209194064927e+18	4.2
2.206590510597744e+18	4.3
1.3943784917409917e+18	4.4
0.0	4.5
0.0	4.6000000000000005
0.0	4.7
0.0	4.800000000000001
0.0	4.9
0.0	5.0
0.0	5.1000000000000005
0.0	5.2
0.0	5.300000000000001
0.0	5.4
0.0	5.5
