a = 13665.11122357595 м
b = 14712.555319330851 м
x0 = 9099.69893781579 м
vr = 1751.871396944555 м/с
A0 = 1.9003772826326537 м
Xmax = 11265.955696601024 м
sigmaX = 4668.652203490155 м
sigmaY = 4095.6180242018977 м
M0 = 3.959798305388514e+19 Н*м - интегральное значение сейсмического момента
Mr_max = 9.389090014164525e+18 Н*м/с - максимальное значение функции источника
1-ый столбец - источника
2-ой столбец - время
0.0	0.0
4484306413360164.0	0.1
6.318921354005162e+17	0.2
1.2611726640653489e+18	0.30000000000000004
1.8806842069589094e+18	0.4
2.4683341501721897e+18	0.5
3.056947637068964e+18	0.6000000000000001
3.635064250955196e+18	0.7000000000000001
4.1718075102503107e+18	0.8
4.728190056181953e+18	0.9
5.205657494259559e+18	1.0
5.718727762974384e+18	1.1
6.174305687911978e+18	1.2000000000000002
6.592341287896344e+18	1.3
6.969261436354381e+18	1.4000000000000001
7.409626487154117e+18	1.5
7.699455893898828e+18	1.6
8.057318832888767e+18	1.7000000000000002
8.318543442339968e+18	1.8
8.509201517085312e+18	1.9000000000000001
8.698435761419894e+18	2.0
8.896997430472789e+18	2.1
9.090942608306211e+18	2.2
9.112192318676434e+18	2.3000000000000003
9.30070539632179e+18	2.4000000000000004
9.238628495401318e+18	2.5
9.389090014164525e+18	2.6
9.279687214862709e+18	2.7
9.357387945217145e+18	2.8000000000000003
9.25581684077258e+18	2.9000000000000004
9.1286792303528e+18	3.0
9.11413771854091e+18	3.1
8.945477381089787e+18	3.2
8.824654651506559e+18	3.3000000000000003
8.586249195311806e+18	3.4000000000000004
8.452970916712606e+18	3.5
8.242660992052197e+18	3.6
8.066588406048851e+18	3.7
7.91047745181448e+18	3.8000000000000003
7.568664387543843e+18	3.9000000000000004
7.349118903837646e+18	4.0
7.106133008538768e+18	4.1000000000000005
6.888905976792217e+18	4.2
6.61365433828067e+18	4.3
6.360387122683324e+18	4.4
6.042152617372356e+18	4.5
5.856109841730169e+18	4.6000000000000005
5.566808445941487e+18	4.7
5.292700722065062e+18	4.800000000000001
5.034133732625261e+18	4.9
4.79162416640968e+18	5.0
4.5560153959348803e+18	5.1000000000000005
4.3064216203902e+18	5.2
4.074598833801534e+18	5.300000000000001
3.6632561587127076e+18	5.4
3.4483099358370063e+18	5.5
3.1660909629821036e+18	5.6000000000000005
2.959638351107564e+18	5.7
2.7542013147445043e+18	5.800000000000001
2.5492781280970276e+18	5.9
2.382003789718665e+18	6.0
2.2199769961995323e+18	6.1000000000000005
2.048315154453202e+18	6.2
1.8865620641785656e+18	6.300000000000001
1.7601205082882803e+18	6.4
1.6135992084386803e+18	6.5
1.5003851780375222e+18	6.6000000000000005
1.3829431438333978e+18	6.7
1.2690538075844355e+18	6.800000000000001
1.17258069831521e+18	6.9
1.082424550024378e+18	7.0
9.904770267812681e+17	7.1000000000000005
9.010022191280596e+17	7.2
8.337351655867686e+17	7.300000000000001
7.58729297088034e+17	7.4
7.011511335383127e+17	7.5
6.272208733714546e+17	7.6000000000000005
5.737599296535846e+17	7.7
5.2655564032653645e+17	7.800000000000001
4.7455054723115315e+17	7.9
4.356114459526676e+17	8.0
3.912060683427905e+17	8.1
3.5672226839335994e+17	8.200000000000001
3.2164254765863424e+17	8.3
2.885249963230515e+17	8.4
2.6134737549792736e+17	8.5
2.3363813682435366e+17	8.6
2.101741106486452e+17	8.700000000000001
1.8721635503795142e+17	8.8
1.6799694282466816e+17	8.9
1.5063854419816723e+17	9.0
1.3469017109876208e+17	9.1
1.1905782718848789e+17	9.200000000000001
1.0606130401706366e+17	9.3
9.4271052911172e+16	9.4
8.299929003876211e+16	9.5
7.348309416124232e+16	9.600000000000001
6.467078215014514e+16	9.700000000000001
5.642867860606493e+16	9.8
4.920862936870152e+16	9.9
4.260950054811502e+16	10.0
3.6307468435027096e+16	10.100000000000001
3.0426745171016812e+16	10.200000000000001
2.436358924223977e+16	10.3
1.7550750208400398e+16	10.4
4835237523205728.0	10.5
0.0	10.600000000000001
0.0	10.700000000000001
0.0	10.8
0.0	10.9
0.0	11.0
0.0	11.100000000000001
0.0	11.200000000000001
0.0	11.3
0.0	11.4
0.0	11.5
0.0	11.600000000000001
0.0	11.700000000000001
0.0	11.8
0.0	11.9
0.0	12.0
0.0	12.100000000000001
0.0	12.200000000000001
0.0	12.3
0.0	12.4
0.0	12.5
0.0	12.600000000000001
