a = 8669.669384771258 м
b = 9807.46567216604 м
x0 = 570.4492260627899 м
vr = 1801.474302643664 м/с
A0 = 0.6479323180398429 м
Xmax = 9773.369308595185 м
sigmaX = 4837.422842471434 м
sigmaY = 4229.227301764193 м
M0 = 1.165284997598924e+19 Н*м - интегральное значение сейсмического момента
Mr_max = 2.0831171490854856e+18 Н*м/с - максимальное значение функции источника
1-ый столбец - источника
2-ой столбец - время
0.0	0.0
287149151206929.5	0.1
4.19465809370794e+16	0.2
8.228968405955706e+16	0.30000000000000004
1.2453690509646802e+17	0.4
1.3782449772657666e+17	0.5
1.6269385412097923e+17	0.6000000000000001
1.9169908952579222e+17	0.7000000000000001
2.1914384649460672e+17	0.8
2.5329655329516323e+17	0.9
2.874478165614684e+17	1.0
3.260441062472086e+17	1.1
3.620474731839617e+17	1.2000000000000002
3.981132588013445e+17	1.3
4.431097304000061e+17	1.4000000000000001
4.7974033573093606e+17	1.5
5.3511431560340576e+17	1.6
5.749312734586575e+17	1.7000000000000002
6.257086709237275e+17	1.8
6.6755204696712e+17	1.9000000000000001
7.15332792005232e+17	2.0
7.702207862226872e+17	2.1
8.121126545773335e+17	2.2
8.676120937612892e+17	2.3000000000000003
9.256700652700508e+17	2.4000000000000004
9.882118991799844e+17	2.5
1.036612913191835e+18	2.6
1.0970606143927523e+18	2.7
1.1564812609239826e+18	2.8000000000000003
1.1997502853304545e+18	2.9000000000000004
1.2672568307522537e+18	3.0
1.3105677310088317e+18	3.1
1.3889485627054205e+18	3.2
1.4040312486982034e+18	3.3000000000000003
1.4695450823870072e+18	3.4000000000000004
1.5244259806149944e+18	3.5
1.5808346081941169e+18	3.6
1.6141685950368689e+18	3.7
1.663570808310879e+18	3.8000000000000003
1.7340212176379028e+18	3.9000000000000004
1.754230424474115e+18	4.0
1.8022258244461952e+18	4.1000000000000005
1.826939884038261e+18	4.2
1.8657672498892928e+18	4.3
1.8951292099612603e+18	4.4
1.9370942197485312e+18	4.5
1.9556115330289853e+18	4.6000000000000005
1.9812918195908268e+18	4.7
2.00738583762458e+18	4.800000000000001
2.0074138408962593e+18	4.9
2.0646564666679562e+18	5.0
2.0606600277569472e+18	5.1000000000000005
2.075213261252507e+18	5.2
2.0797726216104955e+18	5.300000000000001
2.0810265500315866e+18	5.4
2.0725789960371323e+18	5.5
2.0711586973357875e+18	5.6000000000000005
2.0831171490854856e+18	5.7
2.0575793699597353e+18	5.800000000000001
2.0561946172236278e+18	5.9
2.0186971510943388e+18	6.0
1.9977614177576545e+18	6.1000000000000005
1.9836453382940833e+18	6.2
1.9522212532991007e+18	6.300000000000001
1.9356845128747835e+18	6.4
1.8946840826190838e+18	6.5
1.8721781124395126e+18	6.6000000000000005
1.8180871418123213e+18	6.7
1.7941701155536172e+18	6.800000000000001
1.7696722971671363e+18	6.9
1.7266819040642266e+18	7.0
1.694404754592828e+18	7.1000000000000005
1.6356623166911306e+18	7.2
1.5889690685565821e+18	7.300000000000001
1.5474090199687688e+18	7.4
1.5006827120454858e+18	7.5
1.4530167453797082e+18	7.6000000000000005
1.3998647976454508e+18	7.7
1.342220785805545e+18	7.800000000000001
1.2914765704863839e+18	7.9
1.2428691784357082e+18	8.0
1.1948613147971384e+18	8.1
1.1355409845689335e+18	8.200000000000001
1.0763791591893453e+18	8.3
1.0238020748763789e+18	8.4
9.756314539501481e+17	8.5
9.158355065173797e+17	8.6
8.533817542947613e+17	8.700000000000001
7.944030162352385e+17	8.8
7.303101902952803e+17	8.9
6.594372071800014e+17	9.0
5.79304534066095e+17	9.1
4.843845991195949e+17	9.200000000000001
3.5867371166510054e+17	9.3
1.1148415740657685e+17	9.4
0.0	9.5
0.0	9.600000000000001
0.0	9.700000000000001
0.0	9.8
0.0	9.9
0.0	10.0
0.0	10.100000000000001
0.0	10.200000000000001
0.0	10.3
0.0	10.4
0.0	10.5
0.0	10.600000000000001
0.0	10.700000000000001
0.0	10.8
0.0	10.9
0.0	11.0
0.0	11.100000000000001
0.0	11.200000000000001
0.0	11.3
0.0	11.4
0.0	11.5
