a = 16866.98161733766 м
b = 14700.431653512986 м
x0 = 7932.464505568584 м
vr = 2217.237358427972 м/с
A0 = 1.553403371435162 м
Xmax = 17263.965575921055 м
sigmaX = 4189.13311652596 м
sigmaY = 4793.9084563034285 м
M0 = 3.3222490937618334e+19 Н*м - интегральное значение сейсмического момента
Mr_max = 7.412877869922913e+18 Н*м/с - максимальное значение функции источника
1-ый столбец - источника
2-ой столбец - время
0.0	0.0
432806372617501.3	0.1
7.726007441848171e+16	0.2
1.552181914173122e+17	0.30000000000000004
2.335305706394996e+17	0.4
3.151942076036254e+17	0.5
4.0173314377870035e+17	0.6000000000000001
4.931312301940571e+17	0.7000000000000001
5.868229247751863e+17	0.8
6.904100579830624e+17	0.9
7.978972398445325e+17	1.0
9.118181703803114e+17	1.1
1.0465545805448238e+18	1.2000000000000002
1.1649688033565335e+18	1.3
1.3120881872190385e+18	1.4000000000000001
1.4720984305213924e+18	1.5
1.623052271247148e+18	1.6
1.8116667643581238e+18	1.7000000000000002
1.9849861964313464e+18	1.8
2.185558347788521e+18	1.9000000000000001
2.360094750184957e+18	2.0
2.5784979462982354e+18	2.1
2.810926742631248e+18	2.2
3.01951324049793e+18	2.3000000000000003
3.287078988563172e+18	2.4000000000000004
3.4791510970316964e+18	2.5
3.7262880122861184e+18	2.6
3.928389623962631e+18	2.7
4.240169292740489e+18	2.8000000000000003
4.500151531264583e+18	2.9000000000000004
4.70515159950991e+18	3.0
4.984168386269393e+18	3.1
5.233376812275215e+18	3.2
5.463200678898874e+18	3.3000000000000003
5.651847930119997e+18	3.4000000000000004
5.906914341056005e+18	3.5
6.129443449798667e+18	3.6
6.330703093880616e+18	3.7
6.49157806113374e+18	3.8000000000000003
6.618361845179762e+18	3.9000000000000004
6.796892765264242e+18	4.0
6.982793661122781e+18	4.1000000000000005
7.057523717370917e+18	4.2
7.120063938644915e+18	4.3
7.207747210931923e+18	4.4
7.331875854868954e+18	4.5
7.412877869922913e+18	4.6000000000000005
7.291570421412434e+18	4.7
7.333953675818137e+18	4.800000000000001
7.360012946627339e+18	4.9
7.248847225968813e+18	5.0
7.176911078962276e+18	5.1000000000000005
7.024282986539868e+18	5.2
6.982313973855581e+18	5.300000000000001
6.830869086364948e+18	5.4
6.75022586456905e+18	5.5
6.560812647291737e+18	5.6000000000000005
6.365950358524616e+18	5.7
6.134673975749912e+18	5.800000000000001
5.914991853721341e+18	5.9
5.739384901874664e+18	6.0
5.521809564423111e+18	6.1000000000000005
5.274307254743478e+18	6.2
5.088841768496279e+18	6.300000000000001
4.827714582379573e+18	6.4
4.5745038211148744e+18	6.5
4.3325455302738857e+18	6.6000000000000005
4.1079841034146893e+18	6.7
3.851670282128151e+18	6.800000000000001
3.6103672645457833e+18	6.9
3.389465056882672e+18	7.0
3.163997849109792e+18	7.1000000000000005
2.9487139211431434e+18	7.2
2.7141643787843814e+18	7.300000000000001
2.520337085472227e+18	7.4
2.3410704689293604e+18	7.5
2.149327461532874e+18	7.6000000000000005
1.9694825893616817e+18	7.7
1.8014593437464579e+18	7.800000000000001
1.62921681356872e+18	7.9
1.4930156563655037e+18	8.0
1.3548974016053734e+18	8.1
1.219615265383473e+18	8.200000000000001
1.099305447770172e+18	8.3
9.901160056937692e+17	8.4
8.749791688269332e+17	8.5
7.878179150453249e+17	8.6
7.04826723031699e+17	8.700000000000001
6.149553629471409e+17	8.8
5.471645360560586e+17	8.9
4.8068998958284595e+17	9.0
4.21982503678614e+17	9.1
3.656725370495176e+17	9.200000000000001
3.221999809786548e+17	9.3
2.7752168362050595e+17	9.4
2.4200799247263526e+17	9.5
2.0781262913321382e+17	9.600000000000001
1.7883952319688598e+17	9.700000000000001
1.5147807471316554e+17	9.8
1.2902631005677662e+17	9.9
1.1023592090779294e+17	10.0
9.260549474705952e+16	10.100000000000001
7.792306684128826e+16	10.200000000000001
6.494904568914108e+16	10.3
5.364914028582679e+16	10.4
4.44178249836207e+16	10.5
3.662980795221935e+16	10.600000000000001
2.9814810950672584e+16	10.700000000000001
2.426849684424157e+16	10.8
1.9378727946504748e+16	10.9
1.5421976054443256e+16	11.0
1.2116829285854192e+16	11.100000000000001
9355300488619386.0	11.200000000000001
7064151505265587.0	11.3
5199489334329640.0	11.4
3651834889208756.5	11.5
2309902486413891.5	11.600000000000001
1008069866632253.5	11.700000000000001
0.0	11.8
0.0	11.9
0.0	12.0
0.0	12.100000000000001
0.0	12.200000000000001
0.0	12.3
0.0	12.4
0.0	12.5
0.0	12.600000000000001
