a = 17603.914625854915 м
b = 21346.465296894872 м
x0 = 17146.213631335515 м
vr = 1751.3932951136665 м/с
A0 = 0.3514753529693458 м
Xmax = 12814.467382698169 м
sigmaX = 4991.105922035874 м
sigmaY = 4817.155636059213 м
M0 = 9.056237420949088e+18 Н*м - интегральное значение сейсмического момента
Mr_max = 1.713249822092967e+18 Н*м/с - максимальное значение функции источника
1-ый столбец - источника
2-ой столбец - время
0.0	0.0
633169686792330.5	0.1
8.924777287813704e+16	0.2
1.782376028728775e+17	0.30000000000000004
2.624593686089672e+17	0.4
3.5094121513640915e+17	0.5
4.335510706732871e+17	0.6000000000000001
5.22079995815908e+17	0.7000000000000001
5.938292426906559e+17	0.8
6.781229001945178e+17	0.9
7.575021117343724e+17	1.0
8.318702579083547e+17	1.1
9.08055095245272e+17	1.2000000000000002
9.696312192215258e+17	1.3
1.048220312621224e+18	1.4000000000000001
1.1015497218116905e+18	1.5
1.172921571049531e+18	1.6
1.2330146332805402e+18	1.7000000000000002
1.2840273394970583e+18	1.8
1.339979008051872e+18	1.9000000000000001
1.3917448876834883e+18	2.0
1.4288714889763177e+18	2.1
1.4753644613481697e+18	2.2
1.5048421221825142e+18	2.3000000000000003
1.5437410676439818e+18	2.4000000000000004
1.5878471003020475e+18	2.5
1.622171886519046e+18	2.6
1.6278882343290314e+18	2.7
1.6597612764878607e+18	2.8000000000000003
1.6895495752495862e+18	2.9000000000000004
1.6855070993344323e+18	3.0
1.7067300485102868e+18	3.1
1.7054333635672553e+18	3.2
1.7124669871611487e+18	3.3000000000000003
1.6966895745976755e+18	3.4000000000000004
1.713249822092967e+18	3.5
1.703103032178934e+18	3.6
1.6806235061640159e+18	3.7
1.6959235290175552e+18	3.8000000000000003
1.6661724386395343e+18	3.9000000000000004
1.6476318680904973e+18	4.0
1.6300179630926671e+18	4.1000000000000005
1.6247910117652746e+18	4.2
1.576576102675851e+18	4.3
1.566065165168715e+18	4.4
1.5383748379504916e+18	4.5
1.503899145725262e+18	4.6000000000000005
1.482498659667889e+18	4.7
1.432444950319203e+18	4.800000000000001
1.4070831669393088e+18	4.9
1.3724088496154353e+18	5.0
1.3381795573391775e+18	5.1000000000000005
1.2916797337461366e+18	5.2
1.2582120061508767e+18	5.300000000000001
1.2190948994724716e+18	5.4
1.1815952606484562e+18	5.5
1.1426886243166804e+18	5.6000000000000005
1.1122638525202614e+18	5.7
1.0601067232923973e+18	5.800000000000001
1.0193024731565486e+18	5.9
9.903027022846052e+17	6.0
9.43649741790931e+17	6.1000000000000005
9.134170770959604e+17	6.2
8.719328349413853e+17	6.300000000000001
8.370981831205923e+17	6.4
7.88316982785075e+17	6.5
7.630906078567665e+17	6.6000000000000005
7.196738829996941e+17	6.7
6.888767856479092e+17	6.800000000000001
6.521384187220056e+17	6.9
6.174457036563671e+17	7.0
5.871530940433384e+17	7.1000000000000005
5.570599631905354e+17	7.2
5.269490447525972e+17	7.300000000000001
4.845143675337765e+17	7.4
4.6358238542047034e+17	7.5
4.345018348335108e+17	7.6000000000000005
4.134048572079356e+17	7.7
3.859892094392667e+17	7.800000000000001
3.670999525598095e+17	7.9
3.410416750220623e+17	8.0
3.240363604149975e+17	8.1
2.994758116498193e+17	8.200000000000001
2.777468246756465e+17	8.3
2.5945377197593386e+17	8.4
2.4089915270380938e+17	8.5
2.245344215061197e+17	8.6
2.082908767759045e+17	8.700000000000001
1.946943202581024e+17	8.8
1.7896103118584314e+17	8.9
1.6665959834418538e+17	9.0
1.5265614605744083e+17	9.1
1.412677524130486e+17	9.200000000000001
1.3072036672839286e+17	9.3
1.1982287187181878e+17	9.4
1.1022554504279811e+17	9.5
1.0167306210868715e+17	9.600000000000001
9.294989649874107e+16	9.700000000000001
8.482393724311432e+16	9.8
6.7880604749034296e+16	9.9
4.475172887318048e+16	10.0
3.2224616835445316e+16	10.100000000000001
2.428858454280852e+16	10.200000000000001
1.8571277992630348e+16	10.3
1.4048061988731626e+16	10.4
1.0981494765856014e+16	10.5
8328445215052080.0	10.600000000000001
6461703187560729.0	10.700000000000001
4948729963161924.0	10.8
3812447664323267.0	10.9
2934053440107796.5	11.0
2230212725908980.8	11.100000000000001
1684537826605602.2	11.200000000000001
1286906732151731.2	11.3
968437957138595.4	11.4
723003319867040.9	11.5
532198547341867.9	11.600000000000001
386671842236947.9	11.700000000000001
276726650083549.56	11.8
193332382636641.94	11.9
130700397301129.77	12.0
83182202981559.02	12.100000000000001
45534711243092.45	12.200000000000001
0.0	12.3
0.0	12.4
0.0	12.5
0.0	12.600000000000001
0.0	12.700000000000001
0.0	12.8
0.0	12.9
0.0	13.0
0.0	13.100000000000001
0.0	13.200000000000001
0.0	13.3
0.0	13.4
0.0	13.5
0.0	13.600000000000001
0.0	13.700000000000001
0.0	13.8
0.0	13.9
0.0	14.0
0.0	14.100000000000001
0.0	14.200000000000001
0.0	14.3
0.0	14.4
0.0	14.5
0.0	14.600000000000001
0.0	14.700000000000001
0.0	14.8
0.0	14.9
0.0	15.0
0.0	15.100000000000001
0.0	15.200000000000001
0.0	15.3
0.0	15.4
0.0	15.5
