a = 15600.222042715566 м
b = 16420.944298615857 м
x0 = 797.2606655968779 м
vr = 1557.2985910756613 м/с
A0 = 0.428546061913743 м
Xmax = 13842.413106921153 м
sigmaX = 4156.692740555955 м
sigmaY = 4643.988132456458 м
M0 = 8.591805053110769e+18 Н*м - интегральное значение сейсмического момента
Mr_max = 1.3214242317045048e+18 Н*м/с - максимальное значение функции источника
1-ый столбец - источника
2-ой столбец - время
0.0	0.0
7288274472618.581	0.1
921705190468530.1	0.2
1844201355434066.0	0.30000000000000004
2777696734647103.5	0.4
3790708075967515.5	0.5
4852478441261380.0	0.6000000000000001
5516177938390654.0	0.7000000000000001
6510895775759985.0	0.8
7660229828534082.0	0.9
8954683686697797.0	1.0
1.046724292703948e+16	1.1
1.2086010837801038e+16	1.2000000000000002
1.3808793962456002e+16	1.3
1.6095136769878672e+16	1.4000000000000001
1.8470743819041012e+16	1.5
2.096233333518658e+16	1.6
2.3868691178891936e+16	1.7000000000000002
2.720822275774689e+16	1.8
3.0480284315241052e+16	1.9000000000000001
3.4331996048208256e+16	2.0
3.848222851223273e+16	2.1
4.297190894242907e+16	2.2
4.79727329833568e+16	2.3000000000000003
5.371660555056892e+16	2.4000000000000004
5.929757429041085e+16	2.5
6.542271407934397e+16	2.6
7.228853251017778e+16	2.7
8.033907860131347e+16	2.8000000000000003
8.83913744016166e+16	2.9000000000000004
9.726222092838816e+16	3.0
1.068979478144574e+17	3.1
1.1813314788518798e+17	3.2
1.2553017943171957e+17	3.3000000000000003
1.3667163059611248e+17	3.4000000000000004
1.487697610565112e+17	3.5
1.6355304335181117e+17	3.6
1.7536188510993494e+17	3.7
1.9206422783342237e+17	3.8000000000000003
2.07336015887723e+17	3.9000000000000004
2.21578389415594e+17	4.0
2.3925392661642355e+17	4.1000000000000005
2.5906106156327174e+17	4.2
2.758621821622356e+17	4.3
2.986391845081843e+17	4.4
3.162094926409742e+17	4.5
3.394993889181181e+17	4.6000000000000005
3.60837600255521e+17	4.7
3.8478029783925325e+17	4.800000000000001
4.077038357905277e+17	4.9
4.322876704912509e+17	5.0
4.552363973030239e+17	5.1000000000000005
4.853943748591027e+17	5.2
5.138968082886861e+17	5.300000000000001
5.398490840014088e+17	5.4
5.666165314559891e+17	5.5
5.896143585721038e+17	5.6000000000000005
6.205946841991319e+17	5.7
6.5533178700658e+17	5.800000000000001
6.786197999174136e+17	5.9
7.123083685361103e+17	6.0
7.404465029636305e+17	6.1000000000000005
7.75223511992364e+17	6.2
8.101597988125693e+17	6.300000000000001
8.372943897576393e+17	6.4
8.695525419770454e+17	6.5
9.008417498534049e+17	6.6000000000000005
9.36699674743653e+17	6.7
9.531335676208129e+17	6.800000000000001
9.925839606916227e+17	6.9
1.0175136742917e+18	7.0
1.0414568469625005e+18	7.1000000000000005
1.0777938638685224e+18	7.2
1.0955627316289926e+18	7.300000000000001
1.1246725476221243e+18	7.4
1.1501073444816933e+18	7.5
1.1586185762291226e+18	7.6000000000000005
1.1845891117855532e+18	7.7
1.205605610378372e+18	7.800000000000001
1.2221887945348588e+18	7.9
1.2397070519464614e+18	8.0
1.2535405906643471e+18	8.1
1.2689280265001257e+18	8.200000000000001
1.2788167017012047e+18	8.3
1.2947362627495375e+18	8.4
1.2976086144293888e+18	8.5
1.2989281722313188e+18	8.6
1.3123216376886769e+18	8.700000000000001
1.3099019096993052e+18	8.8
1.3214242317045048e+18	8.9
1.3052419522662758e+18	9.0
1.314212216325063e+18	9.1
1.3088150478702464e+18	9.200000000000001
1.3046159455189716e+18	9.3
1.289610867917528e+18	9.4
1.2794022283549148e+18	9.5
1.2667202809271562e+18	9.600000000000001
1.2479196612811597e+18	9.700000000000001
1.223078190247047e+18	9.8
1.212918634309497e+18	9.9
1.1951532879180836e+18	10.0
1.1840886739393452e+18	10.100000000000001
1.14852435464002e+18	10.200000000000001
1.1305904695334601e+18	10.3
1.0982264157513352e+18	10.4
1.077015914373743e+18	10.5
1.0655615427177581e+18	10.600000000000001
1.032126073028811e+18	10.700000000000001
1.0089846630463048e+18	10.8
9.746339541918331e+17	10.9
9.431785382067953e+17	11.0
9.233477809885235e+17	11.100000000000001
8.888540703595848e+17	11.200000000000001
8.589844601286204e+17	11.3
8.280026461473969e+17	11.4
7.982262874011363e+17	11.5
7.606971805181027e+17	11.600000000000001
7.43075356377239e+17	11.700000000000001
7.100705556951493e+17	11.8
6.736786878275889e+17	11.9
6.46556564859082e+17	12.0
6.18336245758052e+17	12.100000000000001
5.923655596142472e+17	12.200000000000001
5.6510116681117914e+17	12.3
5.367759956604747e+17	12.4
5.083042050709628e+17	12.5
4.802966149678718e+17	12.600000000000001
4.5584359956004736e+17	12.700000000000001
4.345996548365979e+17	12.8
4.08481312697887e+17	12.9
3.8601523697723494e+17	13.0
3.635897162826068e+17	13.100000000000001
3.4089164099199277e+17	13.200000000000001
3.2017623064359475e+17	13.3
2.9908715826665446e+17	13.4
2.826969604524907e+17	13.5
2.6412326240128422e+17	13.600000000000001
2.452966474656988e+17	13.700000000000001
2.2869742097709843e+17	13.8
2.128601456852891e+17	13.9
1.9848480166300803e+17	14.0
1.8286125742711373e+17	14.100000000000001
1.706666062129205e+17	14.200000000000001
1.564754285582519e+17	14.3
1.449742106069431e+17	14.4
1.3434658263594064e+17	14.5
1.2335228173397477e+17	14.600000000000001
1.1380395208888826e+17	14.700000000000001
1.0612175584145088e+17	14.8
9.685670093865382e+16	14.9
8.839653467267453e+16	15.0
8.070295126933592e+16	15.100000000000001
7.362659138296144e+16	15.200000000000001
6.715608238497755e+16	15.3
6.147942921648681e+16	15.4
5.580973537607444e+16	15.5
5.08070504139714e+16	15.600000000000001
4.611496323250721e+16	15.700000000000001
4.15634400961975e+16	15.8
3.757205564315926e+16	15.9
3.4107828046815468e+16	16.0
3.070888873099446e+16	16.1
2.7394052825414056e+16	16.2
2.4757147134672228e+16	16.3
2.223161897323432e+16	16.400000000000002
1.979294717530712e+16	16.5
1.7803177823563496e+16	16.6
1.5895776910114874e+16	16.7
1.4189422463524696e+16	16.8
1.2624486861931704e+16	16.900000000000002
1.118840322914083e+16	17.0
9985719843167584.0	17.1
8774472788638205.0	17.2
7772318838801452.0	17.3
6842966771034018.0	17.400000000000002
6043130119151816.0	17.5
5317132394282245.0	17.6
4657499129565357.0	17.7
4054336957951638.0	17.8
3527908658373512.5	17.900000000000002
3073833923547265.0	18.0
2662341361368217.0	18.1
2306131923230789.5	18.2
1981205876502975.2	18.3
1706207874200342.5	18.400000000000002
1459816449173866.0	18.5
1242071020059796.8	18.6
1049849927706884.2	18.7
884973137618540.9	18.8
737225406723549.2	18.900000000000002
608751768829820.0	19.0
496861030722012.3	19.1
395014726334911.94	19.200000000000003
306594741970878.6	19.3
226303335753702.2	19.400000000000002
149716162023054.06	19.5
59152709860319.95	19.6
0.0	19.700000000000003
0.0	19.8
0.0	19.900000000000002
0.0	20.0
0.0	20.1
0.0	20.200000000000003
0.0	20.3
0.0	20.400000000000002
0.0	20.5
0.0	20.6
0.0	20.700000000000003
0.0	20.8
0.0	20.900000000000002
0.0	21.0
0.0	21.1
0.0	21.200000000000003
0.0	21.3
0.0	21.400000000000002
0.0	21.5
