a = 13334.468515059283 м
b = 8906.60409476948 м
x0 = 8972.181152361834 м
vr = 1924.0269329591517 м/с
A0 = 0.518611948657724 м
Xmax = 11144.30429633313 м
sigmaX = 4909.171616718739 м
sigmaY = 4832.891271596575 м
M0 = 1.2033634761545796e+19 Н*м - интегральное значение сейсмического момента
Mr_max = 3.1416464207248097e+18 Н*м/с - максимальное значение функции источника
1-ый столбец - источника
2-ой столбец - время
0.0	0.0
1357511937149084.5	0.1
2.089251889820851e+17	0.2
4.130303056971896e+17	0.30000000000000004
6.218121520947685e+17	0.4
8.17509427633693e+17	0.5
1.0136222687367066e+18	0.6000000000000001
1.20743870704153e+18	0.7000000000000001
1.3780507421793203e+18	0.8
1.5700016735651282e+18	0.9
1.7414889654666079e+18	1.0
1.8968531494848312e+18	1.1
2.035462441550611e+18	1.2000000000000002
2.1959012041133148e+18	1.3
2.312620334278792e+18	1.4000000000000001
2.4483815322386473e+18	1.5
2.560450863542312e+18	1.6
2.66368104278999e+18	1.7000000000000002
2.7710598040249943e+18	1.8
2.844283633125441e+18	1.9000000000000001
2.9163169760641736e+18	2.0
2.968771887802565e+18	2.1
3.040809358884187e+18	2.2
3.0658354508336584e+18	2.3000000000000003
3.0767090298634486e+18	2.4000000000000004
3.133275469416242e+18	2.5
3.1416464207248097e+18	2.6
3.119659288681536e+18	2.7
3.122884651918685e+18	2.8000000000000003
3.1047014249232333e+18	2.9000000000000004
3.103545064872911e+18	3.0
3.039882502610679e+18	3.1
3.010887415731288e+18	3.2
2.9644764921017047e+18	3.3000000000000003
2.9027936835417375e+18	3.4000000000000004
2.8550621653270497e+18	3.5
2.769314290183813e+18	3.6
2.7280264494246973e+18	3.7
2.6418092767753457e+18	3.8000000000000003
2.5582717358534543e+18	3.9000000000000004
2.493175896407957e+18	4.0
2.3984390624108826e+18	4.1000000000000005
2.3431191510662917e+18	4.2
2.0168215406837466e+18	4.3
1.8228224709843615e+18	4.4
1.6575346049934495e+18	4.5
1.4853680045455718e+18	4.6000000000000005
1.3440989007613197e+18	4.7
1.2049615851381873e+18	4.800000000000001
1.126287778066998e+18	4.9
1.0520782358417715e+18	5.0
9.863990198629153e+17	5.1000000000000005
9.232700445946579e+17	5.2
8.314373573104579e+17	5.300000000000001
7.928019398266752e+17	5.4
7.247980403297988e+17	5.5
6.728970717080923e+17	5.6000000000000005
6.19166938850979e+17	5.7
5.7087309909884525e+17	5.800000000000001
5.2828766648279034e+17	5.9
4.808737176422485e+17	6.0
4.427264320076864e+17	6.1000000000000005
4.022542895422556e+17	6.2
3.715444581920725e+17	6.300000000000001
3.358648965697975e+17	6.4
3.043385806017162e+17	6.5
2.7648653568598803e+17	6.6000000000000005
2.5439973838985037e+17	6.7
2.234982144189935e+17	6.800000000000001
2.048262691323061e+17	6.9
1.8551605994070813e+17	7.0
1.651707895984802e+17	7.1000000000000005
1.4680732109348438e+17	7.2
1.3110198946401246e+17	7.300000000000001
1.1717946736263109e+17	7.4
1.0412390098109582e+17	7.5
9.146427050186405e+16	7.6000000000000005
8.154518343723867e+16	7.7
7.2011932285663256e+16	7.800000000000001
6.247652298823617e+16	7.9
5.505728187035833e+16	8.0
4.752529825266364e+16	8.1
4.123233535297021e+16	8.200000000000001
3.5313114309412416e+16	8.3
3.03372099546292e+16	8.4
2.5566014327507644e+16	8.5
2.1515251971862644e+16	8.6
1.792473607569997e+16	8.700000000000001
1.474847244437186e+16	8.8
1.1743319200855292e+16	8.9
9109090923511894.0	9.0
6631498162178833.0	9.1
4185029791494260.5	9.200000000000001
0.0	9.3
0.0	9.4
0.0	9.5
0.0	9.600000000000001
0.0	9.700000000000001
0.0	9.8
0.0	9.9
0.0	10.0
0.0	10.100000000000001
