a = 8445.80957406486 м
b = 5097.14131735162 м
x0 = 1636.8145830443013 м
vr = 1595.2182801994863 м/с
A0 = 0.4667245398138883 м
Xmax = 7000.531650912732 м
sigmaX = 4147.370509408415 м
sigmaY = 4013.356292643424 м
M0 = 5.709527208569784e+18 Н*м - интегральное значение сейсмического момента
Mr_max = 1.102559653263231e+18 Н*м/с - максимальное значение функции источника
1-ый столбец - источника
2-ой столбец - время
0.0	0.0
484404146671988.7	0.1
6.201319559430357e+16	0.2
1.2345843176734024e+17	0.30000000000000004
1.8263417967679565e+17	0.4
2.4311206986118678e+17	0.5
3.03466303625528e+17	0.6000000000000001
3.6336736128542675e+17	0.7000000000000001
4.1885434765747046e+17	0.8
4.8131589571795437e+17	0.9
5.367084553122385e+17	1.0
5.955417914686657e+17	1.1
5.894734124467149e+17	1.2000000000000002
6.044872607332499e+17	1.3
6.247447723537052e+17	1.4000000000000001
6.453852161587873e+17	1.5
6.837360490881842e+17	1.6
7.134402174559721e+17	1.7000000000000002
7.438911977378029e+17	1.8
7.737172164293985e+17	1.9000000000000001
8.08094043431313e+17	2.0
8.392383157903141e+17	2.1
8.675298325089637e+17	2.2
8.980686386304483e+17	2.3000000000000003
9.15018643930346e+17	2.4000000000000004
9.445065241647094e+17	2.5
9.701302915779228e+17	2.6
9.885730204242194e+17	2.7
1.0030547237660372e+18	2.8000000000000003
1.0193073289069275e+18	2.9000000000000004
1.0388429762623309e+18	3.0
1.0513692278804146e+18	3.1
1.0527801601959581e+18	3.2
1.0650747698937349e+18	3.3000000000000003
1.0840845648861117e+18	3.4000000000000004
1.0929524463676735e+18	3.5
1.102559653263231e+18	3.6
1.0862865703944093e+18	3.7
1.0991470172539244e+18	3.8000000000000003
1.0859185503083071e+18	3.9000000000000004
1.0755990782847168e+18	4.0
1.0705215297567756e+18	4.1000000000000005
1.0764553919080969e+18	4.2
1.0535408916878684e+18	4.3
1.0581470034484084e+18	4.4
1.0278214774105088e+18	4.5
9.92124129485439e+17	4.6000000000000005
9.949842646442438e+17	4.7
9.752263492001128e+17	4.800000000000001
9.582135014011788e+17	4.9
9.363678006665678e+17	5.0
9.151014966336778e+17	5.1000000000000005
8.915458087663758e+17	5.2
8.594479169666214e+17	5.300000000000001
8.376811593506497e+17	5.4
8.076401129691045e+17	5.5
7.803019300779642e+17	5.6000000000000005
7.454152054999707e+17	5.7
7.320305432107804e+17	5.800000000000001
6.993896025809798e+17	5.9
6.685641589862504e+17	6.0
6.404368544820733e+17	6.1000000000000005
6.129413577894963e+17	6.2
5.824309663454228e+17	6.300000000000001
5.589976547082699e+17	6.4
5.275965842055885e+17	6.5
4.983934716241482e+17	6.6000000000000005
4.759447601654778e+17	6.7
4.4807203554927635e+17	6.800000000000001
4.223931221891146e+17	6.9
3.9824890852424525e+17	7.0
3.7428986164721766e+17	7.1000000000000005
3.47116529850004e+17	7.2
3.239752507736674e+17	7.300000000000001
3.022639589630955e+17	7.4
2.7854135807031373e+17	7.5
2.6200810200214314e+17	7.6000000000000005
2.413112793591678e+17	7.7
2.2352299725053574e+17	7.800000000000001
2.0454779041998298e+17	7.9
1.8818758839981834e+17	8.0
1.7265136517004858e+17	8.1
1.5666683609001712e+17	8.200000000000001
1.4377517585970626e+17	8.3
1.2949550765853366e+17	8.4
1.1555471419355899e+17	8.5
1.0388862374474042e+17	8.6
9.222290831841443e+16	8.700000000000001
8.18773310286882e+16	8.8
7.151066927042375e+16	8.9
6.156802176786897e+16	9.0
5.312321314960479e+16	9.1
4.458057191664646e+16	9.200000000000001
3.654567040981706e+16	9.3
2.887339275303836e+16	9.4
2.1035730340239172e+16	9.5
1.2193490416422422e+16	9.600000000000001
0.0	9.700000000000001
0.0	9.8
0.0	9.9
0.0	10.0
0.0	10.100000000000001
0.0	10.200000000000001
0.0	10.3
0.0	10.4
0.0	10.5
