a = 4885.202972616935 м
b = 6022.18295977572 м
x0 = 166.84267801534446 м
vr = 2208.4413694058712 м/с
A0 = 1.8297800991428939 м
Xmax = 3632.4929985053986 м
sigmaX = 4876.129447191224 м
sigmaY = 4927.348691627877 м
M0 = 2.033925107042545e+19 Н*м - интегральное значение сейсмического момента
Mr_max = 6.838505648690671e+18 Н*м/с - максимальное значение функции источника
1-ый столбец - источника
2-ой столбец - время
0.0	0.0
4710686622766190.0	0.1
6.459737478549475e+17	0.2
1.0323731639720214e+18	0.30000000000000004
1.439675523261019e+18	0.4
1.858945769333999e+18	0.5
2.2802466743626145e+18	0.6000000000000001
2.664410818400002e+18	0.7000000000000001
3.1138216988086226e+18	0.8
3.4653840565547715e+18	0.9
3.89184882993463e+18	1.0
4.17213635792181e+18	1.1
4.61815509080789e+18	1.2000000000000002
4.895928192209291e+18	1.3
5.143565130611226e+18	1.4000000000000001
5.520696525932222e+18	1.5
5.693125091026178e+18	1.6
6.017341540032672e+18	1.7000000000000002
6.189748118241291e+18	1.8
6.390295408221172e+18	1.9000000000000001
6.457921585652363e+18	2.0
6.608957306305622e+18	2.1
6.624971960870869e+18	2.2
6.740739808064902e+18	2.3000000000000003
6.838505648690671e+18	2.4000000000000004
6.724889329819177e+18	2.5
6.678253587676001e+18	2.6
6.72078783811512e+18	2.7
6.608231927046574e+18	2.8000000000000003
6.421590832296358e+18	2.9000000000000004
6.390777307549069e+18	3.0
6.202922322144424e+18	3.1
6.090822638309709e+18	3.2
5.73976814298408e+18	3.3000000000000003
5.58272905115224e+18	3.4000000000000004
5.315024398925262e+18	3.5
5.155065427659477e+18	3.6
4.78796506223501e+18	3.7
4.535577519245879e+18	3.8000000000000003
4.1743547101824497e+18	3.9000000000000004
3.8473068674191877e+18	4.0
3.3896344580673454e+18	4.1000000000000005
2.9502961290750367e+18	4.2
2.3435742882755185e+18	4.3
1.4234601323829647e+18	4.4
0.0	4.5
0.0	4.6000000000000005
0.0	4.7
0.0	4.800000000000001
0.0	4.9
0.0	5.0
0.0	5.1000000000000005
0.0	5.2
0.0	5.300000000000001
0.0	5.4
0.0	5.5
0.0	5.6000000000000005
0.0	5.7
0.0	5.800000000000001
0.0	5.9
0.0	6.0
0.0	6.1000000000000005
0.0	6.2
0.0	6.300000000000001
