a = 8136.339555179347 м
b = 9685.909966188236 м
x0 = 1463.8558983507462 м
vr = 1795.867808164516 м/с
A0 = 2.103455506487501 м
Xmax = 7117.276780226699 м
sigmaX = 4499.470208172625 м
sigmaY = 4403.325371576051 м
M0 = 3.731514300677598e+19 Н*м - интегральное значение сейсмического момента
Mr_max = 7.47090118239811e+18 Н*м/с - максимальное значение функции источника
1-ый столбец - источника
2-ой столбец - время
0.0	0.0
2574110178032784.5	0.1
3.6563772915438054e+17	0.2
7.388720996995128e+17	0.30000000000000004
1.1011096925565167e+18	0.4
1.4625194857255084e+18	0.5
1.805045870504099e+18	0.6000000000000001
2.1744336714474092e+18	0.7000000000000001
2.5242265529745203e+18	0.8
2.853779427698976e+18	0.9
2.913833552108828e+18	1.0
3.0831838241586335e+18	1.1
3.3005016843509714e+18	1.2000000000000002
3.4837587585591593e+18	1.3
3.74723096449762e+18	1.4000000000000001
3.983222568198567e+18	1.5
4.194063489962588e+18	1.6
4.4286734310892145e+18	1.7000000000000002
4.617030319220852e+18	1.8
4.839999740688553e+18	1.9000000000000001
5.159315622379151e+18	2.0
5.343175383639637e+18	2.1
5.569279942462223e+18	2.2
5.719760636727646e+18	2.3000000000000003
6.00125173552427e+18	2.4000000000000004
6.124745095685721e+18	2.5
6.390607355967252e+18	2.6
6.502194817360279e+18	2.7
6.640583350799157e+18	2.8000000000000003
6.782892341800963e+18	2.9000000000000004
6.939790965316608e+18	3.0
7.05002016745813e+18	3.1
7.175104315204653e+18	3.2
7.227140714778382e+18	3.3000000000000003
7.318201785766004e+18	3.4000000000000004
7.323894161330653e+18	3.5
7.411845320176828e+18	3.6
7.37432325898669e+18	3.7
7.316202194221646e+18	3.8000000000000003
7.399819136035639e+18	3.9000000000000004
7.47090118239811e+18	4.0
7.425959168276274e+18	4.1000000000000005
7.333061209726948e+18	4.2
7.235564942462205e+18	4.3
7.135117775317313e+18	4.4
7.104456576158915e+18	4.5
7.014055743143261e+18	4.6000000000000005
6.828637515852686e+18	4.7
6.703044206571194e+18	4.800000000000001
6.657413577959031e+18	4.9
6.499873867078893e+18	5.0
6.294915988613827e+18	5.1000000000000005
6.118434775662654e+18	5.2
5.952473536812463e+18	5.300000000000001
5.763624826833033e+18	5.4
5.629268212368679e+18	5.5
5.459004997043046e+18	5.6000000000000005
5.246206145623384e+18	5.7
5.068367258788614e+18	5.800000000000001
4.856536401000156e+18	5.9
4.5778894160807675e+18	6.0
4.440210529916297e+18	6.1000000000000005
4.3069094509449016e+18	6.2
4.0588569240686e+18	6.300000000000001
3.852511539893153e+18	6.4
3.6800716483572946e+18	6.5
3.4743160341945467e+18	6.6000000000000005
3.290292381358986e+18	6.7
3.1088242071794596e+18	6.800000000000001
2.9456556078646103e+18	6.9
2.768438811023454e+18	7.0
2.5855499300541056e+18	7.1000000000000005
2.394103309350209e+18	7.2
2.2277850266508964e+18	7.300000000000001
2.0755428260127485e+18	7.4
1.913646710836816e+18	7.5
1.7432692452192102e+18	7.6000000000000005
1.594064158647629e+18	7.7
1.4381577903116846e+18	7.800000000000001
1.2788942570598582e+18	7.9
1.1116519869108385e+18	8.0
9.439745969427473e+17	8.1
7.31157686089032e+17	8.200000000000001
4.228928107058459e+17	8.3
0.0	8.4
0.0	8.5
0.0	8.6
0.0	8.700000000000001
0.0	8.8
0.0	8.9
0.0	9.0
0.0	9.1
0.0	9.200000000000001
0.0	9.3
0.0	9.4
0.0	9.5
0.0	9.600000000000001
0.0	9.700000000000001
0.0	9.8
0.0	9.9
0.0	10.0
0.0	10.100000000000001
0.0	10.200000000000001
0.0	10.3
0.0	10.4
0.0	10.5
0.0	10.600000000000001
0.0	10.700000000000001
0.0	10.8
0.0	10.9
