a = 13091.555323827677 м
b = 10657.318755344524 м
x0 = 7487.903557861317 м
vr = 1681.3605866107366 м/с
A0 = 1.3912017924176436 м
Xmax = 14505.432580761302 м
sigmaX = 4570.44009926601 м
sigmaY = 4842.134913121011 м
M0 = 3.0960320122235175e+19 Н*м - интегральное значение сейсмического момента
Mr_max = 5.281430114644069e+18 Н*м/с - максимальное значение функции источника
1-ый столбец - источника
2-ой столбец - время
0.0	0.0
1080245930415689.8	0.1
1.4701444015348797e+17	0.2
2.919799916644052e+17	0.30000000000000004
4.3397818389213114e+17	0.4
5.777928980473221e+17	0.5
7.20772710616186e+17	0.6000000000000001
8.696558688686292e+17	0.7000000000000001
1.013347148029551e+18	0.8
1.1498399994605201e+18	0.9
1.2969065685001293e+18	1.0
1.4345513445062236e+18	1.1
1.5864009532769518e+18	1.2000000000000002
1.733121917108505e+18	1.3
1.8834361490028027e+18	1.4000000000000001
2.028195834036756e+18	1.5
2.1587461939206956e+18	1.6
2.2991043189027054e+18	1.7000000000000002
2.4569346876703114e+18	1.8
2.6071820391907026e+18	1.9000000000000001
2.740438649599465e+18	2.0
2.8854412957413315e+18	2.1
3.028917303069843e+18	2.2
3.173024769988719e+18	2.3000000000000003
3.3105511742022487e+18	2.4000000000000004
3.4518398292189384e+18	2.5
3.558551249652844e+18	2.6
3.693468157581852e+18	2.7
3.846131798319012e+18	2.8000000000000003
3.9455035004595697e+18	2.9000000000000004
4.110787263567498e+18	3.0
4.226740900726329e+18	3.1
4.305877297235965e+18	3.2
4.4173388955487923e+18	3.3000000000000003
4.5564140007079557e+18	3.4000000000000004
4.663659393914525e+18	3.5
4.691149626559266e+18	3.6
4.814829801168403e+18	3.7
4.865624129560302e+18	3.8000000000000003
5.012642171225138e+18	3.9000000000000004
5.034460959570293e+18	4.0
5.125665940470366e+18	4.1000000000000005
5.148272892438127e+18	4.2
5.21171891328749e+18	4.3
5.259709008338221e+18	4.4
5.281430114644069e+18	4.5
5.2792714819491e+18	4.6000000000000005
5.247602865307122e+18	4.7
5.278198474353786e+18	4.800000000000001
5.252732709232553e+18	4.9
5.251006774896262e+18	5.0
5.261801374434202e+18	5.1000000000000005
5.188889632153093e+18	5.2
5.143913635107886e+18	5.300000000000001
5.114992860383547e+18	5.4
5.093187008906308e+18	5.5
5.005505331942757e+18	5.6000000000000005
4.919374191477988e+18	5.7
4.85060851380685e+18	5.800000000000001
4.802653685950136e+18	5.9
4.711588592959094e+18	6.0
4.5935828948918953e+18	6.1000000000000005
4.5097661578285184e+18	6.2
4.420145719318121e+18	6.300000000000001
4.311709459555485e+18	6.4
4.2334699840297093e+18	6.5
4.110167405629881e+18	6.6000000000000005
3.963870777405186e+18	6.7
3.8700215382282004e+18	6.800000000000001
3.7252342386330783e+18	6.9
3.569697794946678e+18	7.0
3.5002087698071153e+18	7.1000000000000005
3.337431902630767e+18	7.2
3.19869166411225e+18	7.300000000000001
3.0601579537521623e+18	7.4
2.95897996509199e+18	7.5
2.804721662674807e+18	7.6000000000000005
2.6974066152290237e+18	7.7
2.568962313153418e+18	7.800000000000001
2.4257832889212396e+18	7.9
2.3473868668849213e+18	8.0
2.1862990529285783e+18	8.1
2.079346991555541e+18	8.200000000000001
1.9872711668503813e+18	8.3
1.8441692597185226e+18	8.4
1.7210091804310264e+18	8.5
1.6149957693756122e+18	8.6
1.5182791730748644e+18	8.700000000000001
1.4297031557334362e+18	8.8
1.3377579234703084e+18	8.9
1.2493979361725837e+18	9.0
1.1463956758650653e+18	9.1
1.0672014025269234e+18	9.200000000000001
9.809426722710162e+17	9.3
9.101357029194026e+17	9.4
8.330463973141366e+17	9.5
7.619055769195369e+17	9.600000000000001
6.955240707789036e+17	9.700000000000001
6.33852558381489e+17	9.8
5.7270428507312666e+17	9.9
5.2250612980928915e+17	10.0
4.618197339446753e+17	10.100000000000001
4.1643642569430336e+17	10.200000000000001
3.7124078260813325e+17	10.3
3.267163800670486e+17	10.4
2.84982793445316e+17	10.5
2.4631151725911875e+17	10.600000000000001
2.106936597411462e+17	10.700000000000001
1.755424225902442e+17	10.8
1.4369572133872608e+17	10.9
1.0969327359397656e+17	11.0
7.555910324095941e+16	11.100000000000001
2.911069249826629e+16	11.200000000000001
0.0	11.3
0.0	11.4
0.0	11.5
0.0	11.600000000000001
0.0	11.700000000000001
0.0	11.8
0.0	11.9
0.0	12.0
0.0	12.100000000000001
