a = 12116.854896083807 м
b = 8287.276916174002 м
x0 = 882.8568547029549 м
vr = 2253.6384320849224 м/с
A0 = 0.5043176229464978 м
Xmax = 10984.264873956286 м
sigmaX = 4976.882957538153 м
sigmaY = 4216.89320863719 м
M0 = 9.957903927249854e+18 Н*м - интегральное значение сейсмического момента
Mr_max = 1.9808943946502461e+18 Н*м/с - максимальное значение функции источника
1-ый столбец - источника
2-ой столбец - время
0.0	0.0
217526377234547.47	0.1
3.964705466328473e+16	0.2
7.857923347154928e+16	0.30000000000000004
1.1784094268172336e+17	0.4
1.5162918118175466e+17	0.5
1.697189444786e+17	0.6000000000000001
1.9620049509057712e+17	0.7000000000000001
2.2633943610154163e+17	0.8
2.5892301918045462e+17	0.9
2.975670336700001e+17	1.0
3.322713894928436e+17	1.1
3.7695480515865043e+17	1.2000000000000002
4.2046016791262944e+17	1.3
4.654107164814605e+17	1.4000000000000001
5.090203912684635e+17	1.5
5.665350008824237e+17	1.6
6.152793131839214e+17	1.7000000000000002
6.719813248533532e+17	1.8
7.28735206639996e+17	1.9000000000000001
7.841388146356854e+17	2.0
8.379140540355997e+17	2.1
8.950298284650124e+17	2.2
9.602550147515169e+17	2.3000000000000003
1.028450738703835e+18	2.4000000000000004
1.0839566563501684e+18	2.5
1.1417098682660648e+18	2.6
1.2082088842413202e+18	2.7
1.2586612836218872e+18	2.8000000000000003
1.3188429610698964e+18	2.9000000000000004
1.3721598554401848e+18	3.0
1.4434009531092588e+18	3.1
1.4875089885971164e+18	3.2
1.538926929899774e+18	3.3000000000000003
1.5822162131219052e+18	3.4000000000000004
1.660121536572359e+18	3.5
1.7112622611305096e+18	3.6
1.7420446481943767e+18	3.7
1.7765352557557716e+18	3.8000000000000003
1.8099599973223107e+18	3.9000000000000004
1.8522304984681656e+18	4.0
1.8917547101422177e+18	4.1000000000000005
1.9210115940348006e+18	4.2
1.9297270245317066e+18	4.3
1.9677422474277018e+18	4.4
1.9644556964824082e+18	4.5
1.9543314309486917e+18	4.6000000000000005
1.9615334951784297e+18	4.7
1.9808943946502461e+18	4.800000000000001
1.9684984821242542e+18	4.9
1.958264196277756e+18	5.0
1.954253209602648e+18	5.1000000000000005
1.9301616346127918e+18	5.2
1.9140399543390031e+18	5.300000000000001
1.879425147887327e+18	5.4
1.8833909054787013e+18	5.5
1.8309647215595236e+18	5.6000000000000005
1.7689981857572664e+18	5.7
1.740152605315174e+18	5.800000000000001
1.7117655065105772e+18	5.9
1.667820603185927e+18	6.0
1.6156396142084465e+18	6.1000000000000005
1.5603683804356168e+18	6.2
1.4980852513107287e+18	6.300000000000001
1.4638796718819136e+18	6.4
1.407712769021051e+18	6.5
1.338626464051391e+18	6.6000000000000005
1.277175857436931e+18	6.7
1.2342740101037107e+18	6.800000000000001
1.179395043082913e+18	6.9
1.1163779970722167e+18	7.0
1.0533849055736428e+18	7.1000000000000005
1.004341897645029e+18	7.2
9.455236692761815e+17	7.300000000000001
8.86179044653058e+17	7.4
8.34006587778239e+17	7.5
7.851630931721906e+17	7.6000000000000005
7.345930581238771e+17	7.7
6.838159694938468e+17	7.800000000000001
6.353843780835316e+17	7.9
5.883251079480859e+17	8.0
5.473992915170894e+17	8.1
5.049254619535858e+17	8.200000000000001
4.6298401965089875e+17	8.3
4.302040191256453e+17	8.4
3.9276566375004646e+17	8.5
3.5647926540844154e+17	8.6
3.266013796937032e+17	8.700000000000001
2.9565745083505306e+17	8.8
2.6673521696703123e+17	8.9
2.385192316048067e+17	9.0
2.1488321013030995e+17	9.1
1.9185375379381088e+17	9.200000000000001
1.6935373099470266e+17	9.3
1.5073939962093565e+17	9.4
1.3230289073914211e+17	9.5
1.1465115116126674e+17	9.600000000000001
9.991313673680166e+16	9.700000000000001
8.533798016690698e+16	9.8
7.170501067615506e+16	9.9
5.969389744313162e+16	10.0
4.82775633492981e+16	10.100000000000001
3.75627053070186e+16	10.200000000000001
2.697205346572373e+16	10.3
1.5236847484085378e+16	10.4
0.0	10.5
0.0	10.600000000000001
0.0	10.700000000000001
0.0	10.8
0.0	10.9
0.0	11.0
0.0	11.100000000000001
0.0	11.200000000000001
0.0	11.3
