a = 8003.240961086656 м
b = 7594.784409761778 м
x0 = 6248.355380870963 м
vr = 1979.1576591802843 м/с
A0 = 0.7379445677870825 м
Xmax = 7758.360070177099 м
sigmaX = 4813.977270084052 м
sigmaY = 4030.254151641811 м
M0 = 1.1938224396987417e+19 Н*м - интегральное значение сейсмического момента
Mr_max = 4.025794097413908e+18 Н*м/с - максимальное значение функции источника
1-ый столбец - источника
2-ой столбец - время
0.0	0.0
2085820384608077.2	0.1
3.313754317821288e+17	0.2
6.5657442685055e+17	0.30000000000000004
9.697101820003814e+17	0.4
1.2815342264903386e+18	0.5
1.577098981812039e+18	0.6000000000000001
1.8627717122944028e+18	0.7000000000000001
2.1298510926660152e+18	0.8
2.385513675720932e+18	0.9
2.620714142222298e+18	1.0
2.835314131407143e+18	1.1
3.059567678041192e+18	1.2000000000000002
3.244410628924495e+18	1.3
3.35862954225635e+18	1.4000000000000001
3.537833384948882e+18	1.5
3.667413843286921e+18	1.6
3.795866072256115e+18	1.7000000000000002
3.847272750458591e+18	1.8
3.928076165472682e+18	1.9000000000000001
3.944084242742707e+18	2.0
3.986549063497923e+18	2.1
3.996660343835475e+18	2.2
4.025794097413908e+18	2.3000000000000003
3.987596548070986e+18	2.4000000000000004
3.963048464881621e+18	2.5
3.900305709314736e+18	2.6
3.8319035021586847e+18	2.7
3.777852841234232e+18	2.8000000000000003
3.6812777528196183e+18	2.9000000000000004
3.594000044808428e+18	3.0
3.505179834456325e+18	3.1
3.3672823508914493e+18	3.2
2.902391486531615e+18	3.3000000000000003
2.5469735270878643e+18	3.4000000000000004
2.2923896441846602e+18	3.5
2.1144705707976187e+18	3.6
1.9450833802196306e+18	3.7
1.7513776997051697e+18	3.8000000000000003
1.632727133455437e+18	3.9000000000000004
1.4797884775371075e+18	4.0
1.349816161884506e+18	4.1000000000000005
1.222093027592607e+18	4.2
1.1067982763177992e+18	4.3
9.859909403660566e+17	4.4
8.805841135234566e+17	4.5
7.673071521715365e+17	4.6000000000000005
6.466371636874789e+17	4.7
5.267097384168621e+17	4.800000000000001
3.885402402745459e+17	4.9
1.894165507180551e+17	5.0
0.0	5.1000000000000005
0.0	5.2
0.0	5.300000000000001
0.0	5.4
0.0	5.5
0.0	5.6000000000000005
0.0	5.7
0.0	5.800000000000001
0.0	5.9
