a = 16572.026295174397 м
b = 11098.409084430192 м
x0 = 15930.835823593161 м
vr = 1559.6913315903807 м/с
A0 = 0.7725025705878463 м
Xmax = 21090.870650488545 м
sigmaX = 4186.447167613548 м
sigmaY = 4320.076537457039 м
M0 = 1.4690959550531926e+19 Н*м - интегральное значение сейсмического момента
Mr_max = 2.6494476059517297e+18 Н*м/с - максимальное значение функции источника
1-ый столбец - источника
2-ой столбец - время
0.0	0.0
846589130423679.2	0.1
1.0747514253307491e+17	0.2
2.1231533720861245e+17	0.30000000000000004
3.134687799212191e+17	0.4
4.166730113451333e+17	0.5
5.213128858800289e+17	0.6000000000000001
6.23988650258319e+17	0.7000000000000001
7.187628626919026e+17	0.8
8.240698637735401e+17	0.9
9.251537902539926e+17	1.0
1.0133027546525114e+18	1.1
1.1189904427757961e+18	1.2000000000000002
1.205376085888638e+18	1.3
1.2977970719318738e+18	1.4000000000000001
1.3900311534727744e+18	1.5
1.4759523717665441e+18	1.6
1.5535018557977892e+18	1.7000000000000002
1.6457153111231498e+18	1.8
1.725492025350774e+18	1.9000000000000001
1.7933034665667968e+18	2.0
1.8851202088772872e+18	2.1
1.9519289915518175e+18	2.2
2.0316755614877512e+18	2.3000000000000003
2.084661955252619e+18	2.4000000000000004
2.15720581808513e+18	2.5
2.209050968867047e+18	2.6
2.2749505410702208e+18	2.7
2.3328113129690947e+18	2.8000000000000003
2.371885262005723e+18	2.9000000000000004
2.4111455574773484e+18	3.0
2.4678290245213435e+18	3.1
2.510281289697399e+18	3.2
2.544514443588701e+18	3.3000000000000003
2.541416219058793e+18	3.4000000000000004
2.577127569309352e+18	3.5
2.5816148779343867e+18	3.6
2.6266867116470733e+18	3.7
2.639998974482468e+18	3.8000000000000003
2.6439365472218573e+18	3.9000000000000004
2.6480757712409093e+18	4.0
2.6494476059517297e+18	4.1000000000000005
2.6286722406795965e+18	4.2
2.632784686389548e+18	4.3
2.6152360280436255e+18	4.4
2.596680609448349e+18	4.5
2.5506712003961416e+18	4.6000000000000005
2.54931654232006e+18	4.7
2.5323006782604554e+18	4.800000000000001
2.485508290234587e+18	4.9
2.441523161873514e+18	5.0
2.406685754828551e+18	5.1000000000000005
2.3633729777207967e+18	5.2
2.3157694966242493e+18	5.300000000000001
2.250268741930644e+18	5.4
2.19715078884738e+18	5.5
2.1776656251894418e+18	5.6000000000000005
2.1290363977687616e+18	5.7
2.05687760297697e+18	5.800000000000001
2.0106606179169032e+18	5.9
1.9486162584415785e+18	6.0
1.8822357110766344e+18	6.1000000000000005
1.8074547341204623e+18	6.2
1.7715041302967913e+18	6.300000000000001
1.7052093416013614e+18	6.4
1.6493113832340296e+18	6.5
1.58448219672889e+18	6.6000000000000005
1.5035403523093993e+18	6.7
1.4516897399736315e+18	6.800000000000001
1.4025882667814735e+18	6.9
1.323840976376952e+18	7.0
1.2673876860336284e+18	7.1000000000000005
1.2185120767308716e+18	7.2
1.1293588760478843e+18	7.300000000000001
1.0605070249551002e+18	7.4
9.88448994733733e+17	7.5
9.370367303595396e+17	7.6000000000000005
8.698097221361587e+17	7.7
8.089979193890783e+17	7.800000000000001
7.710267405448549e+17	7.9
7.097725698073989e+17	8.0
6.56867813849687e+17	8.1
6.061939000458012e+17	8.200000000000001
5.660513214022173e+17	8.3
5.277483169341645e+17	8.4
4.8782077163625894e+17	8.5
4.460937698831111e+17	8.6
4.130680528662294e+17	8.700000000000001
3.795775959934194e+17	8.8
3.451664112906419e+17	8.9
3.168011510569156e+17	9.0
2.8731665781846998e+17	9.1
2.6237265391411546e+17	9.200000000000001
2.377352242996971e+17	9.3
2.1285836711368253e+17	9.4
1.9341582747298813e+17	9.5
1.7231142916780867e+17	9.600000000000001
1.5439496342215203e+17	9.700000000000001
1.3840827656847869e+17	9.8
1.2198930680951422e+17	9.9
1.0708019460373659e+17	10.0
9.49316979331388e+16	10.100000000000001
8.320458603431173e+16	10.200000000000001
7.184669223766572e+16	10.3
6.1885021650614856e+16	10.4
5.276167401653035e+16	10.5
4.439904906341551e+16	10.600000000000001
3.642702933035061e+16	10.700000000000001
2.9243050147401464e+16	10.8
2.228568218714631e+16	10.9
1.549721871423518e+16	11.0
7434260105347868.0	11.100000000000001
0.0	11.200000000000001
0.0	11.3
0.0	11.4
0.0	11.5
0.0	11.600000000000001
0.0	11.700000000000001
0.0	11.8
0.0	11.9
0.0	12.0
