a = 9163.682613298464 м
b = 6782.607527906022 м
x0 = 3321.049585978966 м
vr = 1943.2202037159739 м/с
A0 = 0.7963570821807195 м
Xmax = 6455.809489359303 м
sigmaX = 4885.541618787724 м
sigmaY = 4361.85084903806 м
M0 = 1.3283251206516206e+19 Н*м - интегральное значение сейсмического момента
Mr_max = 3.828173355872031e+18 Н*м/с - максимальное значение функции источника
1-ый столбец - источника
2-ой столбец - время
0.0	0.0
1890367833909795.5	0.1
2.9470211347555366e+17	0.2
5.803505002599515e+17	0.30000000000000004
8.713062335874807e+17	0.4
1.1504299515502684e+18	0.5
1.4045270225636017e+18	0.6000000000000001
1.6784664827524808e+18	0.7000000000000001
1.9389827580759944e+18	0.8
2.1924017968508321e+18	0.9
2.4298384041681065e+18	1.0
2.67187715059805e+18	1.1
2.8612967348260076e+18	1.2000000000000002
3.0451094042636247e+18	1.3
3.22292031044789e+18	1.4000000000000001
3.4245684580672707e+18	1.5
3.5646332842118497e+18	1.6
3.7101375980512686e+18	1.7000000000000002
3.828173355872031e+18	1.8
3.516187676342644e+18	1.9000000000000001
3.382822684172897e+18	2.0
3.357304769648861e+18	2.1
3.2900810675227264e+18	2.2
3.2261167460232755e+18	2.3000000000000003
3.1692802820749983e+18	2.4000000000000004
3.132746170478619e+18	2.5
3.0909993474805724e+18	2.6
3.052623630959677e+18	2.7
3.013851928262625e+18	2.8000000000000003
2.991822201388381e+18	2.9000000000000004
2.9086400104067456e+18	3.0
2.8329206917975557e+18	3.1
2.792324569324948e+18	3.2
2.7104038634915144e+18	3.3000000000000003
2.6431672163592223e+18	3.4000000000000004
2.531203469148372e+18	3.5
2.49359997366459e+18	3.6
2.4267982356274156e+18	3.7
2.3213249736731837e+18	3.8000000000000003
2.2448318044237253e+18	3.9000000000000004
2.1518879900947607e+18	4.0
2.0851625150758374e+18	4.1000000000000005
1.9987683465915635e+18	4.2
1.9050436901897024e+18	4.3
1.8196386584254633e+18	4.4
1.7450861162034442e+18	4.5
1.617950496165031e+18	4.6000000000000005
1.53848723127529e+18	4.7
1.458851501029154e+18	4.800000000000001
1.3841269493105388e+18	4.9
1.3109861524662236e+18	5.0
1.2139208693178232e+18	5.1000000000000005
1.1551890143554483e+18	5.2
1.072823780827785e+18	5.300000000000001
9.974810359781437e+17	5.4
9.290635513152998e+17	5.5
8.697198782688506e+17	5.6000000000000005
7.922245250228863e+17	5.7
7.447923555278967e+17	5.800000000000001
6.862431240580751e+17	5.9
6.268498509802712e+17	6.0
5.743791729202569e+17	6.1000000000000005
5.300470386015312e+17	6.2
4.8089474961735424e+17	6.300000000000001
4.415779129168477e+17	6.4
3.9549311124387955e+17	6.5
3.5689256248113254e+17	6.6000000000000005
3.201113206925466e+17	6.7
2.8613793771240726e+17	6.800000000000001
2.5326918627930387e+17	6.9
2.2175307066079347e+17	7.0
1.953175602730878e+17	7.1000000000000005
1.6750019219401085e+17	7.2
1.4291124751690029e+17	7.300000000000001
1.195954033871432e+17	7.4
9.598508807713152e+16	7.5
7.395888945894035e+16	7.6000000000000005
5.0989842397069096e+16	7.7
2.073690652347908e+16	7.800000000000001
0.0	7.9
0.0	8.0
0.0	8.1
0.0	8.200000000000001
0.0	8.3
0.0	8.4
0.0	8.5
0.0	8.6
0.0	8.700000000000001
