a = 4892.407034181323 м
b = 6278.4273673561165 м
x0 = 2468.701319947557 м
vr = 1917.7569742987907 м/с
A0 = 1.0043713744610876 м
Xmax = 4024.9083865785237 м
sigmaX = 4215.119449616669 м
sigmaY = 4066.2729755022524 м
M0 = 1.0365490991407718e+19 Н*м - интегральное значение сейсмического момента
Mr_max = 3.9865806550132306e+18 Н*м/с - максимальное значение функции источника
1-ый столбец - источника
2-ой столбец - время
0.0	0.0
2699168912290738.5	0.1
4.1538010083613594e+17	0.2
8.093605021392612e+17	0.30000000000000004
1.198557492263495e+18	0.4
1.601919719400333e+18	0.5
1.935943393784294e+18	0.6000000000000001
2.2971656431711045e+18	0.7000000000000001
2.645243979618666e+18	0.8
2.934802803332015e+18	0.9
3.201898424037802e+18	1.0
3.475130988406677e+18	1.1
3.746708586431952e+18	1.2000000000000002
3.9863942979799613e+18	1.3
3.9865806550132306e+18	1.4000000000000001
3.779522349224488e+18	1.5
3.749745305380634e+18	1.6
3.7077394049347507e+18	1.7000000000000002
3.67288608426469e+18	1.8
3.5797277322098053e+18	1.9000000000000001
3.553402189688391e+18	2.0
3.532966425741558e+18	2.1
3.471318459729753e+18	2.2
3.396366421887909e+18	2.3000000000000003
3.288510311296518e+18	2.4000000000000004
3.220181422539632e+18	2.5
3.1481554837330074e+18	2.6
3.0631080896074163e+18	2.7
3.010618405125312e+18	2.8000000000000003
2.8684637313382185e+18	2.9000000000000004
2.700920597301e+18	3.0
2.526483907999458e+18	3.1
2.4299477930404716e+18	3.2
2.294042983225365e+18	3.3000000000000003
2.1555727151870487e+18	3.4000000000000004
1.9989567314046738e+18	3.5
1.8405471717199982e+18	3.6
1.6866939921145608e+18	3.7
1.4976662594552998e+18	3.8000000000000003
1.243580190600019e+18	3.9000000000000004
0.0	4.0
0.0	4.1000000000000005
0.0	4.2
0.0	4.3
0.0	4.4
0.0	4.5
0.0	4.6000000000000005
0.0	4.7
0.0	4.800000000000001
0.0	4.9
0.0	5.0
0.0	5.1000000000000005
0.0	5.2
0.0	5.300000000000001
0.0	5.4
0.0	5.5
0.0	5.6000000000000005
0.0	5.7
0.0	5.800000000000001
0.0	5.9
0.0	6.0
0.0	6.1000000000000005
0.0	6.2
