a = 6409.872440508331 м
b = 5123.8282586603245 м
x0 = 2959.6042662625428 м
vr = 2108.82623957947 м/с
A0 = 0.6000215985339445 м
Xmax = 8233.528122839387 м
sigmaX = 4774.03325989331 м
sigmaY = 4552.466394631179 м
M0 = 6.892939822054901e+18 Н*м - интегральное значение сейсмического момента
Mr_max = 2.081158934145741e+18 Н*м/с - максимальное значение функции источника
1-ый столбец - источника
2-ой столбец - время
0.0	0.0
1031182397299598.6	0.1
1.763960685276303e+17	0.2
3.4503051551137875e+17	0.30000000000000004
5.0952208436468115e+17	0.4
6.757589999526094e+17	0.5
8.453964027458317e+17	0.6000000000000001
9.9795068859383e+17	0.7000000000000001
1.1450487681042752e+18	0.8
1.295395503267784e+18	0.9
1.450924662255476e+18	1.0
1.5863728363536845e+18	1.1
1.6992220452775025e+18	1.2000000000000002
1.865477688171078e+18	1.3
1.9769695949245878e+18	1.4000000000000001
2.0538676137329124e+18	1.5
1.967945640449099e+18	1.6
1.9604661676730975e+18	1.7000000000000002
1.9678574547891507e+18	1.8
2.0165079757395953e+18	1.9000000000000001
2.02468422703419e+18	2.0
2.0366151447756406e+18	2.1
2.0535967788355123e+18	2.2
2.0596377121524925e+18	2.3000000000000003
2.081158934145741e+18	2.4000000000000004
2.0701263526025994e+18	2.5
2.0586657831530004e+18	2.6
2.0348834327287421e+18	2.7
2.029670837690226e+18	2.8000000000000003
1.976475928541208e+18	2.9000000000000004
1.9637274973991823e+18	3.0
1.9047650784014054e+18	3.1
1.861797341971059e+18	3.2
1.832514865265581e+18	3.3000000000000003
1.7268004606845862e+18	3.4000000000000004
1.686890260068013e+18	3.5
1.6064609120892447e+18	3.6
1.5560289263390364e+18	3.7
1.4608982360930486e+18	3.8000000000000003
1.368836698485063e+18	3.9000000000000004
1.2855523497037304e+18	4.0
1.179676112825948e+18	4.1000000000000005
1.0766020108367808e+18	4.2
9.546794239029667e+17	4.3
8.496313452000858e+17	4.4
7.149096153780616e+17	4.5
5.693759365832529e+17	4.6000000000000005
3.6759412483109126e+17	4.7
0.0	4.800000000000001
0.0	4.9
0.0	5.0
0.0	5.1000000000000005
0.0	5.2
0.0	5.300000000000001
0.0	5.4
0.0	5.5
0.0	5.6000000000000005
