a = 6697.236131999063 м
b = 7114.699482420027 м
x0 = 1119.9551543167695 м
vr = 1742.8294789970048 м/с
A0 = 2.1172596422988113 м
Xmax = 6733.815517452157 м
sigmaX = 4052.234700434427 м
sigmaY = 4653.362816778002 м
M0 = 2.984145499615481e+19 Н*м - интегральное значение сейсмического момента
Mr_max = 6.864976964023481e+18 Н*м/с - максимальное значение функции источника
1-ый столбец - источника
2-ой столбец - время
0.0	0.0
2120140839701498.8	0.1
2.950959365576726e+17	0.2
5.905590868870551e+17	0.30000000000000004
8.747531503343383e+17	0.4
1.1735220589761923e+18	0.5
1.4506950360299901e+18	0.6000000000000001
1.7464972280412723e+18	0.7000000000000001
1.8352512510101742e+18	0.8
2.002710429906146e+18	0.9
2.1511082774024865e+18	1.0
2.369140836978723e+18	1.1
2.533468445743366e+18	1.2000000000000002
2.793067111878544e+18	1.3
3.036220067800805e+18	1.4000000000000001
3.162890700712824e+18	1.5
3.4116215190439424e+18	1.6
3.648820326384297e+18	1.7000000000000002
3.8556272402770586e+18	1.8
4.072556628592217e+18	1.9000000000000001
4.365616189902612e+18	2.0
4.67300062727728e+18	2.1
4.751858872383683e+18	2.2
5.043863924387611e+18	2.3000000000000003
5.293528396007922e+18	2.4000000000000004
5.368873707275562e+18	2.5
5.564370122411607e+18	2.6
5.849930331649902e+18	2.7
5.892179471198962e+18	2.8000000000000003
6.042719085817405e+18	2.9000000000000004
6.333334277007354e+18	3.0
6.386272284641294e+18	3.1
6.363641012742924e+18	3.2
6.45979493062527e+18	3.3000000000000003
6.629234597197748e+18	3.4000000000000004
6.699097807266203e+18	3.5
6.692350892042821e+18	3.6
6.735218053033325e+18	3.7
6.784952599268792e+18	3.8000000000000003
6.773654296457986e+18	3.9000000000000004
6.864976964023481e+18	4.0
6.85867520129997e+18	4.1000000000000005
6.735199952540444e+18	4.2
6.668095507227685e+18	4.3
6.626906198677851e+18	4.4
6.464041363577494e+18	4.5
6.320042192483686e+18	4.6000000000000005
6.21545310156189e+18	4.7
6.032590959432565e+18	4.800000000000001
5.874158352808259e+18	4.9
5.717499609907514e+18	5.0
5.442831574510712e+18	5.1000000000000005
5.250342890717622e+18	5.2
5.198726580558737e+18	5.300000000000001
4.927604553526642e+18	5.4
4.747555477901099e+18	5.5
4.477318227558943e+18	5.6000000000000005
4.297753691737124e+18	5.7
4.061280275026641e+18	5.800000000000001
3.8237406417792737e+18	5.9
3.603733198230722e+18	6.0
3.3442144476986696e+18	6.1000000000000005
3.10739575498045e+18	6.2
2.8787464671315026e+18	6.300000000000001
2.56821207338185e+18	6.4
2.3679834210727895e+18	6.5
2.0909069199379858e+18	6.6000000000000005
1.838104285692904e+18	6.7
1.5638364360599378e+18	6.800000000000001
1.275310491553372e+18	6.9
9.533128795792232e+17	7.0
5.087833173779875e+17	7.1000000000000005
0.0	7.2
0.0	7.300000000000001
0.0	7.4
0.0	7.5
0.0	7.6000000000000005
0.0	7.7
0.0	7.800000000000001
0.0	7.9
0.0	8.0
0.0	8.1
0.0	8.200000000000001
0.0	8.3
0.0	8.4
0.0	8.5
