a = 10601.533993145087 м
b = 13198.048867605377 м
x0 = 5865.628461077812 м
vr = 1716.26422943163 м/с
A0 = 0.38089232792789995 м
Xmax = 13431.728170197595 м
sigmaX = 4385.973685687099 м
sigmaY = 4360.691392339566 м
M0 = 7.069341096927498e+18 Н*м - интегральное значение сейсмического момента
Mr_max = 1.2772789832292247e+18 Н*м/с - максимальное значение функции источника
1-ый столбец - источника
2-ой столбец - время
0.0	0.0
221832398778335.4	0.1
3.0597209101863164e+16	0.2
6.107130266843905e+16	0.30000000000000004
9.098813846522845e+16	0.4
1.2092302575924493e+17	0.5
1.5111814413072736e+17	0.6000000000000001
1.808603908639842e+17	0.7000000000000001
2.1336778480941645e+17	0.8
2.4483287437075955e+17	0.9
2.7311795592844496e+17	1.0
3.080829025081029e+17	1.1
3.3579705088962035e+17	1.2000000000000002
3.735660183003454e+17	1.3
4.030417088778011e+17	1.4000000000000001
4.377697452452526e+17	1.5
4.678019714369898e+17	1.6
5.0295021407001805e+17	1.7000000000000002
5.298285735454293e+17	1.8
5.6601417466020736e+17	1.9000000000000001
6.05643188806549e+17	2.0
6.34027481796846e+17	2.1
6.735749495301074e+17	2.2
7.024670007646875e+17	2.3000000000000003
7.414363890264512e+17	2.4000000000000004
7.704126142785069e+17	2.5
8.087641320627332e+17	2.6
8.348157155983442e+17	2.7
8.712053815247063e+17	2.8000000000000003
9.153000028788942e+17	2.9000000000000004
9.391869910036284e+17	3.0
9.71931435879541e+17	3.1
1.002614592574771e+18	3.2
1.0270841094773299e+18	3.3000000000000003
1.0603441992677823e+18	3.4000000000000004
1.0847366392037786e+18	3.5
1.1013271038007091e+18	3.6
1.1300005916935747e+18	3.7
1.1440675631257006e+18	3.8000000000000003
1.1749281557599708e+18	3.9000000000000004
1.1981019063914332e+18	4.0
1.1980345320536852e+18	4.1000000000000005
1.2134711402584453e+18	4.2
1.2361376393345628e+18	4.3
1.258799114210951e+18	4.4
1.2461612776835105e+18	4.5
1.2645945627506e+18	4.6000000000000005
1.257006804411349e+18	4.7
1.2713136948633185e+18	4.800000000000001
1.27497889461819e+18	4.9
1.2708569418429832e+18	5.0
1.2772789832292247e+18	5.1000000000000005
1.2657421654046484e+18	5.2
1.247816650696389e+18	5.300000000000001
1.2439875039111396e+18	5.4
1.234037484051654e+18	5.5
1.2167256347824873e+18	5.6000000000000005
1.188403244792822e+18	5.7
1.1800732901835658e+18	5.800000000000001
1.1693642122913636e+18	5.9
1.1483880117822615e+18	6.0
1.1248018893913327e+18	6.1000000000000005
1.0940105446313714e+18	6.2
1.080260242624783e+18	6.300000000000001
1.0519220261627533e+18	6.4
1.0119391280791409e+18	6.5
9.970819269478874e+17	6.6000000000000005
9.596320958423259e+17	6.7
9.487842081954618e+17	6.800000000000001
9.10253771412669e+17	6.9
8.749264155361661e+17	7.0
8.47700717748548e+17	7.1000000000000005
8.177590189400018e+17	7.2
7.887071530524282e+17	7.300000000000001
7.567177215641006e+17	7.4
7.246953598187233e+17	7.5
6.946532868586698e+17	7.6000000000000005
6.637229587813819e+17	7.7
6.2849119460913e+17	7.800000000000001
5.973337234837121e+17	7.9
5.70345051121802e+17	8.0
5.3583762804421037e+17	8.1
5.127254413794461e+17	8.200000000000001
4.870773906865301e+17	8.3
4.5883876919967654e+17	8.4
4.312441566555486e+17	8.5
4.078145154140005e+17	8.6
3.801168346478949e+17	8.700000000000001
3.562723423975161e+17	8.8
3.3198400597156224e+17	8.9
3.006685044463731e+17	9.0
0.0	9.1
0.0	9.200000000000001
0.0	9.3
0.0	9.4
0.0	9.5
0.0	9.600000000000001
0.0	9.700000000000001
0.0	9.8
0.0	9.9
0.0	10.0
0.0	10.100000000000001
0.0	10.200000000000001
0.0	10.3
0.0	10.4
0.0	10.5
0.0	10.600000000000001
0.0	10.700000000000001
0.0	10.8
0.0	10.9
0.0	11.0
0.0	11.100000000000001
0.0	11.200000000000001
0.0	11.3
0.0	11.4
0.0	11.5
0.0	11.600000000000001
0.0	11.700000000000001
0.0	11.8
0.0	11.9
0.0	12.0
0.0	12.100000000000001
0.0	12.200000000000001
0.0	12.3
0.0	12.4
0.0	12.5
0.0	12.600000000000001
0.0	12.700000000000001
0.0	12.8
0.0	12.9
