a = 17937.10950620474 м
b = 20773.59732608219 м
x0 = 8410.352256513872 м
vr = 2117.3917740047336 м/с
A0 = 0.7355452337877747 м
Xmax = 15892.36856667571 м
sigmaX = 4423.348663498755 м
sigmaY = 4877.351214195816 м
M0 = 1.7393526608163547e+19 Н*м - интегральное значение сейсмического момента
Mr_max = 3.628557669111791e+18 Н*м/с - максимальное значение функции источника
1-ый столбец - источника
2-ой столбец - время
0.0	0.0
559745718388002.6	0.1
9.572883596715994e+16	0.2
1.9011922388578867e+17	0.30000000000000004
2.8552223497005734e+17	0.4
3.825117924225302e+17	0.5
4.755223870636683e+17	0.6000000000000001
5.751858838381624e+17	0.7000000000000001
6.736932755626444e+17	0.8
7.735070779840896e+17	0.9
8.749008290588998e+17	1.0
9.786612289953326e+17	1.1
1.0878735022273839e+18	1.2000000000000002
1.1996565596319642e+18	1.3
1.3043025604943332e+18	1.4000000000000001
1.4220968124341427e+18	1.5
1.537146568581395e+18	1.6
1.626589970937936e+18	1.7000000000000002
1.7618141378700403e+18	1.8
1.8703525160774392e+18	1.9000000000000001
1.9862720458194872e+18	2.0
2.108870517236046e+18	2.1
2.2337361527657526e+18	2.2
2.344236044956349e+18	2.3000000000000003
2.4414897197641016e+18	2.4000000000000004
2.572407974508181e+18	2.5
2.6690149221958917e+18	2.6
2.7397595111957437e+18	2.7
2.8713457207184584e+18	2.8000000000000003
2.9697385529929964e+18	2.9000000000000004
3.0769830842065065e+18	3.0
3.152328150899176e+18	3.1
3.241987069283888e+18	3.2
3.3022023284867994e+18	3.3000000000000003
3.3660051588179773e+18	3.4000000000000004
3.4415434651893693e+18	3.5
3.465361242736368e+18	3.6
3.479443252699165e+18	3.7
3.5774127211608975e+18	3.8000000000000003
3.5779365772770867e+18	3.9000000000000004
3.595978175946949e+18	4.0
3.628557669111791e+18	4.1000000000000005
3.618364443070681e+18	4.2
3.586199527875206e+18	4.3
3.5743617748144036e+18	4.4
3.549780059402114e+18	4.5
3.4934619554846607e+18	4.6000000000000005
3.4474479427203963e+18	4.7
3.423985563719084e+18	4.800000000000001
3.3362549966019697e+18	4.9
3.2793498846900557e+18	5.0
3.2194040301268516e+18	5.1000000000000005
3.125664911224827e+18	5.2
3.0450764932863534e+18	5.300000000000001
2.9737853505441736e+18	5.4
2.8641393807271414e+18	5.5
2.758641435081243e+18	5.6000000000000005
2.679284482622595e+18	5.7
2.5819153525074365e+18	5.800000000000001
2.460331842574583e+18	5.9
2.3292353972000353e+18	6.0
2.240067801376084e+18	6.1000000000000005
2.1254913440042995e+18	6.2
2.0326646801937275e+18	6.300000000000001
1.9180051222794465e+18	6.4
1.8171555356517821e+18	6.5
1.7218605707049106e+18	6.6000000000000005
1.6206275303967823e+18	6.7
1.5271803548874353e+18	6.800000000000001
1.420092068624652e+18	6.9
1.3220805476224438e+18	7.0
1.2361053005054886e+18	7.1000000000000005
1.1406984299640253e+18	7.2
1.0539886706974011e+18	7.300000000000001
9.836766113771067e+17	7.4
9.082450092497746e+17	7.5
8.363511757024385e+17	7.6000000000000005
7.693839015058843e+17	7.7
7.052693675204334e+17	7.800000000000001
6.466651404841769e+17	7.9
5.943800332969592e+17	8.0
5.355480123359059e+17	8.1
4.865235124285296e+17	8.200000000000001
4.4101613569577254e+17	8.3
4.017250490237066e+17	8.4
3.585394822987279e+17	8.5
3.247662968247558e+17	8.6
2.9283200828481606e+17	8.700000000000001
2.6228051801915216e+17	8.8
2.3237332992658083e+17	8.9
2.0733465195843846e+17	9.0
1.8439038012256592e+17	9.1
1.635592823414168e+17	9.200000000000001
1.4525778325862848e+17	9.3
1.2761946664174642e+17	9.4
1.1317296859980902e+17	9.5
9.932550093154094e+16	9.600000000000001
8.741999878302264e+16	9.700000000000001
7.631689069925032e+16	9.8
6.690119987464363e+16	9.9
5.779578672622589e+16	10.0
5.0232720434960344e+16	10.100000000000001
4.3672108354998296e+16	10.200000000000001
3.753444761914573e+16	10.3
3.281787920660356e+16	10.4
2.78978942173269e+16	10.5
2.3992651804251596e+16	10.600000000000001
2.0622183252093516e+16	10.700000000000001
1.753868693942443e+16	10.8
1.491382391183134e+16	10.9
1.2705760602636546e+16	11.0
1.0798017316657084e+16	11.100000000000001
9134012181901846.0	11.200000000000001
7718858838557171.0	11.3
6481396943577585.0	11.4
5425872607400248.0	11.5
4538524835335552.0	11.600000000000001
3762624944452356.5	11.700000000000001
3124275304119674.5	11.8
2594223153467108.5	11.9
2146574727470052.2	12.0
1763048573091862.5	12.100000000000001
1446552502549135.0	12.200000000000001
1175354093305303.5	12.3
950057442635991.6	12.4
756451710825982.6	12.5
597447651879560.4	12.600000000000001
463165270731728.9	12.700000000000001
347785585280282.06	12.8
244416084760568.03	12.9
141788739615861.3	13.0
0.0	13.100000000000001
0.0	13.200000000000001
0.0	13.3
0.0	13.4
0.0	13.5
0.0	13.600000000000001
0.0	13.700000000000001
0.0	13.8
0.0	13.9
0.0	14.0
0.0	14.100000000000001
0.0	14.200000000000001
0.0	14.3
0.0	14.4
0.0	14.5
0.0	14.600000000000001
0.0	14.700000000000001
0.0	14.8
0.0	14.9
0.0	15.0
0.0	15.100000000000001
0.0	15.200000000000001
0.0	15.3
0.0	15.4
0.0	15.5
0.0	15.600000000000001
0.0	15.700000000000001
0.0	15.8
0.0	15.9
0.0	16.0
0.0	16.1
0.0	16.2
0.0	16.3
0.0	16.400000000000002
0.0	16.5
0.0	16.6
