a = 11967.584048114031 м
b = 7267.96960636071 м
x0 = 6137.871694698693 м
vr = 1699.4536206162577 м/с
A0 = 1.2083009050343385 м
Xmax = 10610.532004832927 м
sigmaX = 4279.060310605299 м
sigmaY = 4402.175517088493 м
M0 = 2.1399318459209134e+19 Н*м - интегральное значение сейсмического момента
Mr_max = 4.881671499510746e+18 Н*м/с - максимальное значение функции источника
1-ый столбец - источника
2-ой столбец - время
0.0	0.0
1784681124123277.8	0.1
2.4272023869707504e+17	0.2
4.830323028584756e+17	0.30000000000000004
7.207739958611497e+17	0.4
9.55517380058719e+17	0.5
1.1894628683169684e+18	0.6000000000000001
1.4209175086647729e+18	0.7000000000000001
1.6360096127701563e+18	0.8
1.8626152325099395e+18	0.9
2.060919249125583e+18	1.0
2.2931039345276518e+18	1.1
2.504006083273287e+18	1.2000000000000002
2.6815408006649457e+18	1.3
2.8760063828782075e+18	1.4000000000000001
3.0803011065801866e+18	1.5
3.2775659748301937e+18	1.6
3.4266746244309704e+18	1.7000000000000002
3.585002799520724e+18	1.8
3.734922216169335e+18	1.9000000000000001
3.904460547135082e+18	2.0
3.993020237535289e+18	2.1
4.1460689828813235e+18	2.2
4.222019395158462e+18	2.3000000000000003
4.351351562843177e+18	2.4000000000000004
4.4415778289904876e+18	2.5
4.53250233824843e+18	2.6
4.6047579544513956e+18	2.7
4.679152027064029e+18	2.8000000000000003
4.713174006179426e+18	2.9000000000000004
4.824189576081748e+18	3.0
4.796803965777449e+18	3.1
4.873440347891153e+18	3.2
4.872036687263252e+18	3.3000000000000003
4.881671499510746e+18	3.4000000000000004
4.683004684912282e+18	3.5
4.476815903526876e+18	3.6
4.2530921118458834e+18	3.7
4.155708975397541e+18	3.8000000000000003
4.117828873196512e+18	3.9000000000000004
4.059387575231409e+18	4.0
3.9576054396282184e+18	4.1000000000000005
3.865477341776881e+18	4.2
3.759996971391924e+18	4.3
3.68727795654289e+18	4.4
3.6151804640132756e+18	4.5
3.5076287824082867e+18	4.6000000000000005
3.3859722329431383e+18	4.7
3.231580373532311e+18	4.800000000000001
3.183547141637379e+18	4.9
2.99679726853679e+18	5.0
2.8922467057715425e+18	5.1000000000000005
2.758871478426535e+18	5.2
2.671062560711764e+18	5.300000000000001
2.5398561904657966e+18	5.4
2.429702634982431e+18	5.5
2.314975359443096e+18	5.6000000000000005
2.2255969922770568e+18	5.7
2.1113743465008648e+18	5.800000000000001
1.9966088381045548e+18	5.9
1.9047771577242606e+18	6.0
1.7987204297114015e+18	6.1000000000000005
1.6827390866517908e+18	6.2
1.578508265734534e+18	6.300000000000001
1.4912943714554168e+18	6.4
1.4029578435003743e+18	6.5
1.301362092994889e+18	6.6000000000000005
1.2272485162070577e+18	6.7
1.139783032184883e+18	6.800000000000001
1.0570627163671555e+18	6.9
9.747428614222e+17	7.0
9.111962140976365e+17	7.1000000000000005
8.408101764268895e+17	7.2
7.83532872465747e+17	7.300000000000001
7.154451931054689e+17	7.4
6.566477472161024e+17	7.5
6.060811663575203e+17	7.6000000000000005
5.4533016771149805e+17	7.7
5.00996440328989e+17	7.800000000000001
4.580286127397235e+17	7.9
4.1732108338799706e+17	8.0
3.813588683993017e+17	8.1
3.424162792154708e+17	8.200000000000001
3.106531579960551e+17	8.3
2.823561459371034e+17	8.4
2.492039490532112e+17	8.5
2.2567216344034426e+17	8.6
1.9887922330978915e+17	8.700000000000001
1.7842071651334973e+17	8.8
1.5744326962190054e+17	8.9
1.3998796433212587e+17	9.0
1.2425931931833067e+17	9.1
1.0835914353193462e+17	9.200000000000001
9.493249727933018e+16	9.3
8.199208757375947e+16	9.4
7.139831360172865e+16	9.5
6.151195789177615e+16	9.600000000000001
5.244705395491946e+16	9.700000000000001
4.434499837653636e+16	9.8
3.743436855405229e+16	9.9
3.100990299413467e+16	10.0
2.530542406491506e+16	10.100000000000001
2.0097550163459116e+16	10.200000000000001
1.5422198981754942e+16	10.3
1.1003635244409062e+16	10.4
6387201870975982.0	10.5
0.0	10.600000000000001
0.0	10.700000000000001
0.0	10.8
0.0	10.9
0.0	11.0
0.0	11.100000000000001
0.0	11.200000000000001
0.0	11.3
0.0	11.4
