a = 6822.733938232691 м
b = 8354.37050301575 м
x0 = 1238.526779018009 м
vr = 1811.2869780750789 м/с
A0 = 1.4670521486222434 м
Xmax = 4981.365881161981 м
sigmaX = 4260.572313961619 м
sigmaY = 4106.223365215192 м
M0 = 2.0756091103863976e+19 Н*м - интегральное значение сейсмического момента
Mr_max = 4.84704692061881e+18 Н*м/с - максимальное значение функции источника
1-ый столбец - источника
2-ой столбец - время
0.0	0.0
2710669230531981.5	0.1
3.956453514712478e+17	0.2
7.818901118175946e+17	0.30000000000000004
1.1706612487695603e+18	0.4
1.5471235905691937e+18	0.5
1.9057713351267732e+18	0.6000000000000001
2.2569715131226186e+18	0.7000000000000001
2.4630985389361423e+18	0.8
2.5286068398294267e+18	0.9
2.6867708588091807e+18	1.0
2.8392223614021524e+18	1.1
3.042017578617247e+18	1.2000000000000002
3.227473884087903e+18	1.3
3.400947879435917e+18	1.4000000000000001
3.5242147853166464e+18	1.5
3.6894118802317245e+18	1.6
3.8306015976602404e+18	1.7000000000000002
3.9924734234864707e+18	1.8
4.1360513678400225e+18	1.9000000000000001
4.189471516519475e+18	2.0
4.363515712334137e+18	2.1
4.483221173470527e+18	2.2
4.542942127003037e+18	2.3000000000000003
4.6018138540204867e+18	2.4000000000000004
4.718673970059343e+18	2.5
4.792990147204287e+18	2.6
4.769646665226469e+18	2.7
4.837003928645116e+18	2.8000000000000003
4.84704692061881e+18	2.9000000000000004
4.837970506742777e+18	3.0
4.834249512536221e+18	3.1
4.80302175060945e+18	3.2
4.77433285786477e+18	3.3000000000000003
4.688207223176136e+18	3.4000000000000004
4.671981558688429e+18	3.5
4.624198175934382e+18	3.6
4.5258034022387574e+18	3.7
4.428541122204536e+18	3.8000000000000003
4.271880474435917e+18	3.9000000000000004
4.213501524406809e+18	4.0
4.0656092401200256e+18	4.1000000000000005
3.952516370792873e+18	4.2
3.814664497392428e+18	4.3
3.6941306854448727e+18	4.4
3.5543642003193876e+18	4.5
3.3841459167914813e+18	4.6000000000000005
3.2748369974866673e+18	4.7
3.1147592454843284e+18	4.800000000000001
2.963687112161982e+18	4.9
2.8017879556026163e+18	5.0
2.7006984570377554e+18	5.1000000000000005
2.5371796373072256e+18	5.2
2.397894971202937e+18	5.300000000000001
2.2510141083536492e+18	5.4
2.123863363722347e+18	5.5
1.9845923461708024e+18	5.6000000000000005
1.8623343734803914e+18	5.7
1.7403653726762688e+18	5.800000000000001
1.6108450918845294e+18	5.9
1.491982366997877e+18	6.0
1.3538361440331087e+18	6.1000000000000005
1.2533382408771722e+18	6.2
1.1268608822224893e+18	6.300000000000001
1.0248122869259965e+18	6.4
9.16880609980829e+17	6.5
8.022399357462981e+17	6.6000000000000005
6.712214268832339e+17	6.7
5.2792493008884794e+17	6.800000000000001
3.208453317508365e+17	6.9
0.0	7.0
0.0	7.1000000000000005
0.0	7.2
0.0	7.300000000000001
0.0	7.4
0.0	7.5
0.0	7.6000000000000005
0.0	7.7
0.0	7.800000000000001
0.0	7.9
0.0	8.0
0.0	8.1
0.0	8.200000000000001
0.0	8.3
0.0	8.4
0.0	8.5
0.0	8.6
0.0	8.700000000000001
0.0	8.8
0.0	8.9
0.0	9.0
0.0	9.1
0.0	9.200000000000001
0.0	9.3
0.0	9.4
0.0	9.5
