a = 10766.461020311464 м
b = 8134.746170951675 м
x0 = 6568.821464613177 м
vr = 1758.9013424963891 м/с
A0 = 1.161345025697212 м
Xmax = 8657.073438048723 м
sigmaX = 4887.139736697767 м
sigmaY = 4668.917658093114 м
M0 = 2.3903633866978746e+19 Н*м - интегральное значение сейсмического момента
Mr_max = 6.245309968796688e+18 Н*м/с - максимальное значение функции источника
1-ый столбец - источника
2-ой столбец - время
0.0	0.0
2796995172627318.5	0.1
3.9698932949581146e+17	0.2
7.840935805026203e+17	0.30000000000000004
1.1655408365025119e+18	0.4
1.554234989004486e+18	0.5
1.9059337112789222e+18	0.6000000000000001
2.2705994534461486e+18	0.7000000000000001
2.615013460434976e+18	0.8
2.9387807352831857e+18	0.9
3.277737269313404e+18	1.0
3.610644594953001e+18	1.1
3.881381023230558e+18	1.2000000000000002
4.1835846478219e+18	1.3
4.428667144083764e+18	1.4000000000000001
4.694681246114753e+18	1.5
4.889578504914731e+18	1.6
5.106136970705795e+18	1.7000000000000002
5.347772494510057e+18	1.8
5.501956806465421e+18	1.9000000000000001
5.610656217639462e+18	2.0
5.788748632414698e+18	2.1
5.915196209106733e+18	2.2
5.977087124626463e+18	2.3000000000000003
6.111218659410773e+18	2.4000000000000004
6.148809049033066e+18	2.5
6.141414541055456e+18	2.6
6.200839880749371e+18	2.7
6.245309968796688e+18	2.8000000000000003
6.189586164913741e+18	2.9000000000000004
6.194613278830147e+18	3.0
6.174772151801548e+18	3.1
6.080703764918572e+18	3.2
6.057859323572001e+18	3.3000000000000003
5.95388577020017e+18	3.4000000000000004
5.911034922916788e+18	3.5
5.804429309766023e+18	3.6
5.700310863829855e+18	3.7
5.587191530690349e+18	3.8000000000000003
4.3988884033677594e+18	3.9000000000000004
4.1078897726380457e+18	4.0
3.8576414363091707e+18	4.1000000000000005
3.6646373158680965e+18	4.2
3.439035529967805e+18	4.3
3.250006678865549e+18	4.4
3.138145197059452e+18	4.5
2.9508866080401787e+18	4.6000000000000005
2.774762988531721e+18	4.7
2.630910504505777e+18	4.800000000000001
2.4700394746939295e+18	4.9
2.335837449317259e+18	5.0
2.201883241625243e+18	5.1000000000000005
2.0633023948332035e+18	5.2
1.9378425154282499e+18	5.300000000000001
1.8135160072566612e+18	5.4
1.689796715836813e+18	5.5
1.5880484860201882e+18	5.6000000000000005
1.5061314001748434e+18	5.7
1.3738497409753754e+18	5.800000000000001
1.2787934135710994e+18	5.9
1.190844751906262e+18	6.0
1.0956508398075759e+18	6.1000000000000005
1.0296793503846408e+18	6.2
9.507089575510378e+17	6.300000000000001
8.553899822552552e+17	6.4
7.946173961819338e+17	6.5
7.1570766601297e+17	6.6000000000000005
6.689400160083096e+17	6.7
6.048877446783823e+17	6.800000000000001
5.5237476764148454e+17	6.9
4.912632917112015e+17	7.0
4.4605375711155104e+17	7.1000000000000005
4.0611016268366e+17	7.2
3.6392707171406835e+17	7.300000000000001
3.280907848685081e+17	7.4
2.9096801000290906e+17	7.5
2.5648144455090595e+17	7.6000000000000005
2.2646686730248474e+17	7.7
2.0001745864384906e+17	7.800000000000001
1.727008519478138e+17	7.9
1.4752302895326166e+17	8.0
1.2476059671630189e+17	8.1
1.0277272053979251e+17	8.200000000000001
8.277417686250366e+16	8.3
6.274802038651059e+16	8.4
4.18406707967979e+16	8.5
1.1401850174570182e+16	8.6
0.0	8.700000000000001
0.0	8.8
0.0	8.9
0.0	9.0
0.0	9.1
0.0	9.200000000000001
0.0	9.3
0.0	9.4
0.0	9.5
