a = 14289.786227439226 м
b = 18183.258257451733 м
x0 = 6984.71899531084 м
vr = 2130.3982306978387 м/с
A0 = 1.6355411768036188 м
Xmax = 16623.71728668709 м
sigmaX = 4681.75525328334 м
sigmaY = 4258.178845986167 м
M0 = 3.3784219623416615e+19 Н*м - интегральное значение сейсмического момента
Mr_max = 6.585216169634229e+18 Н*м/с - максимальное значение функции источника
1-ый столбец - источника
2-ой столбец - время
0.0	0.0
627792504514402.2	0.1
1.076375211234841e+17	0.2
2.1657839863148227e+17	0.30000000000000004
3.201760630400135e+17	0.4
4.322921753507029e+17	0.5
5.41149041922605e+17	0.6000000000000001
6.575227103512876e+17	0.7000000000000001
7.675116492773905e+17	0.8
8.837647518526227e+17	0.9
1.0182218384893078e+18	1.0
1.1554209893102354e+18	1.1
1.2858097746499707e+18	1.2000000000000002
1.40926874968928e+18	1.3
1.562855140490059e+18	1.4000000000000001
1.7190817147161093e+18	1.5
1.8505299168782804e+18	1.6
2.034237637346841e+18	1.7000000000000002
2.2124084846019315e+18	1.8
2.3829499132177997e+18	1.9000000000000001
2.541218071824271e+18	2.0
2.7241437730543514e+18	2.1
2.8969271519775616e+18	2.2
3.115345667816071e+18	2.3000000000000003
3.294521488769872e+18	2.4000000000000004
3.4867124267490335e+18	2.5
3.689419083098039e+18	2.6
3.8134591516733957e+18	2.7
4.102026883634621e+18	2.8000000000000003
4.2366013879374203e+18	2.9000000000000004
4.465929925419589e+18	3.0
4.590777119142234e+18	3.1
4.814650053531442e+18	3.2
4.978500455508178e+18	3.3000000000000003
5.129069447666353e+18	3.4000000000000004
5.292262725867875e+18	3.5
5.536344703099096e+18	3.6
5.623997277239597e+18	3.7
5.733605974070692e+18	3.8000000000000003
5.896556756135722e+18	3.9000000000000004
6.076949915556051e+18	4.0
6.113801375286413e+18	4.1000000000000005
6.24444254802092e+18	4.2
6.334501294302799e+18	4.3
6.438613827131158e+18	4.4
6.4486695086171e+18	4.5
6.463863294976132e+18	4.6000000000000005
6.566357502351178e+18	4.7
6.585216169634229e+18	4.800000000000001
6.498098860178574e+18	4.9
6.540596422747839e+18	5.0
6.556127381269249e+18	5.1000000000000005
6.475542873045206e+18	5.2
6.321842555674691e+18	5.300000000000001
6.311923661961662e+18	5.4
6.290302342261484e+18	5.5
6.155509385306639e+18	5.6000000000000005
6.007646379007646e+18	5.7
5.987142293762598e+18	5.800000000000001
5.814925013391397e+18	5.9
5.624182234849462e+18	6.0
5.522622219157336e+18	6.1000000000000005
5.382900603080901e+18	6.2
5.202211483768881e+18	6.300000000000001
5.036077082649344e+18	6.4
4.877752110088574e+18	6.5
4.710856214008158e+18	6.6000000000000005
4.48500382332963e+18	6.7
4.3095854357736474e+18	6.800000000000001
4.1429652462923873e+18	6.9
3.9477045102921795e+18	7.0
3.7714233804275855e+18	7.1000000000000005
3.5826041983171466e+18	7.2
3.4298474114070856e+18	7.300000000000001
3.2498191516595656e+18	7.4
3.0355371037880745e+18	7.5
2.883327281074448e+18	7.6000000000000005
2.712387000771562e+18	7.7
2.543940986796043e+18	7.800000000000001
2.381811915096512e+18	7.9
2.2254483829451116e+18	8.0
2.0733761138925998e+18	8.1
1.9346785039463962e+18	8.200000000000001
1.8078179726126044e+18	8.3
1.67542683880892e+18	8.4
1.5493251178813002e+18	8.5
1.4361756147519224e+18	8.6
1.3202370286400737e+18	8.700000000000001
1.2132648365993344e+18	8.8
1.1115595151520471e+18	8.9
1.0200237308935937e+18	9.0
9.327729276683314e+17	9.1
8.477155431984255e+17	9.200000000000001
7.740978845198176e+17	9.3
7.032547200386281e+17	9.4
6.369228008201256e+17	9.5
5.743554277374075e+17	9.600000000000001
5.203636900527731e+17	9.700000000000001
4.676933638365022e+17	9.8
4.200855009972364e+17	9.9
3.767962794719169e+17	10.0
3.366294312763138e+17	10.100000000000001
2.9942922365388314e+17	10.200000000000001
0.0	10.3
0.0	10.4
0.0	10.5
0.0	10.600000000000001
0.0	10.700000000000001
0.0	10.8
0.0	10.9
0.0	11.0
0.0	11.100000000000001
0.0	11.200000000000001
0.0	11.3
0.0	11.4
0.0	11.5
0.0	11.600000000000001
0.0	11.700000000000001
0.0	11.8
0.0	11.9
0.0	12.0
0.0	12.100000000000001
0.0	12.200000000000001
0.0	12.3
0.0	12.4
0.0	12.5
0.0	12.600000000000001
0.0	12.700000000000001
0.0	12.8
0.0	12.9
0.0	13.0
0.0	13.100000000000001
0.0	13.200000000000001
0.0	13.3
0.0	13.4
0.0	13.5
0.0	13.600000000000001
0.0	13.700000000000001
0.0	13.8
0.0	13.9
0.0	14.0
0.0	14.100000000000001
0.0	14.200000000000001
0.0	14.3
0.0	14.4
0.0	14.5
0.0	14.600000000000001
0.0	14.700000000000001
