a = 13637.039274096725 м
b = 8637.565225816801 м
x0 = 13080.687441658838 м
vr = 1611.885820588966 м/с
A0 = 1.997282267563202 м
Xmax = 11287.680239362495 м
sigmaX = 4026.1786328253133 м
sigmaY = 4356.2576635818505 м
M0 = 3.5544172757346677e+19 Н*м - интегральное значение сейсмического момента
Mr_max = 8.665037682633653e+18 Н*м/с - максимальное значение функции источника
1-ый столбец - источника
2-ой столбец - время
0.0	0.0
4371110524904810.5	0.1
5.722810826674031e+17	0.2
1.120295406928186e+18	0.30000000000000004
1.651686158922604e+18	0.4
2.2146255149586422e+18	0.5
2.7600847712458583e+18	0.6000000000000001
3.24702946809319e+18	0.7000000000000001
3.764725572869979e+18	0.8
4.218646273234189e+18	0.9
4.685309167407655e+18	1.0
5.09371698406601e+18	1.1
5.558676674151474e+18	1.2000000000000002
5.970922002594037e+18	1.3
6.31369726639393e+18	1.4000000000000001
6.615491245237029e+18	1.5
6.936854209909805e+18	1.6
7.24393194189905e+18	1.7000000000000002
7.526007632557652e+18	1.8
7.791563188070808e+18	1.9000000000000001
7.936530007084291e+18	2.0
8.162416064679151e+18	2.1
8.271609258456995e+18	2.2
8.426002643330477e+18	2.3000000000000003
8.559179836157498e+18	2.4000000000000004
8.524780496103874e+18	2.5
8.665037682633653e+18	2.6
8.661830441189879e+18	2.7
8.662951894128287e+18	2.8000000000000003
8.615033519940239e+18	2.9000000000000004
8.533187136999382e+18	3.0
8.534482370533224e+18	3.1
8.413258780005917e+18	3.2
8.285336909670054e+18	3.3000000000000003
8.198060200595842e+18	3.4000000000000004
7.965921926875611e+18	3.5
7.907495853131767e+18	3.6
7.62119202231465e+18	3.7
7.492700315792345e+18	3.8000000000000003
7.307333236326186e+18	3.9000000000000004
7.078981490420248e+18	4.0
6.884845200649084e+18	4.1000000000000005
6.624224491229301e+18	4.2
6.42449586705337e+18	4.3
6.152934534475119e+18	4.4
5.926243880771475e+18	4.5
5.708586280298183e+18	4.6000000000000005
5.441100866097458e+18	4.7
5.255667253745197e+18	4.800000000000001
4.975875963327205e+18	4.9
4.739834846140125e+18	5.0
4.542719257489057e+18	5.1000000000000005
4.2885124326447555e+18	5.2
4.0657506475306245e+18	5.300000000000001
3.853548657893124e+18	5.4
3.2700182057741486e+18	5.5
2.7893658722138127e+18	5.6000000000000005
2.4256646894038415e+18	5.7
2.1716337998632394e+18	5.800000000000001
1.8885457448758275e+18	5.9
1.6955265121766956e+18	6.0
1.496723340103423e+18	6.1000000000000005
1.3132458877303217e+18	6.2
1.16987119868419e+18	6.300000000000001
1.0273931123679898e+18	6.4
8.942538011811316e+17	6.5
7.921455983266886e+17	6.6000000000000005
6.967436822414024e+17	6.7
6.066852812835931e+17	6.800000000000001
5.400753604742006e+17	6.9
4.685512388408422e+17	7.0
4.0259531094750234e+17	7.1000000000000005
3.482909915232243e+17	7.2
2.9689799118044966e+17	7.300000000000001
2.5364964202298045e+17	7.4
2.1255199006140877e+17	7.5
1.7835495329115418e+17	7.6000000000000005
1.4600503581541968e+17	7.7
1.1857166195115315e+17	7.800000000000001
9.31830639253961e+16	7.9
6.956661234631169e+16	8.0
4.6796098929592184e+16	8.1
1.7674250996735378e+16	8.200000000000001
4064561212864814.0	8.3
3149749704322807.5	8.4
2401171995215125.5	8.5
1775431079714775.5	8.6
1242926563872462.5	8.700000000000001
764312948427852.1	8.8
170553983385063.1	8.9
0.0	9.0
0.0	9.1
0.0	9.200000000000001
0.0	9.3
0.0	9.4
0.0	9.5
0.0	9.600000000000001
0.0	9.700000000000001
0.0	9.8
