a = 13866.291140090054 м
b = 9214.013387019477 м
x0 = 5815.473555984218 м
vr = 2104.188127253463 м/с
A0 = 0.3599589803136607 м
Xmax = 14815.430106966913 м
sigmaX = 4170.056130618122 м
sigmaY = 4230.356544251686 м
M0 = 6.413247874905986e+18 Н*м - интегральное значение сейсмического момента
Mr_max = 1.394004846988026e+18 Н*м/с - максимальное значение функции источника
1-ый столбец - источника
2-ой столбец - время
0.0	0.0
110912342575379.69	0.1
1.889002740537091e+16	0.2
3.771524078690733e+16	0.30000000000000004
5.676706952087989e+16	0.4
7.627415186902683e+16	0.5
9.674030106321565e+16	0.6000000000000001
1.1783268605194686e+17	0.7000000000000001
1.4057083297320395e+17	0.8
1.6140860409731104e+17	0.9
1.8534527134006083e+17	1.0
2.1200021187088227e+17	1.1
2.4104068124087158e+17	1.2000000000000002
2.6590038986312848e+17	1.3
2.988063478334596e+17	1.4000000000000001
3.316156284589585e+17	1.5
3.658581420847817e+17	1.6
3.992991759299156e+17	1.7000000000000002
4.383681560664901e+17	1.8
4.7436778300127424e+17	1.9000000000000001
5.137588745910012e+17	2.0
5.508511664097257e+17	2.1
6.001488385041763e+17	2.2
6.349419467065068e+17	2.3000000000000003
6.80697985896033e+17	2.4000000000000004
7.32231612289473e+17	2.5
7.712191491583169e+17	2.6
8.220657278248275e+17	2.7
8.62886168589721e+17	2.8000000000000003
9.076209162163304e+17	2.9000000000000004
9.472353661583533e+17	3.0
1.0011783110813532e+18	3.1
1.0417815152468733e+18	3.2
1.0889793030715987e+18	3.3000000000000003
1.12059784417016e+18	3.4000000000000004
1.1644741238579794e+18	3.5
1.183836634692784e+18	3.6
1.2429772003515018e+18	3.7
1.2610209671733583e+18	3.8000000000000003
1.291008060585726e+18	3.9000000000000004
1.2967142581798415e+18	4.0
1.3360439530085834e+18	4.1000000000000005
1.3593549858722721e+18	4.2
1.3741147129491108e+18	4.3
1.3813805133639619e+18	4.4
1.394004846988026e+18	4.5
1.3882530449622277e+18	4.6000000000000005
1.393170120747547e+18	4.7
1.3864951895931034e+18	4.800000000000001
1.3825431422361462e+18	4.9
1.3616410128108093e+18	5.0
1.3507960180229414e+18	5.1000000000000005
1.3238865545552095e+18	5.2
1.304432088346083e+18	5.300000000000001
1.2805161583508823e+18	5.4
1.2476459995537198e+18	5.5
1.2268136265666588e+18	5.6000000000000005
1.1745533415786586e+18	5.7
1.1555913677681633e+18	5.800000000000001
1.1047461852916159e+18	5.9
1.058301673252986e+18	6.0
1.0174163483594519e+18	6.1000000000000005
9.810257111659799e+17	6.2
9.361863194673235e+17	6.300000000000001
8.986252738201759e+17	6.4
8.503181339032236e+17	6.5
8.105700031870561e+17	6.6000000000000005
7.581546058611816e+17	6.7
7.213095272338231e+17	6.800000000000001
6.690821758949697e+17	6.9
6.290550079508499e+17	7.0
5.851847201654326e+17	7.1000000000000005
5.407760525933694e+17	7.2
5.083322521961443e+17	7.300000000000001
4.683343747640117e+17	7.4
4.3227304387998426e+17	7.5
3.9491927497121715e+17	7.6000000000000005
3.6473585690221754e+17	7.7
3.34345128485365e+17	7.800000000000001
3.027958933538003e+17	7.9
2.7860168954234883e+17	8.0
2.4817454610640954e+17	8.1
2.2440184269248243e+17	8.200000000000001
2.0435653281241594e+17	8.3
1.805711434466757e+17	8.4
1.6083866640730605e+17	8.5
1.4376700037915998e+17	8.6
1.2671132753153224e+17	8.700000000000001
1.124765921162354e+17	8.8
9.83552731831279e+16	8.9
8.601348077641254e+16	9.0
7.522387861390394e+16	9.1
6.556032871381669e+16	9.200000000000001
5.6020998052825896e+16	9.3
4.835104001726202e+16	9.4
4.1077862278587624e+16	9.5
3.4710100674265884e+16	9.600000000000001
2.925689563033714e+16	9.700000000000001
2.4104827693374264e+16	9.8
1.973678062212443e+16	9.9
1.5972621454500442e+16	10.0
1.2608715131592972e+16	10.100000000000001
9687832952409848.0	10.200000000000001
7006220986215316.0	10.3
4508896785707491.0	10.4
1521829928672932.2	10.5
0.0	10.600000000000001
0.0	10.700000000000001
0.0	10.8
0.0	10.9
0.0	11.0
0.0	11.100000000000001
0.0	11.200000000000001
0.0	11.3
0.0	11.4
