a = 15028.341571220222 м
b = 10820.18665214379 м
x0 = 4992.869590835458 м
vr = 1772.7752635940633 м/с
A0 = 1.605040255958225 м
Xmax = 13708.329633801533 м
sigmaX = 4292.038259306753 м
sigmaY = 4956.64043168701 м
M0 = 3.5207795995166786e+19 Н*м - интегральное значение сейсмического момента
Mr_max = 6.304473733046563e+18 Н*м/с - максимальное значение функции источника
1-ый столбец - источника
2-ой столбец - время
0.0	0.0
543610391050030.56	0.1
7.74101479017825e+16	0.2
1.551157029774007e+17	0.30000000000000004
2.3119994869199286e+17	0.4
3.101296969906129e+17	0.5
3.923998205168292e+17	0.6000000000000001
4.766041141811287e+17	0.7000000000000001
5.595694434910237e+17	0.8
6.497975438305971e+17	0.9
7.357062381312524e+17	1.0
8.250087240409234e+17	1.1
9.295957515491455e+17	1.2000000000000002
1.0357549531627004e+18	1.3
1.1338997510825906e+18	1.4000000000000001
1.2471860480196083e+18	1.5
1.365603344058816e+18	1.6
1.4809134800249633e+18	1.7000000000000002
1.6054885944925258e+18	1.8
1.734615032352443e+18	1.9000000000000001
1.8716767985345738e+18	2.0
2.0152109859373576e+18	2.1
2.1562152846265554e+18	2.2
2.2949794469286648e+18	2.3000000000000003
2.448958770243476e+18	2.4000000000000004
2.6032106442842276e+18	2.5
2.725312349700413e+18	2.6
2.926925537046451e+18	2.7
3.077864796217317e+18	2.8000000000000003
3.242326182535593e+18	2.9000000000000004
3.4016553344331576e+18	3.0
3.561322124960334e+18	3.1
3.739828281046161e+18	3.2
3.8817278963345464e+18	3.3000000000000003
4.0907393754968484e+18	3.4000000000000004
4.236336484631498e+18	3.5
4.389618199713808e+18	3.6
4.529979862099643e+18	3.7
4.696615723057241e+18	3.8000000000000003
4.864689180043035e+18	3.9000000000000004
5.023736645295666e+18	4.0
5.135225563414489e+18	4.1000000000000005
5.276508520823216e+18	4.2
5.427461216442146e+18	4.3
5.569741598123996e+18	4.4
5.656420940272927e+18	4.5
5.761448001941301e+18	4.6000000000000005
5.787603278239244e+18	4.7
5.92924407074738e+18	4.800000000000001
6.076451384289892e+18	4.9
6.117034268667952e+18	5.0
6.179985004604743e+18	5.1000000000000005
6.200342960201427e+18	5.2
6.213297110177567e+18	5.300000000000001
6.200677133252598e+18	5.4
6.240934483025675e+18	5.5
6.304473733046563e+18	5.6000000000000005
6.264585836982564e+18	5.7
6.21397826114178e+18	5.800000000000001
6.14700711728432e+18	5.9
6.09152417059344e+18	6.0
6.002437048217464e+18	6.1000000000000005
5.924674030419455e+18	6.2
5.940029064021643e+18	6.300000000000001
5.788907638598752e+18	6.4
5.717475186994451e+18	6.5
5.634710972892185e+18	6.6000000000000005
5.483173918434942e+18	6.7
5.388641381011272e+18	6.800000000000001
5.21094443874495e+18	6.9
5.069755920095578e+18	7.0
4.925481300159489e+18	7.1000000000000005
4.807120669355368e+18	7.2
4.637306879109067e+18	7.300000000000001
4.4960546115695503e+18	7.4
4.307347647598499e+18	7.5
4.1273967706010476e+18	7.6000000000000005
3.9831782216848236e+18	7.7
3.82730229946414e+18	7.800000000000001
3.6260522378226775e+18	7.9
3.484656832826544e+18	8.0
3.3188729408177224e+18	8.1
3.157199185676121e+18	8.200000000000001
2.976514132341375e+18	8.3
2.855035523633987e+18	8.4
2.7108255212725064e+18	8.5
2.527582173587308e+18	8.6
2.4109662001428756e+18	8.700000000000001
2.2703729548694682e+18	8.8
2.110695771902923e+18	8.9
1.969546589145224e+18	9.0
1.8399681945790052e+18	9.1
1.729509291519246e+18	9.200000000000001
1.593591863009508e+18	9.3
1.489410588043262e+18	9.4
1.3820512814798533e+18	9.5
1.2786610561030976e+18	9.600000000000001
1.1867473736826033e+18	9.700000000000001
1.097246144029108e+18	9.8
1.0083388076150218e+18	9.9
9.288106519532225e+17	10.0
8.462066255889073e+17	10.100000000000001
7.763714989557395e+17	10.200000000000001
7.16588222124867e+17	10.3
6.44809264673712e+17	10.4
5.882349967848036e+17	10.5
5.276836766180792e+17	10.600000000000001
4.765466689993737e+17	10.700000000000001
4.3371203355216877e+17	10.8
3.8843725917005235e+17	10.9
3.5344997627252544e+17	11.0
3.119748575868328e+17	11.100000000000001
2.8008261104801552e+17	11.200000000000001
2.512808444203702e+17	11.3
2.2304422202855926e+17	11.4
1.97393053250708e+17	11.5
1.7682329336852957e+17	11.600000000000001
1.5591710911555075e+17	11.700000000000001
1.3702930620406666e+17	11.8
1.2027172155479136e+17	11.9
1.0551781929966064e+17	12.0
9.136394657203195e+16	12.100000000000001
7.992981754435856e+16	12.200000000000001
7.013637753654725e+16	12.3
6.074315535332353e+16	12.4
5.248637372725113e+16	12.5
4.5152125443339496e+16	12.600000000000001
3.8509629429691864e+16	12.700000000000001
3.3091882146803556e+16	12.8
2.7986359329464984e+16	12.9
2.381670004302547e+16	13.0
2.005447950041582e+16	13.100000000000001
1.680032434343946e+16	13.200000000000001
1.4034913445542336e+16	13.3
1.1546035928174756e+16	13.4
9474558367855194.0	13.5
7670421698935368.0	13.600000000000001
6111561683968593.0	13.700000000000001
4789041364906679.0	13.8
3653721505693458.5	13.9
2657407735945729.5	14.0
1758288786348239.8	14.100000000000001
807952211212822.1	14.200000000000001
0.0	14.3
0.0	14.4
0.0	14.5
0.0	14.600000000000001
0.0	14.700000000000001
0.0	14.8
0.0	14.9
0.0	15.0
0.0	15.100000000000001
