a = 7585.9248362073395 м
b = 9591.91159639959 м
x0 = 7147.906533316832 м
vr = 1907.656846174475 м/с
A0 = 1.3024524731364158 м
Xmax = 6293.619468756448 м
sigmaX = 4617.707685450201 м
sigmaY = 4204.211749634217 м
M0 = 2.1243676971307745e+19 Н*м - интегральное значение сейсмического момента
Mr_max = 6.85076169215895e+18 Н*м/с - максимальное значение функции источника
1-ый столбец - источника
2-ой столбец - время
0.0	0.0
3663404472435535.0	0.1
5.5994164713148864e+17	0.2
1.1019931774079133e+18	0.30000000000000004
1.6527250751949926e+18	0.4
2.1326220180184302e+18	0.5
2.655548889258401e+18	0.6000000000000001
3.11379020945377e+18	0.7000000000000001
3.5835652023433236e+18	0.8
3.9972465990491325e+18	0.9
4.373541702984115e+18	1.0
4.818593077565026e+18	1.1
5.104791907993754e+18	1.2000000000000002
5.476518056264388e+18	1.3
5.714193380980591e+18	1.4000000000000001
5.990165794188653e+18	1.5
6.152262732352375e+18	1.6
6.426942850547679e+18	1.7000000000000002
6.550406093457881e+18	1.8
6.651128113838632e+18	1.9000000000000001
6.735533277823028e+18	2.0
6.829936934114463e+18	2.1
6.820194813214584e+18	2.2
6.82873547052493e+18	2.3000000000000003
6.85076169215895e+18	2.4000000000000004
6.735590014869332e+18	2.5
6.677540712230176e+18	2.6
6.580155545180695e+18	2.7
6.45597183474012e+18	2.8000000000000003
6.278609001170994e+18	2.9000000000000004
6.164503945016795e+18	3.0
6.019119542087408e+18	3.1
5.77900447137448e+18	3.2
5.583190529792845e+18	3.3000000000000003
5.419954715913462e+18	3.4000000000000004
5.222570019724257e+18	3.5
4.969004420667331e+18	3.6
4.782002232609762e+18	3.7
4.547070027905639e+18	3.8000000000000003
3.7874556963305134e+18	3.9000000000000004
3.259362048816073e+18	4.0
2.8460998537174753e+18	4.1000000000000005
2.518245076141644e+18	4.2
2.2356467420585823e+18	4.3
1.662340944660593e+18	4.4
1.3286905467807997e+18	4.5
1.0600416184380598e+18	4.6000000000000005
8.301331802352643e+17	4.7
6.386090277494685e+17	4.800000000000001
4.685109890324459e+17	4.9
3.1293552053501037e+17	5.0
1.4960933495925075e+17	5.1000000000000005
0.0	5.2
0.0	5.300000000000001
0.0	5.4
0.0	5.5
0.0	5.6000000000000005
0.0	5.7
0.0	5.800000000000001
0.0	5.9
0.0	6.0
0.0	6.1000000000000005
0.0	6.2
0.0	6.300000000000001
0.0	6.4
0.0	6.5
0.0	6.6000000000000005
0.0	6.7
0.0	6.800000000000001
0.0	6.9
0.0	7.0
0.0	7.1000000000000005
0.0	7.2
0.0	7.300000000000001
