a = 9533.914860577914 м
b = 8288.833840039139 м
x0 = 5330.047326759384 м
vr = 2015.0794495989983 м/с
A0 = 1.7746275665803293 м
Xmax = 9030.249221861222 м
sigmaX = 4579.339295793982 м
sigmaY = 4432.411916508648 м
M0 = 3.305580140050379e+19 Н*м - интегральное значение сейсмического момента
Mr_max = 9.177244891243174e+18 Н*м/с - максимальное значение функции источника
1-ый столбец - источника
2-ой столбец - время
0.0	0.0
3873423447926251.0	0.1
6.148373006519941e+17	0.2
1.227892271592745e+18	0.30000000000000004
1.8505064354107446e+18	0.4
2.4274453097973294e+18	0.5
3.036208418217593e+18	0.6000000000000001
3.561668418572031e+18	0.7000000000000001
4.118334483898771e+18	0.8
4.630584459332104e+18	0.9
5.094081526183538e+18	1.0
5.582764722000764e+18	1.1
6.119417765265651e+18	1.2000000000000002
6.47882327739225e+18	1.3
6.878935110791805e+18	1.4000000000000001
7.237750720175969e+18	1.5
7.69006781992775e+18	1.6
7.860086759210189e+18	1.7000000000000002
8.210216555519614e+18	1.8
8.303646087823543e+18	1.9000000000000001
8.616830096123437e+18	2.0
8.746876212584098e+18	2.1
8.990898869160094e+18	2.2
9.098523080081212e+18	2.3000000000000003
9.139874910634341e+18	2.4000000000000004
9.177244891243174e+18	2.5
9.175338084365122e+18	2.6
9.167733311599631e+18	2.7
8.719595300094274e+18	2.8000000000000003
8.524216190111571e+18	2.9000000000000004
8.194137216407814e+18	3.0
8.024905637557394e+18	3.1
7.808929497934099e+18	3.2
7.532608139304368e+18	3.3000000000000003
7.396219658471615e+18	3.4000000000000004
7.057924693615652e+18	3.5
6.799085516195146e+18	3.6
6.543391500508133e+18	3.7
6.395605604514082e+18	3.8000000000000003
6.137572120478207e+18	3.9000000000000004
5.933663671316266e+18	4.0
5.647550154279353e+18	4.1000000000000005
5.353571911284631e+18	4.2
5.100727333732954e+18	4.3
4.852644167787488e+18	4.4
4.567341677921559e+18	4.5
4.3367511384671764e+18	4.6000000000000005
4.086315423176897e+18	4.7
3.8440607261222456e+18	4.800000000000001
3.5705271387567483e+18	4.9
3.357935495013018e+18	5.0
3.129131228091391e+18	5.1000000000000005
2.910392239232577e+18	5.2
2.6614062325793894e+18	5.300000000000001
2.428635286604281e+18	5.4
2.2272821112038538e+18	5.5
2.0416722372466386e+18	5.6000000000000005
1.8626009038661798e+18	5.7
1.686765548124865e+18	5.800000000000001
1.5095414836618621e+18	5.9
1.341024874371423e+18	6.0
1.1884272513612221e+18	6.1000000000000005
1.0506142263769885e+18	6.2
9.159238397860406e+17	6.300000000000001
7.833643455067757e+17	6.4
6.56920549392472e+17	6.5
5.338146918088566e+17	6.6000000000000005
4.144604402213503e+17	6.7
2.8411076292986077e+17	6.800000000000001
1.0618551861781082e+17	6.9
0.0	7.0
0.0	7.1000000000000005
0.0	7.2
0.0	7.300000000000001
0.0	7.4
0.0	7.5
0.0	7.6000000000000005
0.0	7.7
0.0	7.800000000000001
