a = 15206.8796405196 м
b = 16840.860130990855 м
x0 = 2167.397926541161 м
vr = 1787.791672244449 м/с
A0 = 0.8327203288926024 м
Xmax = 13108.510909629933 м
sigmaX = 4847.093669351067 м
sigmaY = 4942.552124876314 м
M0 = 2.096125876778537e+19 Н*м - интегральное значение сейсмического момента
Mr_max = 3.252618539180081e+18 Н*м/с - максимальное значение функции источника
1-ый столбец - источника
2-ой столбец - время
0.0	0.0
174995790700336.66	0.1
2.524083125928607e+16	0.2
5.043567212076522e+16	0.30000000000000004
7.600826948741462e+16	0.4
1.0184822198478685e+17	0.5
1.2699306122393243e+17	0.6000000000000001
1.5473730904762182e+17	0.7000000000000001
1.830456315618919e+17	0.8
2.1023601875702906e+17	0.9
2.4198626725348048e+17	1.0
2.7203025817097456e+17	1.1
3.063709389522821e+17	1.2000000000000002
3.3865474438743565e+17	1.3
3.643994141037815e+17	1.4000000000000001
3.952858801138269e+17	1.5
4.288321840080226e+17	1.6
4.6927663575621696e+17	1.7000000000000002
5.089115764605636e+17	1.8
5.520302769892799e+17	1.9000000000000001
5.965137176492461e+17	2.0
6.471144692388605e+17	2.1
6.96257465141148e+17	2.2
7.447952710413117e+17	2.3000000000000003
8.019079261180867e+17	2.4000000000000004
8.488151346970986e+17	2.5
9.179658985500539e+17	2.6
9.81150697295721e+17	2.7
1.0427162849713952e+18	2.8000000000000003
1.1070786639409837e+18	2.9000000000000004
1.18121282471864e+18	3.0
1.251166261726391e+18	3.1
1.3076048905685993e+18	3.2
1.392267236174433e+18	3.3000000000000003
1.4618988264875976e+18	3.4000000000000004
1.5508913594688535e+18	3.5
1.6212417261268326e+18	3.6
1.6916783695628035e+18	3.7
1.7710117066669906e+18	3.8000000000000003
1.8232768165921078e+18	3.9000000000000004
1.916361726888185e+18	4.0
1.971771250534903e+18	4.1000000000000005
2.0704776444490015e+18	4.2
2.1619241203197414e+18	4.3
2.230575940049085e+18	4.4
2.320502715278215e+18	4.5
2.3831034257168246e+18	4.6000000000000005
2.4792649918571914e+18	4.7
2.522554469782843e+18	4.800000000000001
2.633318652003371e+18	4.9
2.6626144152620314e+18	5.0
2.742172556590966e+18	5.1000000000000005
2.773679247310515e+18	5.2
2.824825756574487e+18	5.300000000000001
2.904847830598214e+18	5.4
2.9624091380297626e+18	5.5
2.985914966060988e+18	5.6000000000000005
3.029981361266701e+18	5.7
3.1068377620200177e+18	5.800000000000001
3.130245540191436e+18	5.9
3.149875686468727e+18	6.0
3.1811384317824343e+18	6.1000000000000005
3.191045871349371e+18	6.2
3.204656543613761e+18	6.300000000000001
3.238390855456432e+18	6.4
3.2333202688385874e+18	6.5
3.248790810298732e+18	6.6000000000000005
3.252618539180081e+18	6.7
3.2318394875574733e+18	6.800000000000001
3.232340743489179e+18	6.9
3.230612377272875e+18	7.0
3.184595379149785e+18	7.1000000000000005
3.1834057180171443e+18	7.2
3.179589686907736e+18	7.300000000000001
3.1331313814697743e+18	7.4
3.0762658841985336e+18	7.5
3.0465925464411305e+18	7.6000000000000005
3.0014608018358477e+18	7.7
2.9558248366184054e+18	7.800000000000001
2.885709029455195e+18	7.9
2.835051661282474e+18	8.0
2.774947169031865e+18	8.1
2.7021898663078374e+18	8.200000000000001
2.646887776616445e+18	8.3
2.598957119410904e+18	8.4
2.526379170967711e+18	8.5
2.4548104383132677e+18	8.6
2.3838405932024996e+18	8.700000000000001
2.3120118573635574e+18	8.8
2.2450182659419633e+18	8.9
2.1822399834492431e+18	9.0
2.0984316550883907e+18	9.1
2.026097632975388e+18	9.200000000000001
1.9448762189054659e+18	9.3
1.8918433623609e+18	9.4
1.812941952942427e+18	9.5
1.7235355772691889e+18	9.600000000000001
1.6485083844948065e+18	9.700000000000001
1.5734699440358461e+18	9.8
1.5159601564710994e+18	9.9
1.4437757049079283e+18	10.0
1.3828111072300116e+18	10.100000000000001
1.3183215965200018e+18	10.200000000000001
1.2391188764323523e+18	10.3
1.1818368867391314e+18	10.4
1.1123955270155359e+18	10.5
1.050900118875631e+18	10.600000000000001
9.971562530651464e+17	10.700000000000001
9.389865943034648e+17	10.8
8.901468245265108e+17	10.9
8.347458401713889e+17	11.0
7.844319607562527e+17	11.100000000000001
7.357881023451517e+17	11.200000000000001
6.935252542468772e+17	11.3
6.465443888750324e+17	11.4
5.984446545783763e+17	11.5
5.591466603840433e+17	11.600000000000001
5.211697370276506e+17	11.700000000000001
4.878093428031578e+17	11.8
4.49285191012212e+17	11.9
4.181616147759263e+17	12.0
3.868039441095662e+17	12.100000000000001
3.570924189839234e+17	12.200000000000001
3.3128465387844256e+17	12.3
3.058322348433041e+17	12.4
2.7961241196037718e+17	12.5
2.5697686150424093e+17	12.600000000000001
2.3673318702102938e+17	12.700000000000001
2.1695653459672416e+17	12.8
1.9913662533349904e+17	12.9
1.8277068657833866e+17	13.0
1.6634947737857728e+17	13.100000000000001
1.5085949333590048e+17	13.200000000000001
1.3800982413492326e+17	13.3
1.2505693103758246e+17	13.4
1.134704849106572e+17	13.5
1.0263042173563944e+17	13.600000000000001
9.298992028822043e+16	13.700000000000001
8.384208611025907e+16	13.8
7.520263983968662e+16	13.9
6.7791206757541656e+16	14.0
6.0609395081464664e+16	14.100000000000001
5.428432400458657e+16	14.200000000000001
4.8287798393117496e+16	14.3
4.339878778891925e+16	14.4
3.843316317598933e+16	14.5
3.422137394565277e+16	14.600000000000001
3.017508315328978e+16	14.700000000000001
2.662451673972421e+16	14.8
2.3408964448964624e+16	14.9
2.050746735603792e+16	15.0
1.773916750479871e+16	15.100000000000001
1.5291905767775562e+16	15.200000000000001
1.3096144222094416e+16	15.3
1.1007015713419842e+16	15.4
9118474624468622.0	15.5
7314486271066681.0	15.600000000000001
5524153686135801.0	15.700000000000001
3648006433819719.0	15.8
342257828647655.94	15.9
0.0	16.0
0.0	16.1
0.0	16.2
0.0	16.3
0.0	16.400000000000002
0.0	16.5
0.0	16.6
0.0	16.7
0.0	16.8
0.0	16.900000000000002
0.0	17.0
0.0	17.1
0.0	17.2
0.0	17.3
0.0	17.400000000000002
0.0	17.5
0.0	17.6
0.0	17.7
0.0	17.8
0.0	17.900000000000002
0.0	18.0
0.0	18.1
0.0	18.2
0.0	18.3
0.0	18.400000000000002
0.0	18.5
0.0	18.6
