a = 10654.02771186695 м
b = 6525.469399006437 м
x0 = 4309.479761771746 м
vr = 1768.1612801841452 м/с
A0 = 1.4888875393595116 м
Xmax = 8179.582190108947 м
sigmaX = 4159.879173833058 м
sigmaY = 4183.718159494396 м
M0 = 2.296483400900726e+19 Н*м - интегральное значение сейсмического момента
Mr_max = 6.021349200569555e+18 Н*м/с - максимальное значение функции источника
1-ый столбец - источника
2-ой столбец - время
0.0	0.0
2561990508781106.5	0.1
3.664514081143382e+17	0.2
7.164966114810607e+17	0.30000000000000004
1.0756051399675872e+18	0.4
1.4246128015284628e+18	0.5
1.7650106777807508e+18	0.6000000000000001
2.1080271243874028e+18	0.7000000000000001
2.454517218296821e+18	0.8
2.7346806736232724e+18	0.9
3.0586670292509983e+18	1.0
3.3744747729802834e+18	1.1
3.6341115070128937e+18	1.2000000000000002
3.917466685635712e+18	1.3
4.1739795623760353e+18	1.4000000000000001
4.444777399808514e+18	1.5
4.648647771550438e+18	1.6
4.875943182381297e+18	1.7000000000000002
5.045752368644517e+18	1.8
5.218347733313174e+18	1.9000000000000001
5.430034599028941e+18	2.0
5.544390643922287e+18	2.1
5.734310222351103e+18	2.2
5.814672492862932e+18	2.3000000000000003
5.941502219271895e+18	2.4000000000000004
6.021349200569555e+18	2.5
5.42832655693839e+18	2.6
5.305272891195032e+18	2.7
5.135363056539758e+18	2.8000000000000003
5.17252265247491e+18	2.9000000000000004
5.05044879431119e+18	3.0
4.940728199088001e+18	3.1
4.936935249086849e+18	3.2
4.87438492454577e+18	3.3000000000000003
4.765055781892271e+18	3.4000000000000004
4.747209344276029e+18	3.5
4.660599959610863e+18	3.6
4.489140150777678e+18	3.7
4.3644178038465884e+18	3.8000000000000003
4.2792685511311037e+18	3.9000000000000004
4.108941082309087e+18	4.0
4.0329425204037627e+18	4.1000000000000005
3.8847419580847933e+18	4.2
3.760885558227223e+18	4.3
3.597995315108796e+18	4.4
3.4450702354444063e+18	4.5
3.260798761662902e+18	4.6000000000000005
3.159846792211889e+18	4.7
2.9837764303037363e+18	4.800000000000001
2.864384882924868e+18	4.9
2.686179101807499e+18	5.0
2.578485023816147e+18	5.1000000000000005
2.4602815046625167e+18	5.2
2.2950364615087762e+18	5.300000000000001
2.1727334161220152e+18	5.4
2.0525638517413975e+18	5.5
1.897060292092944e+18	5.6000000000000005
1.7649200504150822e+18	5.7
1.665123004023726e+18	5.800000000000001
1.5549915863104678e+18	5.9
1.4493768515854753e+18	6.0
1.336370405342797e+18	6.1000000000000005
1.2339821689710636e+18	6.2
1.1447628484482495e+18	6.300000000000001
1.0517398181955694e+18	6.4
9.652201151975309e+17	6.5
8.928495325730332e+17	6.6000000000000005
8.224403704864512e+17	6.7
7.498517189724653e+17	6.800000000000001
6.743913044231822e+17	6.9
6.198226583136689e+17	7.0
5.5959933695750054e+17	7.1000000000000005
5.0645358109692397e+17	7.2
4.60202996334075e+17	7.300000000000001
4.0920821880876506e+17	7.4
3.697706784935886e+17	7.5
3.2872916214749126e+17	7.6000000000000005
2.952695750016608e+17	7.7
2.6138196673079094e+17	7.800000000000001
2.3303351106013773e+17	7.9
2.0389407144361174e+17	8.0
1.7958915178237725e+17	8.1
1.5951535643267885e+17	8.200000000000001
1.3861023828686798e+17	8.3
1.205719130761424e+17	8.4
1.0418722059962131e+17	8.5
8.926848892998046e+16	8.6
7.738832029359243e+16	8.700000000000001
6.5750021512998536e+16	8.8
5.567053673496304e+16	8.9
4.64833106187699e+16	9.0
3.8440037238033624e+16	9.1
3.13042859275683e+16	9.200000000000001
2.491773461891381e+16	9.3
1.9272835551400644e+16	9.4
1.4112315510023636e+16	9.5
9160927121841504.0	9.600000000000001
2923723707156202.0	9.700000000000001
0.0	9.8
0.0	9.9
0.0	10.0
0.0	10.100000000000001
0.0	10.200000000000001
0.0	10.3
0.0	10.4
0.0	10.5
0.0	10.600000000000001
