a = 8549.732102808186 м
b = 8542.930733522275 м
x0 = 5272.1331093833005 м
vr = 1875.4807929849026 м/с
A0 = 0.874094021495901 м
Xmax = 8908.444245346825 м
sigmaX = 4267.276121498975 м
sigmaY = 4097.683022064807 м
M0 = 1.418442266363677e+19 Н*м - интегральное значение сейсмического момента
Mr_max = 3.842373673852533e+18 Н*м/с - максимальное значение функции источника
1-ый столбец - источника
2-ой столбец - время
0.0	0.0
1711319839303853.2	0.1
2.564779934717551e+17	0.2
5.102851522343409e+17	0.30000000000000004
7.564918620721595e+17	0.4
1.0044395020305665e+18	0.5
1.2432146353347476e+18	0.6000000000000001
1.4710185106267215e+18	0.7000000000000001
1.7066264797354944e+18	0.8
1.9170848665925512e+18	0.9
2.1129111784359764e+18	1.0
2.306855346181316e+18	1.1
2.4762198572573276e+18	1.2000000000000002
2.655650204932975e+18	1.3
2.82669575002792e+18	1.4000000000000001
2.952805679744407e+18	1.5
3.125475347550801e+18	1.6
3.2188139262786145e+18	1.7000000000000002
3.369831638397769e+18	1.8
3.479588266661872e+18	1.9000000000000001
3.5444577494872177e+18	2.0
3.6758327198540227e+18	2.1
3.6730084677130327e+18	2.2
3.728707396365512e+18	2.3000000000000003
3.807323413603419e+18	2.4000000000000004
3.78225173222027e+18	2.5
3.822068361523091e+18	2.6
3.842373673852533e+18	2.7
3.8023094119543644e+18	2.8000000000000003
3.7663657232159165e+18	2.9000000000000004
3.617125957056514e+18	3.0
3.4887541944021427e+18	3.1
3.407585055705544e+18	3.2
3.3487860065709517e+18	3.3000000000000003
3.236213751234035e+18	3.4000000000000004
3.1495946296412667e+18	3.5
3.0600953001608535e+18	3.6
2.9669424745647063e+18	3.7
2.8738237215950193e+18	3.8000000000000003
2.761030810637976e+18	3.9000000000000004
2.6490787673799194e+18	4.0
2.562117291532332e+18	4.1000000000000005
2.4749388620137677e+18	4.2
2.355209478152927e+18	4.3
2.2284312852827215e+18	4.4
2.137754157978136e+18	4.5
2.032418796890167e+18	4.6000000000000005
1.9270572284561917e+18	4.7
1.8058117601389207e+18	4.800000000000001
1.7028122123030141e+18	4.9
1.5891764209929216e+18	5.0
1.4879239691011548e+18	5.1000000000000005
1.3830429713811822e+18	5.2
1.283229500261261e+18	5.300000000000001
1.1784483128005358e+18	5.4
1.0769198401601297e+18	5.5
9.767936775683745e+17	5.6000000000000005
8.82430098052911e+17	5.7
7.940153330332191e+17	5.800000000000001
7.005968273922088e+17	5.9
6.037597115995821e+17	6.0
5.049781714821175e+17	6.1000000000000005
4.032364774912651e+17	6.2
2.827052590875488e+17	6.300000000000001
7.449215707015886e+16	6.4
0.0	6.5
0.0	6.6000000000000005
0.0	6.7
0.0	6.800000000000001
0.0	6.9
0.0	7.0
0.0	7.1000000000000005
0.0	7.2
0.0	7.300000000000001
