a = 8419.013825668218 м
b = 6502.928189428074 м
x0 = 7599.754080026969 м
vr = 1787.2560495853802 м/с
A0 = 0.7702283669124109 м
Xmax = 9899.688781462568 м
sigmaX = 4766.784776168994 м
sigmaY = 4570.916453417412 м
M0 = 1.2300999806681244e+19 Н*м - интегральное значение сейсмического момента
Mr_max = 3.8377667021188946e+18 Н*м/с - максимальное значение функции источника
1-ый столбец - источника
2-ой столбец - время
0.0	0.0
1838047927237916.8	0.1
2.6276299440835254e+17	0.2
5.225908395792306e+17	0.30000000000000004
7.786488462566898e+17	0.4
1.0153944364093236e+18	0.5
1.2734101085824507e+18	0.6000000000000001
1.5059493607465649e+18	0.7000000000000001
1.7319974472658276e+18	0.8
1.9386356066355543e+18	0.9
2.1547202522452352e+18	1.0
2.3400030457824195e+18	1.1
2.5059471310755123e+18	1.2000000000000002
2.7163208827540275e+18	1.3
2.8492579752575206e+18	1.4000000000000001
3.0266706347087954e+18	1.5
3.161445943612685e+18	1.6
3.2898649476001894e+18	1.7000000000000002
3.428421951556852e+18	1.8
3.534340430341096e+18	1.9000000000000001
3.62336215102439e+18	2.0
3.666143306899459e+18	2.1
3.746558648744265e+18	2.2
3.763523170981062e+18	2.3000000000000003
3.831839831483938e+18	2.4000000000000004
3.7813964775988884e+18	2.5
3.8377667021188946e+18	2.6
3.834737384620331e+18	2.7
3.8280726882513213e+18	2.8000000000000003
3.810998360760107e+18	2.9000000000000004
3.7740663593129283e+18	3.0
3.751503602536591e+18	3.1
3.6791110958272645e+18	3.2
3.6520737024282875e+18	3.3000000000000003
3.5650057447318774e+18	3.4000000000000004
3.525480741178019e+18	3.5
3.4076485884819727e+18	3.6
3.2518411883826826e+18	3.7
2.659494431959881e+18	3.8000000000000003
2.318453490818375e+18	3.9000000000000004
2.064750973948596e+18	4.0
1.8220401377737823e+18	4.1000000000000005
1.6389611272490268e+18	4.2
1.414415723047474e+18	4.3
1.2323057357631332e+18	4.4
1.094715233785418e+18	4.5
9.80321738850811e+17	4.6000000000000005
8.62728215300986e+17	4.7
7.502832373199318e+17	4.800000000000001
6.370737688648244e+17	4.9
5.200720388873063e+17	5.0
3.9874372860919296e+17	5.1000000000000005
2.4628785652586483e+17	5.2
0.0	5.300000000000001
0.0	5.4
0.0	5.5
0.0	5.6000000000000005
0.0	5.7
0.0	5.800000000000001
0.0	5.9
0.0	6.0
0.0	6.1000000000000005
