a = 7609.042261005446 м
b = 4576.737081974577 м
x0 = 1759.341365006483 м
vr = 1609.3280873245021 м/с
A0 = 0.578114016520705 м
Xmax = 6749.834540764015 м
sigmaX = 4228.472824522726 м
sigmaY = 4978.96090332938 м
M0 = 6.821434182114136e+18 Н*м - интегральное значение сейсмического момента
Mr_max = 1.3877819504051648e+18 Н*м/с - максимальное значение функции источника
1-ый столбец - источника
2-ой столбец - время
0.0	0.0
695608458969295.4	0.1
9.119852766244992e+16	0.2
1.8024040006733315e+17	0.30000000000000004
2.6855382160134634e+17	0.4
3.498806084311979e+17	0.5
4.372635450106078e+17	0.6000000000000001
5.239601443895341e+17	0.7000000000000001
6.040930579419378e+17	0.8
6.88112415528228e+17	0.9
7.825065484103425e+17	1.0
8.548178691968358e+17	1.1
9.177819660656376e+17	1.2000000000000002
8.964753139693578e+17	1.3
9.124566033211185e+17	1.4000000000000001
9.398665714232154e+17	1.5
9.71287798895945e+17	1.6
9.997351994089928e+17	1.7000000000000002
1.03888943390964e+18	1.8
1.076696759996054e+18	1.9000000000000001
1.1184128435759418e+18	2.0
1.1526875307236261e+18	2.1
1.187394901422478e+18	2.2
1.220877319854774e+18	2.3000000000000003
1.24476600403988e+18	2.4000000000000004
1.2704162235353114e+18	2.5
1.2922567692366945e+18	2.6
1.304188953386815e+18	2.7
1.328146983692034e+18	2.8000000000000003
1.3569884623003456e+18	2.9000000000000004
1.353254104828344e+18	3.0
1.3557139618810191e+18	3.1
1.3710420395719606e+18	3.2
1.382783563163046e+18	3.3000000000000003
1.3749435322758927e+18	3.4000000000000004
1.3877819504051648e+18	3.5
1.3598526826904527e+18	3.6
1.3815101562702991e+18	3.7
1.3529349061812895e+18	3.8000000000000003
1.3718262635698926e+18	3.9000000000000004
1.31917275200206e+18	4.0
1.3366557813004321e+18	4.1000000000000005
1.2856654774750372e+18	4.2
1.2600487557745052e+18	4.3
1.2599980574351644e+18	4.4
1.2195103305423524e+18	4.5
1.1936140176035569e+18	4.6000000000000005
1.172140565992502e+18	4.7
1.127301045208238e+18	4.800000000000001
1.0974067010920817e+18	4.9
1.0575753097615485e+18	5.0
1.0317491811375868e+18	5.1000000000000005
1.0021856848256726e+18	5.2
9.561471586117215e+17	5.300000000000001
9.200380109173435e+17	5.4
8.88354342260544e+17	5.5
8.653894774657531e+17	5.6000000000000005
8.115589709538947e+17	5.7
7.701122968543556e+17	5.800000000000001
7.337957310840384e+17	5.9
7.003881947364778e+17	6.0
6.704589879193105e+17	6.1000000000000005
6.259155939298386e+17	6.2
5.876124679485967e+17	6.300000000000001
5.513274341718183e+17	6.4
5.1703255976378675e+17	6.5
4.9003062584814976e+17	6.6000000000000005
4.494781578713851e+17	6.7
4.189046129522998e+17	6.800000000000001
3.9152383384452e+17	6.9
3.615124368019326e+17	7.0
3.32592255430812e+17	7.1000000000000005
3.022290311452057e+17	7.2
2.7542505387619174e+17	7.300000000000001
2.4793387752193174e+17	7.4
2.2448789701561094e+17	7.5
2.01303266970267e+17	7.6000000000000005
1.781896023409194e+17	7.7
1.5779209276301165e+17	7.800000000000001
1.3848785808104445e+17	7.9
1.1638967868247683e+17	8.0
9.691623587130682e+16	8.1
7.712862596203403e+16	8.200000000000001
5.694125957475533e+16	8.3
3.3629185525293104e+16	8.4
0.0	8.5
0.0	8.6
0.0	8.700000000000001
0.0	8.8
0.0	8.9
0.0	9.0
0.0	9.1
0.0	9.200000000000001
0.0	9.3
