a = 15539.889807719848 м
b = 14167.766733937606 м
x0 = 3868.955579078002 м
vr = 2209.7770626107804 м/с
A0 = 1.2905058837974805 м
Xmax = 13411.62887491009 м
sigmaX = 4575.773265185955 м
sigmaY = 4305.296972880146 м
M0 = 2.7050022060473393e+19 Н*м - интегральное значение сейсмического момента
Mr_max = 5.543737602233883e+18 Н*м/с - максимальное значение функции источника
1-ый столбец - источника
2-ой столбец - время
0.0	0.0
486391375525566.1	0.1
8.626629604591e+16	0.2
1.7339244020040317e+17	0.30000000000000004
2.583563637938641e+17	0.4
3.480614606506718e+17	0.5
4.3776417091158816e+17	0.6000000000000001
5.341582461176388e+17	0.7000000000000001
6.314072979269974e+17	0.8
7.335192640458491e+17	0.9
8.343883500799854e+17	1.0
9.447468314941211e+17	1.1
1.0652100268354341e+18	1.2000000000000002
1.1855059430295939e+18	1.3
1.3004702532739318e+18	1.4000000000000001
1.4315206672740895e+18	1.5
1.5734393690558559e+18	1.6
1.7212638312521083e+18	1.7000000000000002
1.8618495650326106e+18	1.8
2.010444469650222e+18	1.9000000000000001
2.142608100652522e+18	2.0
2.2975967468567503e+18	2.1
2.4668088566081915e+18	2.2
2.632901728421761e+18	2.3000000000000003
2.8052207062077645e+18	2.4000000000000004
2.9812602747298386e+18	2.5
3.151191636018325e+18	2.6
3.286041571210656e+18	2.7
3.4888351237327944e+18	2.8000000000000003
3.675618261827788e+18	2.9000000000000004
3.827406510483599e+18	3.0
3.999104869580624e+18	3.1
4.154971508649845e+18	3.2
4.3340896242316155e+18	3.3000000000000003
4.469285550310106e+18	3.4000000000000004
4.630780968723083e+18	3.5
4.774584391445792e+18	3.6
4.895823451929929e+18	3.7
4.994582024606103e+18	3.8000000000000003
5.070510061973898e+18	3.9000000000000004
5.199077689554238e+18	4.0
5.312643751314272e+18	4.1000000000000005
5.372506523877084e+18	4.2
5.402810953229112e+18	4.3
5.458116704607504e+18	4.4
5.499280222079118e+18	4.5
5.543737602233883e+18	4.6000000000000005
5.537779693004924e+18	4.7
5.542017975304758e+18	4.800000000000001
5.513810201483717e+18	4.9
5.451389753813022e+18	5.0
5.428615868774694e+18	5.1000000000000005
5.365744771498664e+18	5.2
5.288056704054409e+18	5.300000000000001
5.195499898439542e+18	5.4
5.062304852135911e+18	5.5
4.976727033718934e+18	5.6000000000000005
4.875389975884509e+18	5.7
4.801314273108808e+18	5.800000000000001
4.568644111727989e+18	5.9
4.4316032867288243e+18	6.0
4.330371964048387e+18	6.1000000000000005
4.1674128992173947e+18	6.2
4.0018858355550986e+18	6.300000000000001
3.825515431122124e+18	6.4
3.657145910327489e+18	6.5
3.5297280538969293e+18	6.6000000000000005
3.348959541992568e+18	6.7
3.1758610401072916e+18	6.800000000000001
2.9875520176699054e+18	6.9
2.8576743750265994e+18	7.0
2.674364315111745e+18	7.1000000000000005
2.5280114516931226e+18	7.2
2.3698699759088435e+18	7.300000000000001
2.237853563190381e+18	7.4
2.081658463567292e+18	7.5
1.9447955161559196e+18	7.6000000000000005
1.797867182865231e+18	7.7
1.6577797605788076e+18	7.800000000000001
1.5470377156005673e+18	7.9
1.431774107543502e+18	8.0
1.3112558150360284e+18	8.1
1.216911230866314e+18	8.200000000000001
1.1098196233287776e+18	8.3
1.013586526480725e+18	8.4
9.24257212610282e+17	8.5
8.436457410959608e+17	8.6
7.678690351676484e+17	8.700000000000001
6.916218935383103e+17	8.8
6.264822982387396e+17	8.9
5.59257729365157e+17	9.0
5.080840920443398e+17	9.1
4.5480949391835424e+17	9.200000000000001
4.057800776086259e+17	9.3
3.615359548649208e+17	9.4
3.222004930321822e+17	9.5
2.855490915651047e+17	9.600000000000001
2.543085717577285e+17	9.700000000000001
2.260501109803196e+17	9.8
1.958491532154862e+17	9.9
1.7269443867569232e+17	10.0
1.51603734105502e+17	10.100000000000001
1.332499803126447e+17	10.200000000000001
1.160961498044635e+17	10.3
1.0117080632640709e+17	10.4
8.671836497746386e+16	10.5
7.494434435058502e+16	10.600000000000001
6.491129767856209e+16	10.700000000000001
5.5483434970222744e+16	10.8
4.75104799713273e+16	10.9
4.069979797463124e+16	11.0
3.4509040043701036e+16	11.100000000000001
2.9252916402192496e+16	11.200000000000001
2.4548354330828724e+16	11.3
2.0507032803438464e+16	11.4
1.7050570842245286e+16	11.5
1.4116808194368046e+16	11.600000000000001
1.1555035774555756e+16	11.700000000000001
9344806269233764.0	11.8
7491097489680167.0	11.9
5870416361781630.0	12.0
4452018662190477.0	12.100000000000001
3207373493477623.0	12.200000000000001
2046421090290453.0	12.3
647565112926805.6	12.4
0.0	12.5
0.0	12.600000000000001
0.0	12.700000000000001
0.0	12.8
0.0	12.9
0.0	13.0
0.0	13.100000000000001
0.0	13.200000000000001
0.0	13.3
