a = 9657.744151685185 м
b = 6149.034305774669 м
x0 = 4394.274929946647 м
vr = 1982.5764788303545 м/с
A0 = 1.1976848772522497 м
Xmax = 7837.2088384350345 м
sigmaX = 4580.637831619247 м
sigmaY = 4210.677773973089 м
M0 = 1.8901797638333227e+19 Н*м - интегральное значение сейсмического момента
Mr_max = 5.949701951068557e+18 Н*м/с - максимальное значение функции источника
1-ый столбец - источника
2-ой столбец - время
0.0	0.0
2685588022896832.5	0.1
4.269179227646896e+17	0.2
8.462876861835419e+17	0.30000000000000004
1.2543639161845635e+18	0.4
1.6665036638926784e+18	0.5
2.0466447601636746e+18	0.6000000000000001
2.435214315346393e+18	0.7000000000000001
2.807598801211304e+18	0.8
3.1754449924309504e+18	0.9
3.511474977964402e+18	1.0
3.838026836166609e+18	1.1
4.1072484669400346e+18	1.2000000000000002
4.398103254997242e+18	1.3
4.667495301350815e+18	1.4000000000000001
4.876681603053117e+18	1.5
5.060344918072269e+18	1.6
5.290248212028336e+18	1.7000000000000002
5.463997044824011e+18	1.8
5.617238801833443e+18	1.9000000000000001
5.774133725991535e+18	2.0
5.883262529700659e+18	2.1
5.949701951068557e+18	2.2
5.649701297618956e+18	2.3000000000000003
4.964339626906876e+18	2.4000000000000004
4.775056947847954e+18	2.5
4.680389756011078e+18	2.6
4.542141394717348e+18	2.7
4.4359286718216863e+18	2.8000000000000003
4.312302215580653e+18	2.9000000000000004
4.2057377177241083e+18	3.0
4.0740626307390106e+18	3.1
3.997130029476809e+18	3.2
3.859124746878425e+18	3.3000000000000003
3.7598229375513446e+18	3.4000000000000004
3.61418817051411e+18	3.5
3.4917676828865224e+18	3.6
3.336473394059823e+18	3.7
3.195629990442901e+18	3.8000000000000003
3.0638549688530504e+18	3.9000000000000004
2.9521408190944046e+18	4.0
2.758233414772302e+18	4.1000000000000005
2.6339066597975875e+18	4.2
2.4958984225919816e+18	4.3
2.3374287690508605e+18	4.4
2.2452718803640036e+18	4.5
2.10324352463089e+18	4.6000000000000005
1.980567136269501e+18	4.7
1.843815861100438e+18	4.800000000000001
1.7569984319323983e+18	4.9
1.6136877796547973e+18	5.0
1.516569287712336e+18	5.1000000000000005
1.4203990200854697e+18	5.2
1.2949883007816376e+18	5.300000000000001
1.1866551676001923e+18	5.4
1.1042891968191345e+18	5.5
1.0031267166467091e+18	5.6000000000000005
9.200515321732119e+17	5.7
8.428511610691756e+17	5.800000000000001
7.588412513297107e+17	5.9
6.91656096162246e+17	6.0
6.2959378285267e+17	6.1000000000000005
5.625194436788611e+17	6.2
5.0410272475116397e+17	6.300000000000001
4.5369218641283117e+17	6.4
4.014254444919204e+17	6.5
3.538758634387911e+17	6.6000000000000005
3.121498631352635e+17	6.7
2.7019226564758506e+17	6.800000000000001
2.331278809834479e+17	6.9
1.9878091188979312e+17	7.0
1.676022024198436e+17	7.1000000000000005
1.3779435694856338e+17	7.2
1.1003898187026542e+17	7.300000000000001
8.369538055163437e+16	7.4
5.698222689593068e+16	7.5
2.4510987902272384e+16	7.6000000000000005
0.0	7.7
0.0	7.800000000000001
0.0	7.9
0.0	8.0
0.0	8.1
0.0	8.200000000000001
0.0	8.3
0.0	8.4
0.0	8.5
