a = 6647.04228195931 м
b = 8628.736902127603 м
x0 = 2614.289589198701 м
vr = 1925.1669550531071 м/с
A0 = 0.8388738834967706 м
Xmax = 6069.267761732982 м
sigmaX = 4299.464723775053 м
sigmaY = 4763.772697037842 м
M0 = 1.3416015230388636e+19 Н*м - интегральное значение сейсмического момента
Mr_max = 3.4419610622659594e+18 Н*м/с - максимальное значение функции источника
1-ый столбец - источника
2-ой столбец - время
0.0	0.0
1754252047163587.2	0.1
2.719164565360305e+17	0.2
5.376088467837391e+17	0.30000000000000004
7.901617449824552e+17	0.4
1.0618611233197842e+18	0.5
1.2972550612636393e+18	0.6000000000000001
1.5641020860904102e+18	0.7000000000000001
1.7596682679575178e+18	0.8
2.0148046450719485e+18	0.9
2.206321694325267e+18	1.0
2.4302459692243374e+18	1.1
2.634046420203266e+18	1.2000000000000002
2.826179629421994e+18	1.3
2.9614602995262495e+18	1.4000000000000001
2.9889503871674737e+18	1.5
3.0396942377812465e+18	1.6
3.0750926228308844e+18	1.7000000000000002
3.157624814058199e+18	1.8
3.192114570972854e+18	1.9000000000000001
3.245552878802436e+18	2.0
3.285986443081036e+18	2.1
3.353109489502088e+18	2.2
3.37077483101387e+18	2.3000000000000003
3.372306220698998e+18	2.4000000000000004
3.390785980434086e+18	2.5
3.4062568003141893e+18	2.6
3.4419610622659594e+18	2.7
3.373173533126553e+18	2.8000000000000003
3.421552644573494e+18	2.9000000000000004
3.3918491908155213e+18	3.0
3.3298130785374377e+18	3.1
3.2985857641480975e+18	3.2
3.228095938459317e+18	3.3000000000000003
3.2216330478821893e+18	3.4000000000000004
3.108440377494571e+18	3.5
3.0526968685268055e+18	3.6
2.962004770857591e+18	3.7
2.9112059289480433e+18	3.8000000000000003
2.803891263267579e+18	3.9000000000000004
2.7354124622225367e+18	4.0
2.669035613725567e+18	4.1000000000000005
2.5260061905727293e+18	4.2
2.4444803809752934e+18	4.3
2.3354735617981225e+18	4.4
2.185180090820534e+18	4.5
2.0880510603555912e+18	4.6000000000000005
1.9635508490150433e+18	4.7
1.8694364530523735e+18	4.800000000000001
1.7350323147637635e+18	4.9
1.6205486375249132e+18	5.0
1.535999447757721e+18	5.1000000000000005
1.408322018207004e+18	5.2
1.2801049420542272e+18	5.300000000000001
1.1593120740236792e+18	5.4
1.0014825733407841e+18	5.5
8.221843913621487e+17	5.6000000000000005
0.0	5.7
0.0	5.800000000000001
0.0	5.9
0.0	6.0
0.0	6.1000000000000005
0.0	6.2
0.0	6.300000000000001
0.0	6.4
0.0	6.5
0.0	6.6000000000000005
0.0	6.7
0.0	6.800000000000001
0.0	6.9
0.0	7.0
0.0	7.1000000000000005
0.0	7.2
0.0	7.300000000000001
0.0	7.4
0.0	7.5
0.0	7.6000000000000005
0.0	7.7
0.0	7.800000000000001
0.0	7.9
0.0	8.0
0.0	8.1
0.0	8.200000000000001
0.0	8.3
0.0	8.4
0.0	8.5
0.0	8.6
