a = 9110.922171424732 м
b = 10251.721707396084 м
x0 = 2743.6259267193377 м
vr = 2005.1646478279486 м/с
A0 = 1.564528317715617 м
Xmax = 10882.044362022743 м
sigmaX = 4610.643799250194 м
sigmaY = 4853.829200624222 м
M0 = 3.084674422698819e+19 Н*м - интегральное значение сейсмического момента
Mr_max = 6.521708294150637e+18 Н*м/с - максимальное значение функции источника
1-ый столбец - источника
2-ой столбец - время
0.0	0.0
991483649983746.5	0.1
1.608220466656686e+17	0.2
3.20201780363394e+17	0.30000000000000004
4.769045911302827e+17	0.4
6.34239517347559e+17	0.5
7.951689275856371e+17	0.6000000000000001
9.512127711308055e+17	0.7000000000000001
1.1181753454896692e+18	0.8
1.2795978491305047e+18	0.9
1.4604699755116308e+18	1.0
1.6249448124753523e+18	1.1
1.8046097645015148e+18	1.2000000000000002
1.9602329153150894e+18	1.3
2.1418995020762752e+18	1.4000000000000001
2.308390412960235e+18	1.5
2.4295275878191007e+18	1.6
2.56171880713525e+18	1.7000000000000002
2.7462238442198595e+18	1.8
2.9243458180309007e+18	1.9000000000000001
3.1340613486183393e+18	2.0
3.2783853313400305e+18	2.1
3.49949297239551e+18	2.2
3.6688125454722406e+18	2.3000000000000003
3.802442732641343e+18	2.4000000000000004
4.089701852259671e+18	2.5
4.2896887897907553e+18	2.6
4.422643602170197e+18	2.7
4.648456983501586e+18	2.8000000000000003
4.800260513645882e+18	2.9000000000000004
4.976520278168119e+18	3.0
5.154863141843857e+18	3.1
5.317109951131884e+18	3.2
5.501005073360601e+18	3.3000000000000003
5.631044989850648e+18	3.4000000000000004
5.707016860485519e+18	3.5
5.804616131587436e+18	3.6
6.029661130409549e+18	3.7
6.138849929207517e+18	3.8000000000000003
6.167007001490114e+18	3.9000000000000004
6.349374766780737e+18	4.0
6.34736370514112e+18	4.1000000000000005
6.369877262302584e+18	4.2
6.507884646751396e+18	4.3
6.469963866108774e+18	4.4
6.471423538016971e+18	4.5
6.493653088585977e+18	4.6000000000000005
6.521708294150637e+18	4.7
6.42774605408531e+18	4.800000000000001
6.397263515461423e+18	4.9
6.367246012710691e+18	5.0
6.239993035370538e+18	5.1000000000000005
6.18341923982156e+18	5.2
6.046019841155822e+18	5.300000000000001
6.020534319777911e+18	5.4
5.840986863924874e+18	5.5
5.763600956462962e+18	5.6000000000000005
5.640076953106575e+18	5.7
5.40952066716685e+18	5.800000000000001
5.268188103431973e+18	5.9
5.124254890196087e+18	6.0
4.936811609365548e+18	6.1000000000000005
4.761653970885066e+18	6.2
4.6075621064571904e+18	6.300000000000001
4.4073826873851146e+18	6.4
4.2005795547399055e+18	6.5
3.990378362008088e+18	6.6000000000000005
3.80418677813037e+18	6.7
3.582849775803885e+18	6.800000000000001
3.3775335037626757e+18	6.9
3.157970994035096e+18	7.0
2.9531019224313774e+18	7.1000000000000005
2.7018485524904786e+18	7.2
2.4728619067346033e+18	7.300000000000001
2.2188749900603287e+18	7.4
1.9390040320317875e+18	7.5
1.6141367256672704e+18	7.6000000000000005
1.2103610320261225e+18	7.7
5.0892523344674886e+17	7.800000000000001
0.0	7.9
0.0	8.0
0.0	8.1
0.0	8.200000000000001
0.0	8.3
0.0	8.4
0.0	8.5
0.0	8.6
0.0	8.700000000000001
0.0	8.8
0.0	8.9
0.0	9.0
0.0	9.1
0.0	9.200000000000001
0.0	9.3
0.0	9.4
0.0	9.5
0.0	9.600000000000001
0.0	9.700000000000001
0.0	9.8
