a = 13033.685330402282 м
b = 8929.123221263568 м
x0 = 8207.535392933314 м
vr = 1635.462574126519 м/с
A0 = 1.7332739619217696 м
Xmax = 9286.304606140902 м
sigmaX = 4864.203215514004 м
sigmaY = 4910.335089918959 м
M0 = 3.923125631559886e+19 Н*м - интегральное значение сейсмического момента
Mr_max = 9.302769870937434e+18 Н*м/с - максимальное значение функции источника
1-ый столбец - источника
2-ой столбец - время
0.0	0.0
4149229117458535.5	0.1
5.474246666323566e+17	0.2
1.0806678019140613e+18	0.30000000000000004
1.6227590068649894e+18	0.4
2.138793813335633e+18	0.5
2.6604328790555284e+18	0.6000000000000001
3.1367043670002427e+18	0.7000000000000001
3.611202109016557e+18	0.8
4.099012345024515e+18	0.9
4.5686849537263416e+18	1.0
5.035889288309944e+18	1.1
5.440849984999312e+18	1.2000000000000002
5.895457404836071e+18	1.3
6.269938702060767e+18	1.4000000000000001
6.567813520134166e+18	1.5
6.893928210860056e+18	1.6
7.25008802000471e+18	1.7000000000000002
7.63276807040071e+18	1.8
7.804860325627194e+18	1.9000000000000001
8.150769318935998e+18	2.0
8.365391733876845e+18	2.1
8.584608298526129e+18	2.2
8.638693371193864e+18	2.3000000000000003
8.853455318480693e+18	2.4000000000000004
9.007878374046517e+18	2.5
9.049216084189018e+18	2.6
9.123902500821803e+18	2.7
9.241106048198502e+18	2.8000000000000003
9.302769870937434e+18	2.9000000000000004
9.236309232496634e+18	3.0
9.24083318705051e+18	3.1
9.238024773258226e+18	3.2
9.288733887324168e+18	3.3000000000000003
9.080082060758845e+18	3.4000000000000004
8.999453635560932e+18	3.5
8.981136031243383e+18	3.6
8.806332915130428e+18	3.7
8.672129316494837e+18	3.8000000000000003
8.520599031336731e+18	3.9000000000000004
8.404205271591515e+18	4.0
8.247249335071641e+18	4.1000000000000005
7.993182917754717e+18	4.2
7.894308224623437e+18	4.3
7.657112255557294e+18	4.4
7.48366888459817e+18	4.5
7.205798460847268e+18	4.6000000000000005
7.060737756405423e+18	4.7
6.826518998855704e+18	4.800000000000001
5.395307814637933e+18	4.9
4.662859362215285e+18	5.0
4.0446210242886523e+18	5.1000000000000005
3.671504417393773e+18	5.2
3.3714134759544684e+18	5.300000000000001
3.168195588277076e+18	5.4
2.963085173980875e+18	5.5
2.789194152594344e+18	5.6000000000000005
2.5791164552343265e+18	5.7
2.397801357732184e+18	5.800000000000001
2.251623079643163e+18	5.9
2.092029833262285e+18	6.0
1.9420195068802865e+18	6.1000000000000005
1.805902925817672e+18	6.2
1.6892966135163308e+18	6.300000000000001
1.5644103528020063e+18	6.4
1.4332327485923372e+18	6.5
1.320702260880246e+18	6.6000000000000005
1.2315250134611372e+18	6.7
1.1456213857678167e+18	6.800000000000001
1.0500788542596712e+18	6.9
9.71426338472908e+17	7.0
8.956518197358121e+17	7.1000000000000005
8.170020538791264e+17	7.2
7.431052162173747e+17	7.300000000000001
6.835631916119992e+17	7.4
6.279607928009869e+17	7.5
5.716592695446371e+17	7.6000000000000005
5.221886469046288e+17	7.7
4.7676696348144934e+17	7.800000000000001
4.348473940686406e+17	7.9
3.862009914962222e+17	8.0
3.519819403073757e+17	8.1
3.190326599834236e+17	8.200000000000001
2.8759302108713565e+17	8.3
2.6107597872225293e+17	8.4
2.3686813597160778e+17	8.5
2.1365121088586474e+17	8.6
1.8912459936597805e+17	8.700000000000001
1.6946325625708566e+17	8.8
1.5150639391210784e+17	8.9
1.3616558040550586e+17	9.0
1.2085719628473205e+17	9.1
1.0679961159980011e+17	9.200000000000001
9.477562852073347e+16	9.3
8.340695881055899e+16	9.4
7.418219592252854e+16	9.5
6.416961649150418e+16	9.600000000000001
5.63541062976947e+16	9.700000000000001
4.889950897451471e+16	9.8
4.264134415488641e+16	9.9
3.675313564386506e+16	10.0
3.1453853090866364e+16	10.100000000000001
2.6758020467906464e+16	10.200000000000001
2.2586642880709588e+16	10.3
1.8894413430718572e+16	10.4
1.5465612172742686e+16	10.5
1.2634523531867292e+16	10.600000000000001
9831502726585436.0	10.700000000000001
7340720202729184.0	10.8
4894446794157507.0	10.9
1855471598209428.2	11.0
0.0	11.100000000000001
0.0	11.200000000000001
0.0	11.3
0.0	11.4
0.0	11.5
0.0	11.600000000000001
0.0	11.700000000000001
0.0	11.8
0.0	11.9
