a = 15201.454554272323 м
b = 14267.2953922933 м
x0 = 10145.5710327362 м
vr = 2053.0672711201223 м/с
A0 = 0.8086114838347975 м
Xmax = 10761.786192096457 м
sigmaX = 4230.0779034548095 м
sigmaY = 4521.162223125193 м
M0 = 1.7039509834062883e+19 Н*м - интегральное значение сейсмического момента
Mr_max = 4.974122249648462e+18 Н*м/с - максимальное значение функции источника
1-ый столбец - источника
2-ой столбец - время
0.0	0.0
2464292420263754.0	0.1
4.0862539097309555e+17	0.2
8.072021663547041e+17	0.30000000000000004
1.2029549625172355e+18	0.4
1.5715196283897605e+18	0.5
1.9446326259818053e+18	0.6000000000000001
2.283546916233806e+18	0.7000000000000001
2.632422598167769e+18	0.8
2.959662281975534e+18	0.9
3.257412022400793e+18	1.0
3.555964214556125e+18	1.1
3.7910577479971215e+18	1.2000000000000002
4.0281894538465444e+18	1.3
4.227233939362441e+18	1.4000000000000001
4.4138878516374687e+18	1.5
4.52750410357295e+18	1.6
4.687403193571624e+18	1.7000000000000002
4.800407923782973e+18	1.8
4.890327547436424e+18	1.9000000000000001
4.949362287255591e+18	2.0
4.954309749590925e+18	2.1
4.958102114600624e+18	2.2
4.974122249648462e+18	2.3000000000000003
4.934077060543042e+18	2.4000000000000004
4.890383500761245e+18	2.5
4.798000701073084e+18	2.6
4.699816220175753e+18	2.7
4.5886840423428214e+18	2.8000000000000003
4.457307846581894e+18	2.9000000000000004
4.3330499740732283e+18	3.0
4.1893528377343176e+18	3.1
4.0634132162193853e+18	3.2
3.873475611932563e+18	3.3000000000000003
3.72889074131623e+18	3.4000000000000004
3.55860846217871e+18	3.5
3.383769658768145e+18	3.6
3.221811115054197e+18	3.7
3.0482064491313147e+18	3.8000000000000003
2.8757460192043494e+18	3.9000000000000004
2.7050277574734725e+18	4.0
2.5431275793060884e+18	4.1000000000000005
2.3796523099844383e+18	4.2
2.2126963302894285e+18	4.3
2.05834966033379e+18	4.4
1.903724188056261e+18	4.5
1.772086680621444e+18	4.6000000000000005
1.6335412809479063e+18	4.7
1.5091690351604902e+18	4.800000000000001
1.3852038409856684e+18	4.9
1.270624554536707e+18	5.0
1.0997351007258627e+18	5.1000000000000005
9.625009252088748e+17	5.2
8.449670719092083e+17	5.300000000000001
7.403821165110781e+17	5.4
6.507836879814524e+17	5.5
5.738551768347436e+17	5.6000000000000005
5.069365299094208e+17	5.7
4.4203732981323885e+17	5.800000000000001
3.858622557579787e+17	5.9
3.35338033405054e+17	6.0
2.932770340090955e+17	6.1000000000000005
2.5457021004200835e+17	6.2
2.2121243105385702e+17	6.300000000000001
1.9164726740363363e+17	6.4
1.6439415271786848e+17	6.5
1.405020044813221e+17	6.6000000000000005
1.2107432344660717e+17	6.7
1.030974432507927e+17	6.800000000000001
8.803327764066907e+16	6.9
7.411858898984163e+16	7.0
6.110134635723672e+16	7.1000000000000005
5.200847077855431e+16	7.2
4.334829877995799e+16	7.300000000000001
3.66487746495825e+16	7.4
3.0081034691864764e+16	7.5
2.4978117714093264e+16	7.6000000000000005
2.069351193830256e+16	7.7
1.7033317652415568e+16	7.800000000000001
1.3886027918167652e+16	7.9
1.1308028768290448e+16	8.0
9151393699680188.0	8.1
7356759917311943.0	8.200000000000001
5904322667260901.0	8.3
4705376243116864.0	8.4
3751701968730395.5	8.5
2966802203272943.5	8.6
2339421889057006.5	8.700000000000001
1835581628249391.5	8.8
1426453842024092.0	8.9
1110171262333455.2	9.0
852002538390778.5	9.1
646039779532784.2	9.200000000000001
480435608698782.2	9.3
357537547863909.8	9.4
259977281192817.4	9.5
185040883493163.66	9.600000000000001
125894523330942.58	9.700000000000001
79332903660673.53	9.8
40266840542008.86	9.9
0.0	10.0
0.0	10.100000000000001
0.0	10.200000000000001
0.0	10.3
0.0	10.4
0.0	10.5
0.0	10.600000000000001
0.0	10.700000000000001
0.0	10.8
