a = 3794.880378689777 м
b = 4605.299917412099 м
x0 = 2099.5787112306043 м
vr = 1522.9090434926982 м/с
A0 = 1.1746013380046065 м
Xmax = 3766.0394230511583 м
sigmaX = 4537.468540407177 м
sigmaY = 4492.23839193262 м
M0 = 8.629160846752156e+18 Н*м - интегральное значение сейсмического момента
Mr_max = 3.286711911666206e+18 Н*м/с - максимальное значение функции источника
1-ый столбец - источника
2-ой столбец - время
0.0	0.0
2508306874193333.5	0.1
3.034355574831203e+17	0.2
5.982525437695731e+17	0.30000000000000004
8.965900487063635e+17	0.4
1.1786392059060183e+18	0.5
1.4600163549759726e+18	0.6000000000000001
1.7406854947691223e+18	0.7000000000000001
2.0017416566715827e+18	0.8
2.2436950924104463e+18	0.9
2.4874244221497134e+18	1.0
2.675651586016725e+18	1.1
2.920999888244722e+18	1.2000000000000002
3.126522384365227e+18	1.3
3.286711911666206e+18	1.4000000000000001
3.2682447241457843e+18	1.5
3.1439754998934446e+18	1.6
3.0950260545291633e+18	1.7000000000000002
3.078508981032462e+18	1.8
3.0780478517131924e+18	1.9000000000000001
3.056453200914749e+18	2.0
3.052492565588529e+18	2.1
3.004476677950162e+18	2.2
2.9806797226417556e+18	2.3000000000000003
2.9649438502527217e+18	2.4000000000000004
2.951863675173164e+18	2.5
2.898408517974193e+18	2.6
2.840164096380228e+18	2.7
2.7789845478406093e+18	2.8000000000000003
2.6773846020988815e+18	2.9000000000000004
2.5779912540115937e+18	3.0
2.480779520606101e+18	3.1
2.3652063322520064e+18	3.2
2.2675393181773852e+18	3.3000000000000003
2.1234881110212992e+18	3.4000000000000004
1.9349594490705119e+18	3.5
1.7004702453971538e+18	3.6
1.0486452148474735e+18	3.7
0.0	3.8000000000000003
0.0	3.9000000000000004
0.0	4.0
0.0	4.1000000000000005
0.0	4.2
0.0	4.3
0.0	4.4
0.0	4.5
0.0	4.6000000000000005
0.0	4.7
0.0	4.800000000000001
0.0	4.9
0.0	5.0
0.0	5.1000000000000005
0.0	5.2
0.0	5.300000000000001
0.0	5.4
0.0	5.5
0.0	5.6000000000000005
