a = 7126.344567757971 м
b = 8212.905763206243 м
x0 = 6319.315442130018 м
vr = 1755.3361244998052 м/с
A0 = 1.010999309962108 м
Xmax = 8271.18403423978 м
sigmaX = 4666.154526037012 м
sigmaY = 4114.993510315755 м
M0 = 1.524382345300266e+19 Н*м - интегральное значение сейсмического момента
Mr_max = 4.657153531478758e+18 Н*м/с - максимальное значение функции источника
1-ый столбец - источника
2-ой столбец - время
0.0	0.0
2439119692178297.0	0.1
3.412189923665007e+17	0.2
6.788853267472928e+17	0.30000000000000004
1.0009378246194829e+18	0.4
1.335224515257262e+18	0.5
1.6259460843558362e+18	0.6000000000000001
1.918242857099805e+18	0.7000000000000001
2.2366489194964326e+18	0.8
2.4777255506685896e+18	0.9
2.764873993244802e+18	1.0
3.0012497098313554e+18	1.1
3.228509794602922e+18	1.2000000000000002
3.4456618076330117e+18	1.3
3.6503388328303826e+18	1.4000000000000001
3.827426662256835e+18	1.5
3.982698889831843e+18	1.6
4.1617677862208415e+18	1.7000000000000002
4.240388468414592e+18	1.8
4.3851074726830075e+18	1.9000000000000001
4.4532400503562563e+18	2.0
4.510381530282453e+18	2.1
4.585715648517794e+18	2.2
4.5920789953599744e+18	2.3000000000000003
4.615396989353267e+18	2.4000000000000004
4.624839560337123e+18	2.5
4.657153531478758e+18	2.6
4.59555428944422e+18	2.7
4.5773110051218964e+18	2.8000000000000003
4.4683947370786033e+18	2.9000000000000004
4.489773590297898e+18	3.0
4.369102444867603e+18	3.1
4.2885932660859817e+18	3.2
4.2949260020264064e+18	3.3000000000000003
4.0880853667599667e+18	3.4000000000000004
3.989183736898726e+18	3.5
3.902987827252464e+18	3.6
3.7498196819282063e+18	3.7
3.362059262198462e+18	3.8000000000000003
3.161197748201776e+18	3.9000000000000004
2.940165449203849e+18	4.0
2.775660782186895e+18	4.1000000000000005
2.6207413311042253e+18	4.2
2.4263745615711524e+18	4.3
2.3008297140151383e+18	4.4
2.1447990473052173e+18	4.5
1.9959494186340398e+18	4.6000000000000005
1.033676018863365e+18	4.7
5.189503354418184e+17	4.800000000000001
0.0	4.9
0.0	5.0
0.0	5.1000000000000005
0.0	5.2
0.0	5.300000000000001
0.0	5.4
0.0	5.5
0.0	5.6000000000000005
0.0	5.7
0.0	5.800000000000001
0.0	5.9
0.0	6.0
0.0	6.1000000000000005
0.0	6.2
0.0	6.300000000000001
0.0	6.4
0.0	6.5
0.0	6.6000000000000005
0.0	6.7
