a = 4322.136492683187 м
b = 3158.7549759644203 м
x0 = 2220.8177917165835 м
vr = 1528.1377359822952 м/с
A0 = 0.708901091752678 м
Xmax = 3782.6444221855627 м
sigmaX = 4222.433628203501 м
sigmaY = 4368.47101121987 м
M0 = 4.245872488600592e+18 Н*м - интегральное значение сейсмического момента
Mr_max = 2.1099112041506772e+18 Н*м/с - максимальное значение функции источника
1-ый столбец - источника
2-ой столбец - время
0.0	0.0
1518059775658645.8	0.1
1.83576030649043e+17	0.2
3.664943741213988e+17	0.30000000000000004
5.480662685047371e+17	0.4
7.143179136894358e+17	0.5
8.924793583499295e+17	0.6000000000000001
1.0502338752362054e+18	0.7000000000000001
1.2110880723084321e+18	0.8
1.3636557430556134e+18	0.9
1.5051048255426314e+18	1.0
1.6414039678243054e+18	1.1
1.7780667148930158e+18	1.2000000000000002
1.911452472448976e+18	1.3
2.012398633864323e+18	1.4000000000000001
2.1099112041506772e+18	1.5
1.7305515823438938e+18	1.6
1.5789890081374495e+18	1.7000000000000002
1.4713907565708037e+18	1.8
1.4164885558207388e+18	1.9000000000000001
1.3911177583212293e+18	2.0
1.334480981550713e+18	2.1
1.2901036664390904e+18	2.2
1.2356120071636475e+18	2.3000000000000003
1.181648920325506e+18	2.4000000000000004
1.1448099872784878e+18	2.5
1.1079696546409216e+18	2.6
1.0370898090245257e+18	2.7
9.758460789430012e+17	2.8000000000000003
9.499868559357009e+17	2.9000000000000004
8.806577062028859e+17	3.0
8.554304841596237e+17	3.1
7.76568908275747e+17	3.2
7.41908808565003e+17	3.3000000000000003
6.703339626100739e+17	3.4000000000000004
6.218166411433276e+17	3.5
5.695892502270829e+17	3.6
5.1174117425977926e+17	3.7
4.613912529765055e+17	3.8000000000000003
3.994315795298529e+17	3.9000000000000004
3.369100386012296e+17	4.0
2.669683916624972e+17	4.1000000000000005
1.8821627207817606e+17	4.2
4.190727880403758e+16	4.3
0.0	4.4
0.0	4.5
0.0	4.6000000000000005
0.0	4.7
0.0	4.800000000000001
0.0	4.9
0.0	5.0
0.0	5.1000000000000005
0.0	5.2
