a = 15205.220194407588 м
b = 15282.394594570032 м
x0 = 1697.7987529864995 м
vr = 2056.9175207467133 м/с
A0 = 2.1074218859638907 м
Xmax = 10936.842296799847 м
sigmaX = 4995.6352611208795 м
sigmaY = 4111.5087790737825 м
M0 = 4.5568741319001285e+19 Н*м - интегральное значение сейсмического момента
Mr_max = 8.217207662068264e+18 Н*м/с - максимальное значение функции источника
1-ый столбец - источника
2-ой столбец - время
0.0	0.0
1176766918491397.5	0.1
1.9439084225166282e+17	0.2
3.856073534568581e+17	0.30000000000000004
5.813410362286822e+17	0.4
7.710519514355828e+17	0.5
9.696477145406086e+17	0.6000000000000001
1.1642304814822275e+18	0.7000000000000001
1.3628266691912607e+18	0.8
1.5652382891454638e+18	0.9
1.6519848925030984e+18	1.0
1.8092392646229652e+18	1.1
1.9647416706695777e+18	1.2000000000000002
2.1470399805074442e+18	1.3
2.33517549078767e+18	1.4000000000000001
2.5055584051596257e+18	1.5
2.7179344822592614e+18	1.6
2.9350636414595666e+18	1.7000000000000002
3.148157412499565e+18	1.8
3.382698769413726e+18	1.9000000000000001
3.583114611563493e+18	2.0
3.839091735094817e+18	2.1
4.03865796122931e+18	2.2
4.2786953851129503e+18	2.3000000000000003
4.5302632361104374e+18	2.4000000000000004
4.761450024549004e+18	2.5
4.968719148562265e+18	2.6
5.219961311096887e+18	2.7
5.436614280120613e+18	2.8000000000000003
5.683674083804481e+18	2.9000000000000004
5.897676046359461e+18	3.0
6.164741139865991e+18	3.1
6.29322287258099e+18	3.2
6.508213703586817e+18	3.3000000000000003
6.739843595654472e+18	3.4000000000000004
6.96985353374009e+18	3.5
7.086373464926184e+18	3.6
7.22616447106746e+18	3.7
7.329657601529858e+18	3.8000000000000003
7.554171981808273e+18	3.9000000000000004
7.686375551034849e+18	4.0
7.766393391547573e+18	4.1000000000000005
7.892734540422338e+18	4.2
7.967135750266963e+18	4.3
7.998231477849793e+18	4.4
8.134228615604614e+18	4.5
8.122573602369516e+18	4.6000000000000005
8.217207662068264e+18	4.7
8.139949093837952e+18	4.800000000000001
8.186014820608463e+18	4.9
8.126162630991031e+18	5.0
8.052753609476579e+18	5.1000000000000005
8.090576195586163e+18	5.2
8.028460194163813e+18	5.300000000000001
7.902903514803631e+18	5.4
7.804593718400874e+18	5.5
7.695486770713863e+18	5.6000000000000005
7.641154172004006e+18	5.7
7.485533459080104e+18	5.800000000000001
7.215269651432899e+18	5.9
7.155442386130081e+18	6.0
6.983106666585266e+18	6.1000000000000005
6.870342930023135e+18	6.2
6.635313138603139e+18	6.300000000000001
6.388323483486845e+18	6.4
6.285999719974985e+18	6.5
6.119938879315944e+18	6.6000000000000005
5.903022041054859e+18	6.7
5.692859624185865e+18	6.800000000000001
5.498729826849352e+18	6.9
5.281146003964677e+18	7.0
5.059090393204796e+18	7.1000000000000005
4.847959058397343e+18	7.2
4.634957021554562e+18	7.300000000000001
4.436659445936523e+18	7.4
4.2493432522116076e+18	7.5
4.058024154679031e+18	7.6000000000000005
3.849285096673125e+18	7.7
3.693760236509556e+18	7.800000000000001
3.4666870441432663e+18	7.9
3.267021741541638e+18	8.0
3.0888689589496197e+18	8.1
2.903038275840639e+18	8.200000000000001
2.7238313724206684e+18	8.3
2.5705954080701235e+18	8.4
2.403032186156702e+18	8.5
2.2502147346790525e+18	8.6
2.1079996668650975e+18	8.700000000000001
1.9658741101247365e+18	8.8
1.8285194519114985e+18	8.9
1.6927829642963825e+18	9.0
1.5819098066667113e+18	9.1
1.462194336888783e+18	9.200000000000001
1.3471036711780237e+18	9.3
1.2409810421445484e+18	9.4
1.149308845678055e+18	9.5
1.0533557790457267e+18	9.600000000000001
9.808231739174582e+17	9.700000000000001
8.960503306645449e+17	9.8
8.14332524820438e+17	9.9
7.453718552202476e+17	10.0
6.811855908284727e+17	10.100000000000001
6.164168712499786e+17	10.200000000000001
5.6305656362901146e+17	10.3
5.108230634527175e+17	10.4
4.6464666718645485e+17	10.5
4.184860625232774e+17	10.600000000000001
3.825205177032893e+17	10.700000000000001
3.416305973821496e+17	10.8
3.062513212419998e+17	10.9
2.771144051912462e+17	11.0
2.4722721142432653e+17	11.100000000000001
2.2059001699094653e+17	11.200000000000001
1.96870235842956e+17	11.3
1.7619550738663712e+17	11.4
1.5761656679258374e+17	11.5
1.3882257814118749e+17	11.600000000000001
1.2311107072472178e+17	11.700000000000001
1.091800494320652e+17	11.8
9.666791664057666e+16	11.9
8.524387211156957e+16	12.0
7.466533529526109e+16	12.100000000000001
6.612825547504267e+16	12.200000000000001
5.77451124250001e+16	12.3
5.066100251037438e+16	12.4
4.432181814883009e+16	12.5
3.854401805689957e+16	12.600000000000001
3.3517395748833292e+16	12.700000000000001
2.8807549473536348e+16	12.8
2.5011681668847604e+16	12.9
2.161167128529209e+16	13.0
1.844740095235002e+16	13.100000000000001
1.5700892941338956e+16	13.200000000000001
1.341400800005522e+16	13.3
1.130736486575844e+16	13.4
9414380041830802.0	13.5
7752149100253540.0	13.600000000000001
6225895153231379.0	13.700000000000001
4842745945495341.0	13.8
3475886987355026.5	13.9
1957574336128730.0	14.0
0.0	14.100000000000001
0.0	14.200000000000001
0.0	14.3
0.0	14.4
0.0	14.5
0.0	14.600000000000001
0.0	14.700000000000001
0.0	14.8
0.0	14.9
0.0	15.0
