a = 10284.811393218724 м
b = 7473.862347130405 м
x0 = 127.70575866039732 м
vr = 2150.586786599549 м/с
A0 = 0.7298159452247852 м
Xmax = 10098.845906199413 м
sigmaX = 4902.871658039654 м
sigmaY = 4339.49851848715 м
M0 = 1.3360916891307192e+19 Н*м - интегральное значение сейсмического момента
Mr_max = 2.68791540645463e+18 Н*м/с - максимальное значение функции источника
1-ый столбец - источника
2-ой столбец - время
0.0	0.0
297945736511013.9	0.1
3.672192849373875e+16	0.2
6.462210595550695e+16	0.30000000000000004
9.511298585936744e+16	0.4
1.3009635572968491e+17	0.5
1.6672169577729152e+17	0.6000000000000001
2.067655276879289e+17	0.7000000000000001
2.4988922005244346e+17	0.8
2.950486647072018e+17	0.9
3.423996539319985e+17	1.0
3.956425482313668e+17	1.1
4.4540985979675686e+17	1.2000000000000002
5.0266904482158835e+17	1.3
5.6283870383480083e+17	1.4000000000000001
6.239710940274359e+17	1.5
6.96951674240541e+17	1.6
7.659827884047048e+17	1.7000000000000002
8.203382013539555e+17	1.8
8.968564801247702e+17	1.9000000000000001
9.666295203763863e+17	2.0
1.0469718999728465e+18	2.1
1.1280046046537133e+18	2.2
1.2084461564745917e+18	2.3000000000000003
1.2781281275557217e+18	2.4000000000000004
1.3700009294182746e+18	2.5
1.447900132103696e+18	2.6
1.5084887346334787e+18	2.7
1.6093950709837071e+18	2.8000000000000003
1.684895266763517e+18	2.9000000000000004
1.76727940082237e+18	3.0
1.8412049641814047e+18	3.1
1.9278961396198351e+18	3.2
1.9923515290506225e+18	3.3000000000000003
2.0694215329148326e+18	3.4000000000000004
2.156411498973036e+18	3.5
2.210665346533922e+18	3.6
2.280057554421906e+18	3.7
2.3385265126935496e+18	3.8000000000000003
2.374608303368306e+18	3.9000000000000004
2.4416082018164536e+18	4.0
2.490591918351064e+18	4.1000000000000005
2.506078691546213e+18	4.2
2.613153402308773e+18	4.3
2.6096183259576796e+18	4.4
2.622762474724725e+18	4.5
2.648382329902965e+18	4.6000000000000005
2.6590625516266015e+18	4.7
2.68791540645463e+18	4.800000000000001
2.672634748022686e+18	4.9
2.668144411863747e+18	5.0
2.65296718896357e+18	5.1000000000000005
2.6384525923778893e+18	5.2
2.5890188277607634e+18	5.300000000000001
2.627912348453071e+18	5.4
2.556947676690408e+18	5.5
2.524868028778276e+18	5.6000000000000005
2.4978936146440945e+18	5.7
2.446020320180669e+18	5.800000000000001
2.381751610902901e+18	5.9
2.332818337581634e+18	6.0
2.2952380797633574e+18	6.1000000000000005
2.204782672444553e+18	6.2
2.1590517160448061e+18	6.300000000000001
2.073832722389864e+18	6.4
2.024189293537345e+18	6.5
1.948657638030406e+18	6.6000000000000005
1.8648853441356984e+18	6.7
1.7848913639419574e+18	6.800000000000001
1.7008236669625823e+18	6.9
1.620533027202838e+18	7.0
1.5524928588973327e+18	7.1000000000000005
1.4747242915888873e+18	7.2
1.387280107058331e+18	7.300000000000001
1.3127238353444152e+18	7.4
1.2482817506514609e+18	7.5
1.1795360016917535e+18	7.6000000000000005
1.093342468452966e+18	7.7
1.0236060895672105e+18	7.800000000000001
9.551324614903077e+17	7.9
8.76212962837057e+17	8.0
8.176272719382268e+17	8.1
7.480352765295683e+17	8.200000000000001
6.882606804619532e+17	8.3
6.258792340828737e+17	8.4
5.699028478535534e+17	8.5
5.1547580579242726e+17	8.6
4.5818953863548045e+17	8.700000000000001
4.113081058666475e+17	8.8
3.6244402592441216e+17	8.9
3.150509361516958e+17	9.0
2.7119461955336643e+17	9.1
2.2696737842385725e+17	9.200000000000001
1.84432593005387e+17	9.3
1.4196147839119946e+17	9.4
9.531123255925683e+16	9.5
2.2686822676738376e+16	9.600000000000001
0.0	9.700000000000001
0.0	9.8
0.0	9.9
0.0	10.0
0.0	10.100000000000001
0.0	10.200000000000001
0.0	10.3
0.0	10.4
0.0	10.5
