a = 11692.428778611596 м
b = 9720.795012279705 м
x0 = 3230.2022833340106 м
vr = 2141.9756232522705 м/с
A0 = 1.7311256937598547 м
Xmax = 10260.838063842584 м
sigmaX = 4047.4922741981877 м
sigmaY = 4449.963390874645 м
M0 = 3.1597057433845006e+19 Н*м - интегральное значение сейсмического момента
Mr_max = 7.441296291655989e+18 Н*м/с - максимальное значение функции источника
1-ый столбец - источника
2-ой столбец - время
0.0	0.0
1232911660889775.5	0.1
2.1088786478385818e+17	0.2
4.213293153898863e+17	0.30000000000000004
6.336976017732787e+17	0.4
8.47242093844824e+17	0.5
1.0547337933786326e+18	0.6000000000000001
1.2926477967375677e+18	0.7000000000000001
1.5087993892561242e+18	0.8
1.7498856242345487e+18	0.9
1.9645443029312422e+18	1.0
2.204012964938465e+18	1.1
2.456657741700553e+18	1.2000000000000002
2.7269543854801347e+18	1.3
2.9587533216708183e+18	1.4000000000000001
3.224171270830239e+18	1.5
3.4734465054605896e+18	1.6
3.694586711782484e+18	1.7000000000000002
3.9052614043930644e+18	1.8
4.167414175337826e+18	1.9000000000000001
4.320212406030812e+18	2.0
4.667126056589827e+18	2.1
4.974591506297401e+18	2.2
5.211185205028751e+18	2.3000000000000003
5.441613889399853e+18	2.4000000000000004
5.624058648622097e+18	2.5
5.914829944310011e+18	2.6
6.064201748689921e+18	2.7
6.31972617704728e+18	2.8000000000000003
6.537952785829192e+18	2.9000000000000004
6.6609148797126e+18	3.0
6.844582364597994e+18	3.1
6.988946780688376e+18	3.2
7.12279108008237e+18	3.3000000000000003
7.201391503097607e+18	3.4000000000000004
7.268320916380047e+18	3.5
7.441296291655989e+18	3.6
7.373752635469995e+18	3.7
7.398684852189251e+18	3.8000000000000003
7.326408291770064e+18	3.9000000000000004
7.280344415240185e+18	4.0
7.282105800974985e+18	4.1000000000000005
7.169153753552333e+18	4.2
7.115978006211826e+18	4.3
6.918594057513913e+18	4.4
6.862040382139073e+18	4.5
6.632760896233767e+18	4.6000000000000005
6.410763105535832e+18	4.7
6.246658710281964e+18	4.800000000000001
6.025279495980436e+18	4.9
5.819090666128336e+18	5.0
5.650420147972568e+18	5.1000000000000005
5.372649987888485e+18	5.2
5.146934968711541e+18	5.300000000000001
4.844111026998046e+18	5.4
4.620392784875314e+18	5.5
4.3656778751358874e+18	5.6000000000000005
4.119241096416713e+18	5.7
3.8445530460366515e+18	5.800000000000001
3.621461419779225e+18	5.9
3.3720351325103114e+18	6.0
3.1213150452401623e+18	6.1000000000000005
2.9250649822717e+18	6.2
2.6841533580743163e+18	6.300000000000001
2.475374721363652e+18	6.4
2.2756499042286556e+18	6.5
2.089721990204945e+18	6.6000000000000005
1.8947986893958382e+18	6.7
1.7379466927030303e+18	6.800000000000001
1.5696739673598397e+18	6.9
1.4129607183687488e+18	7.0
1.2767667945107185e+18	7.1000000000000005
1.1441943373270692e+18	7.2
1.0122323317509993e+18	7.300000000000001
9.02675321266472e+17	7.4
8.057043249354184e+17	7.5
7.048408311281684e+17	7.6000000000000005
6.152523176972357e+17	7.7
5.3658913692620326e+17	7.800000000000001
4.713246718553128e+17	7.9
4.0670975866531437e+17	8.0
3.530268475895978e+17	8.1
3.02059304821318e+17	8.200000000000001
2.5742100260998646e+17	8.3
2.1814660257346726e+17	8.4
1.8359608297297488e+17	8.5
1.527816224977254e+17	8.6
1.2653713426407515e+17	8.700000000000001
1.0378223945079632e+17	8.8
8.380105988710646e+16	8.9
6.680172874573542e+16	9.0
5.18198520696899e+16	9.1
3.8937571870542184e+16	9.200000000000001
2.7826867929141372e+16	9.3
1.7321768977967708e+16	9.4
4670841724170645.0	9.5
0.0	9.600000000000001
0.0	9.700000000000001
0.0	9.8
0.0	9.9
0.0	10.0
0.0	10.100000000000001
0.0	10.200000000000001
0.0	10.3
0.0	10.4
