a = 7581.649753849446 м
b = 8093.85929444179 м
x0 = 6415.730212477769 м
vr = 1677.2108160427563 м/с
A0 = 1.8778019382218403 м
Xmax = 7400.1543019687715 м
sigmaX = 4550.085726164046 м
sigmaY = 4753.140249428374 м
M0 = 3.2104008184822637e+19 Н*м - интегральное значение сейсмического момента
Mr_max = 9.165291003491122e+18 Н*м/с - максимальное значение функции источника
1-ый столбец - источника
2-ой столбец - время
0.0	0.0
4615856806015860.0	0.1
6.227113876356317e+17	0.2
1.2246841494939261e+18	0.30000000000000004
1.84482491954437e+18	0.4
2.430548409605978e+18	0.5
2.9524796493058335e+18	0.6000000000000001
3.541210294807541e+18	0.7000000000000001
4.05802230383199e+18	0.8
4.5902179253377306e+18	0.9
5.056448054615347e+18	1.0
5.558269244796468e+18	1.1
5.958315109689933e+18	1.2000000000000002
6.395849600530361e+18	1.3
6.846708096298192e+18	1.4000000000000001
7.156749388138325e+18	1.5
7.510143671405283e+18	1.6
7.762251980390147e+18	1.7000000000000002
8.096948771472034e+18	1.8
8.275494402434567e+18	1.9000000000000001
8.531345314409903e+18	2.0
8.631815227191028e+18	2.1
8.798229699298097e+18	2.2
8.983082197712856e+18	2.3000000000000003
9.024409627719326e+18	2.4000000000000004
9.092843775653931e+18	2.5
9.165214206252852e+18	2.6
9.089796769488524e+18	2.7
9.165291003491122e+18	2.8000000000000003
9.016167129705647e+18	2.9000000000000004
9.128731126889689e+18	3.0
8.961701530216507e+18	3.1
8.857080232810867e+18	3.2
8.740028544870455e+18	3.3000000000000003
8.647641728109043e+18	3.4000000000000004
8.430589149892467e+18	3.5
8.211524440235248e+18	3.6
8.079371170112218e+18	3.7
7.894791987957057e+18	3.8000000000000003
7.691385454263364e+18	3.9000000000000004
6.789227386844082e+18	4.0
6.268751134857299e+18	4.1000000000000005
5.808291483888739e+18	4.2
5.440236512649907e+18	4.3
4.976325949179498e+18	4.4
4.648569022025644e+18	4.5
4.292028971123388e+18	4.6000000000000005
3.88878586662938e+18	4.7
3.5465444635973565e+18	4.800000000000001
3.1876662278247214e+18	4.9
2.8238803627154207e+18	5.0
2.401172205588199e+18	5.1000000000000005
1.9176096158828856e+18	5.2
1.023459112999901e+18	5.300000000000001
0.0	5.4
0.0	5.5
0.0	5.6000000000000005
0.0	5.7
0.0	5.800000000000001
0.0	5.9
0.0	6.0
0.0	6.1000000000000005
0.0	6.2
0.0	6.300000000000001
0.0	6.4
0.0	6.5
0.0	6.6000000000000005
0.0	6.7
0.0	6.800000000000001
