a = 13673.636030711441 м
b = 16527.321334440905 м
x0 = 8841.278644641052 м
vr = 1551.3117385970957 м/с
A0 = 1.2631122610481686 м
Xmax = 16878.1402774083 м
sigmaX = 4031.062145622761 м
sigmaY = 4469.109035402178 м
M0 = 2.3613422117275156e+19 Н*м - интегральное значение сейсмического момента
Mr_max = 3.902724317678414e+18 Н*м/с - максимальное значение функции источника
1-ый столбец - источника
2-ой столбец - время
0.0	0.0
403531460458838.6	0.1
5.090089168664098e+16	0.2
1.0031918012469141e+17	0.30000000000000004
1.498377860336169e+17	0.4
2.024725406802658e+17	0.5
2.546637445272767e+17	0.6000000000000001
3.044674846924317e+17	0.7000000000000001
3.5723360929179974e+17	0.8
4.142862136323051e+17	0.9
4.691661592294601e+17	1.0
5.236972574492399e+17	1.1
5.861637254256628e+17	1.2000000000000002
6.506279389918056e+17	1.3
7.151966595188498e+17	1.4000000000000001
7.80154175483335e+17	1.5
8.48890256038709e+17	1.6
9.205663329904387e+17	1.7000000000000002
9.929772218453453e+17	1.8
1.0607698812053048e+18	1.9000000000000001
1.155923498438065e+18	2.0
1.2127534132036032e+18	2.1
1.3085130395249736e+18	2.2
1.3960199882508508e+18	2.3000000000000003
1.4747915051685166e+18	2.4000000000000004
1.5655527927823923e+18	2.5
1.6478673880791068e+18	2.6
1.7331495791915648e+18	2.7
1.8530223883150968e+18	2.8000000000000003
1.9384452306517583e+18	2.9000000000000004
2.0181993931807662e+18	3.0
2.1411794193517507e+18	3.1
2.2287324075209096e+18	3.2
2.3426366087633075e+18	3.3000000000000003
2.4110466584950016e+18	3.4000000000000004
2.4922353239230203e+18	3.5
2.5870999129174477e+18	3.6
2.7021212772436746e+18	3.7
2.813552255916297e+18	3.8000000000000003
2.897723085644434e+18	3.9000000000000004
2.9692238466468485e+18	4.0
3.0835417054198743e+18	4.1000000000000005
3.1344943637869235e+18	4.2
3.208832847289138e+18	4.3
3.2959284495798574e+18	4.4
3.3785947032125957e+18	4.5
3.4615567292093676e+18	4.6000000000000005
3.542225151762721e+18	4.7
3.5762709771216486e+18	4.800000000000001
3.5956092024857144e+18	4.9
3.665752322024547e+18	5.0
3.6644217640009523e+18	5.1000000000000005
3.788614379843471e+18	5.2
3.7377902358889e+18	5.300000000000001
3.848213654427735e+18	5.4
3.8585201966619837e+18	5.5
3.880349868040599e+18	5.6000000000000005
3.902724317678414e+18	5.7
3.902497918151301e+18	5.800000000000001
3.872401492060192e+18	5.9
3.8696756698686715e+18	6.0
3.835119363980482e+18	6.1000000000000005
3.853850932553976e+18	6.2
3.8129123162545055e+18	6.300000000000001
3.7653008585840517e+18	6.4
3.730891778925925e+18	6.5
3.695369784722975e+18	6.6000000000000005
3.641414006509652e+18	6.7
3.5726298309122063e+18	6.800000000000001
3.522322448063099e+18	6.9
3.4853606464916946e+18	7.0
3.419788421747669e+18	7.1000000000000005
3.3077284812188247e+18	7.2
3.2572488533565015e+18	7.300000000000001
3.1410922511845714e+18	7.4
3.0789003604089503e+18	7.5
2.973879957905358e+18	7.6000000000000005
2.9156216334323226e+18	7.7
2.824829075666275e+18	7.800000000000001
2.72693786145921e+18	7.9
2.6460238613797064e+18	8.0
2.583739125077145e+18	8.1
2.456922741564544e+18	8.200000000000001
2.3604483941536753e+18	8.3
2.278573764326904e+18	8.4
2.182373021312396e+18	8.5
2.0989861198714875e+18	8.6
1.996576864019007e+18	8.700000000000001
1.9275491467596695e+18	8.8
1.83436695848786e+18	8.9
1.751041282656937e+18	9.0
1.6483579851105603e+18	9.1
1.5702854599487803e+18	9.200000000000001
1.4741518926343483e+18	9.3
1.4069571101123779e+18	9.4
1.326121178179607e+18	9.5
1.2554473704190518e+18	9.600000000000001
1.1918325611681152e+18	9.700000000000001
1.116588701183621e+18	9.8
1.0420984491352984e+18	9.9
9.84646554099554e+17	10.0
9.180869624092161e+17	10.100000000000001
8.625679410132088e+17	10.200000000000001
8.02354156352912e+17	10.3
7.489118606079708e+17	10.4
6.963310880667534e+17	10.5
6.486586944896036e+17	10.600000000000001
6.003516049033283e+17	10.700000000000001
5.534957862540697e+17	10.8
5.1471305490597325e+17	10.9
4.7586084184995424e+17	11.0
4.370965375236072e+17	11.100000000000001
4.033394272092887e+17	11.200000000000001
3.7018167912346656e+17	11.3
3.392756927798541e+17	11.4
3.1079608952580525e+17	11.5
2.8466348931346134e+17	11.600000000000001
2.5952288586346986e+17	11.700000000000001
2.3543359152427203e+17	11.8
2.1423877746063005e+17	11.9
1.9219528507410294e+17	12.0
3.1258769490153304e+16	12.100000000000001
0.0	12.200000000000001
0.0	12.3
0.0	12.4
0.0	12.5
0.0	12.600000000000001
0.0	12.700000000000001
0.0	12.8
0.0	12.9
0.0	13.0
0.0	13.100000000000001
0.0	13.200000000000001
0.0	13.3
0.0	13.4
0.0	13.5
0.0	13.600000000000001
0.0	13.700000000000001
0.0	13.8
0.0	13.9
0.0	14.0
0.0	14.100000000000001
0.0	14.200000000000001
0.0	14.3
0.0	14.4
0.0	14.5
0.0	14.600000000000001
0.0	14.700000000000001
0.0	14.8
0.0	14.9
0.0	15.0
0.0	15.100000000000001
0.0	15.200000000000001
0.0	15.3
0.0	15.4
0.0	15.5
0.0	15.600000000000001
0.0	15.700000000000001
0.0	15.8
0.0	15.9
0.0	16.0
0.0	16.1
0.0	16.2
0.0	16.3
0.0	16.400000000000002
0.0	16.5
0.0	16.6
