a = 13713.23993653199 м
b = 13599.992990424058 м
x0 = 4404.735904121653 м
vr = 2032.3763507953931 м/с
A0 = 0.350518255806792 м
Xmax = 17507.910206978027 м
sigmaX = 4292.332579717898 м
sigmaY = 4716.155416805216 м
M0 = 6.971893371722436e+18 Н*м - интегральное значение сейсмического момента
Mr_max = 1.3917279756937964e+18 Н*м/с - максимальное значение функции источника
1-ый столбец - источника
2-ой столбец - время
0.0	0.0
10122935420961.188	0.1
1661327867779588.2	0.2
3366808523051047.0	0.30000000000000004
5116903254935849.0	0.4
6978288886199442.0	0.5
9056993180248496.0	0.6000000000000001
1.1255613327464606e+16	0.7000000000000001
1.3767547624165124e+16	0.8
1.6498655987107956e+16	0.9
1.964091156073041e+16	1.0
2.3082950705429996e+16	1.1
2.72038674545118e+16	1.2000000000000002
3.172218294398286e+16	1.3
3.635703591928474e+16	1.4000000000000001
4.2190850335431464e+16	1.5
4.799790607320349e+16	1.6
5.5451874203187784e+16	1.7000000000000002
6.200540898322027e+16	1.8
7.16817460355653e+16	1.9000000000000001
8.106627865502294e+16	2.0
9.18493013176244e+16	2.1
1.0275116005528323e+17	2.2
1.150791946961028e+17	2.3000000000000003
1.2825042357836174e+17	2.4000000000000004
1.4326350478504802e+17	2.5
1.5919273220812e+17	2.6
1.7564284851412387e+17	2.7
1.9471477608762298e+17	2.8000000000000003
2.1670565331420186e+17	2.9000000000000004
2.3833623746091686e+17	3.0
2.6226145786306714e+17	3.1
2.8500910711322845e+17	3.2
3.115299947038714e+17	3.3000000000000003
3.3960411439203014e+17	3.4000000000000004
3.63940197211275e+17	3.5
3.988584459253896e+17	3.6
4.2998852189328474e+17	3.7
4.675873935039327e+17	3.8000000000000003
5.008141344132148e+17	3.9000000000000004
5.331531137163531e+17	4.0
5.7201109504446035e+17	4.1000000000000005
6.088567749879268e+17	4.2
6.467760505574685e+17	4.3
6.758963363996384e+17	4.4
7.234203416837846e+17	4.5
7.609323796904538e+17	4.6000000000000005
8.113621666828366e+17	4.7
8.476408207460836e+17	4.800000000000001
8.995103625323187e+17	4.9
9.29804058233495e+17	5.0
9.669895524525572e+17	5.1000000000000005
1.0111888510195857e+18	5.2
1.0500153361716663e+18	5.300000000000001
1.0787347765313384e+18	5.4
1.1180538355847844e+18	5.5
1.1569709513606426e+18	5.6000000000000005
1.1857584078036173e+18	5.7
1.2215000228732495e+18	5.800000000000001
1.2398302923536366e+18	5.9
1.2673192657871388e+18	6.0
1.3032123129742756e+18	6.1000000000000005
1.3070014033272466e+18	6.2
1.3372586276589432e+18	6.300000000000001
1.3469327155384353e+18	6.4
1.3681394280782932e+18	6.5
1.3609431500624878e+18	6.6000000000000005
1.3877981264051407e+18	6.7
1.3834316457047273e+18	6.800000000000001
1.3827282075881172e+18	6.9
1.3917279756937964e+18	7.0
1.3705238832930852e+18	7.1000000000000005
1.3515270237909635e+18	7.2
1.3507127468731784e+18	7.300000000000001
1.316594868524473e+18	7.4
1.3118407690661245e+18	7.5
1.293369132718438e+18	7.6000000000000005
1.2668108246792748e+18	7.7
1.2427256599959357e+18	7.800000000000001
1.2098562417935078e+18	7.9
1.1849954856090084e+18	8.0
1.1498111151438317e+18	8.1
1.1079757864020518e+18	8.200000000000001
1.0773273046800833e+18	8.3
1.0283070158824636e+18	8.4
9.984409242333723e+17	8.5
9.629742275874579e+17	8.6
9.155791402751068e+17	8.700000000000001
8.823605621147921e+17	8.8
8.407598460298062e+17	8.9
7.965373425158556e+17	9.0
7.585811110850646e+17	9.1
7.158911445533679e+17	9.200000000000001
6.784082597757179e+17	9.3
6.352239197232307e+17	9.4
6.001174522245631e+17	9.5
5.5757711630719994e+17	9.600000000000001
5.240180100535956e+17	9.700000000000001
4.902831553577207e+17	9.8
4.5043576919506534e+17	9.9
4.175299182264105e+17	10.0
3.8428795065756614e+17	10.100000000000001
3.539622754028738e+17	10.200000000000001
3.2323287023909165e+17	10.3
2.95272945296866e+17	10.4
2.654208066334824e+17	10.5
2.378876459937248e+17	10.600000000000001
2.127947464515322e+17	10.700000000000001
1.8767060593788413e+17	10.8
1.628483146897801e+17	10.9
1.3985136097615128e+17	11.0
1.1588969256450006e+17	11.100000000000001
9.174552350189334e+16	11.200000000000001
6.5207713237068024e+16	11.3
2.9374649194040536e+16	11.4
0.0	11.5
0.0	11.600000000000001
0.0	11.700000000000001
0.0	11.8
0.0	11.9
0.0	12.0
0.0	12.100000000000001
0.0	12.200000000000001
0.0	12.3
