a = 6561.440232495723 м
b = 8328.788771031186 м
x0 = 5781.304915540737 м
vr = 2240.605353085471 м/с
A0 = 0.9130053196103283 м
Xmax = 5610.179498038336 м
sigmaX = 4462.176431607921 м
sigmaY = 4583.585440635525 м
M0 = 1.3846052327266785e+19 Н*м - интегральное значение сейсмического момента
Mr_max = 5.759101359673645e+18 Н*м/с - максимальное значение функции источника
1-ый столбец - источника
2-ой столбец - время
0.0	0.0
3066172811724560.0	0.1
5.450945102318139e+17	0.2
1.073997633287003e+18	0.30000000000000004
1.598058747878845e+18	0.4
2.0864640338519572e+18	0.5
2.5629498655595034e+18	0.6000000000000001
3.0125959348414505e+18	0.7000000000000001
3.443699707039244e+18	0.8
3.777865991119163e+18	0.9
4.177269037512213e+18	1.0
4.504223781606807e+18	1.1
4.783399928763502e+18	1.2000000000000002
5.026703354771122e+18	1.3
5.20843466398566e+18	1.4000000000000001
5.418095526303164e+18	1.5
5.544246665267024e+18	1.6
5.695698145869408e+18	1.7000000000000002
5.701531010612578e+18	1.8
5.733700211968287e+18	1.9000000000000001
5.736168221756645e+18	2.0
5.759101359673645e+18	2.1
5.653930903513314e+18	2.2
5.596606220551515e+18	2.3000000000000003
5.4456953765497e+18	2.4000000000000004
5.308893390015229e+18	2.5
5.162920762505402e+18	2.6
4.704234645935018e+18	2.7
4.0844818120655017e+18	2.8000000000000003
3.693616930639625e+18	2.9000000000000004
3.346759760092157e+18	3.0
3.04230546808293e+18	3.1
2.750975694649683e+18	3.2
2.488489116560894e+18	3.3000000000000003
2.012430233154584e+18	3.4000000000000004
1.4884618601732498e+18	3.5
1.1017107121654478e+18	3.6
7.677940225552594e+17	3.7
4.1885185874758246e+17	3.8000000000000003
0.0	3.9000000000000004
0.0	4.0
0.0	4.1000000000000005
0.0	4.2
0.0	4.3
0.0	4.4
0.0	4.5
0.0	4.6000000000000005
0.0	4.7
0.0	4.800000000000001
0.0	4.9
0.0	5.0
0.0	5.1000000000000005
0.0	5.2
0.0	5.300000000000001
0.0	5.4
0.0	5.5
0.0	5.6000000000000005
0.0	5.7
0.0	5.800000000000001
