a = 14431.303503102747 м
b = 8937.946364442932 м
x0 = 11564.821689221375 м
vr = 1731.7182160094055 м/с
A0 = 0.8578592709903292 м
Xmax = 17103.05323275115 м
sigmaX = 4447.125159942637 м
sigmaY = 4253.240233591956 м
M0 = 1.6407485131879627e+19 Н*м - интегральное значение сейсмического момента
Mr_max = 3.2331411888211635e+18 Н*м/с - максимальное значение функции источника
1-ый столбец - источника
2-ой столбец - время
0.0	0.0
1026201824360316.8	0.1
1.4176755539398869e+17	0.2
2.8427891410549104e+17	0.30000000000000004
4.234486118316823e+17	0.4
5.6713906256574726e+17	0.5
7.052294601895814e+17	0.6000000000000001
8.359638038949907e+17	0.7000000000000001
9.63939029778165e+17	0.8
1.1123990484935196e+18	0.9
1.235771092862744e+18	1.0
1.3704744858614172e+18	1.1
1.4947769609060001e+18	1.2000000000000002
1.607859190132178e+18	1.3
1.7339585963709059e+18	1.4000000000000001
1.8301298967299428e+18	1.5
1.9639087931055462e+18	1.6
2.0720293872153185e+18	1.7000000000000002
2.1838006282305298e+18	1.8
2.2746076278853514e+18	1.9000000000000001
2.376027414746381e+18	2.0
2.487852774011553e+18	2.1
2.5633860913128033e+18	2.2
2.649700319821551e+18	2.3000000000000003
2.698832626655763e+18	2.4000000000000004
2.787754372338729e+18	2.5
2.8373983020255073e+18	2.6
2.941577502584822e+18	2.7
2.9668689904143795e+18	2.8000000000000003
3.039038123328518e+18	2.9000000000000004
3.0782871220425426e+18	3.0
3.1452925640213437e+18	3.1
3.181596909040496e+18	3.2
3.160672029275571e+18	3.3000000000000003
3.2166916495249736e+18	3.4000000000000004
3.20015084110242e+18	3.5
3.222744411900005e+18	3.6
3.2113206909218386e+18	3.7
3.2137207705897605e+18	3.8000000000000003
3.2331411888211635e+18	3.9000000000000004
3.185639242806634e+18	4.0
3.1892075690993464e+18	4.1000000000000005
3.154765746501091e+18	4.2
3.1450548229884687e+18	4.3
3.083008523546674e+18	4.4
3.060529613204448e+18	4.5
3.0470028368788193e+18	4.6000000000000005
2.966560658854649e+18	4.7
2.932416104191404e+18	4.800000000000001
2.840942446829095e+18	4.9
2.79045927364949e+18	5.0
2.6979146745412577e+18	5.1000000000000005
2.6065599349133993e+18	5.2
2.4852168292803773e+18	5.300000000000001
2.42619687851433e+18	5.4
2.30794703204722e+18	5.5
2.2473985421820265e+18	5.6000000000000005
2.1528511644429217e+18	5.7
2.0471633679403697e+18	5.800000000000001
1.9795738207196378e+18	5.9
1.8743443005351212e+18	6.0
1.7938974910062067e+18	6.1000000000000005
1.708252208779929e+18	6.2
1.6301616878900861e+18	6.300000000000001
1.5452930451953265e+18	6.4
1.4692863939258368e+18	6.5
1.392858146733306e+18	6.6000000000000005
1.3016582536703636e+18	6.7
1.2317049909983447e+18	6.800000000000001
1.1583410659933015e+18	6.9
1.075560221336727e+18	7.0
1.0198434845213197e+18	7.1000000000000005
9.551811937440379e+17	7.2
8.81856943110121e+17	7.300000000000001
8.203619666422628e+17	7.4
7.660660128347763e+17	7.5
7.14209809703369e+17	7.6000000000000005
6.614282639633037e+17	7.7
6.09127063001851e+17	7.800000000000001
5.5924069258804326e+17	7.9
5.0572779587448685e+17	8.0
4.7486077513756506e+17	8.1
4.285747788386055e+17	8.200000000000001
3.946466185370369e+17	8.3
3.547960779130694e+17	8.4
3.2258127632274746e+17	8.5
2.898037272663783e+17	8.6
2.603148524843786e+17	8.700000000000001
2.353818192557338e+17	8.8
2.0954759880626125e+17	8.9
1.8453862867579702e+17	9.0
1.6341380725201322e+17	9.1
1.4414367361582115e+17	9.200000000000001
1.2583331059185509e+17	9.3
1.0840977696911848e+17	9.4
9.15381208355336e+16	9.5
7.736632192250928e+16	9.600000000000001
6.3020817016646584e+16	9.700000000000001
5.01581026286936e+16	9.8
3.712203411621358e+16	9.9
2.34260435729509e+16	10.0
0.0	10.100000000000001
0.0	10.200000000000001
0.0	10.3
0.0	10.4
0.0	10.5
0.0	10.600000000000001
0.0	10.700000000000001
0.0	10.8
0.0	10.9
