a = 10641.201557399743 м
b = 6760.960773313787 м
x0 = 2131.9412582193368 м
vr = 1628.4290450949259 м/с
A0 = 1.3085741180517518 м
Xmax = 10080.135510636355 м
sigmaX = 4079.4926222028175 м
sigmaY = 4147.61634758409 м
M0 = 1.9933666951948313e+19 Н*м - интегральное значение сейсмического момента
Mr_max = 3.561779526096643e+18 Н*м/с - максимальное значение функции источника
1-ый столбец - источника
2-ой столбец - время
0.0	0.0
479738719555222.44	0.1
6.288316652162568e+16	0.2
1.250315837699217e+17	0.30000000000000004
1.8900015982735453e+17	0.4
2.5278663259026355e+17	0.5
3.157618554501055e+17	0.6000000000000001
3.808134241383934e+17	0.7000000000000001
4.457249959843587e+17	0.8
5.100807729463309e+17	0.9
5.798840905277729e+17	1.0
6.497763312791379e+17	1.1
7.250982666047977e+17	1.2000000000000002
8.012590456662205e+17	1.3
8.789297975922619e+17	1.4000000000000001
9.19275417773046e+17	1.5
9.759093485369951e+17	1.6
1.0397048072305167e+18	1.7000000000000002
1.1278060614059796e+18	1.8
1.203212475811463e+18	1.9000000000000001
1.271928548918784e+18	2.0
1.3787004573839685e+18	2.1
1.4460563235886625e+18	2.2
1.551453426054824e+18	2.3000000000000003
1.6403652832570342e+18	2.4000000000000004
1.7292615587795937e+18	2.5
1.829410155216151e+18	2.6
1.9169620585902812e+18	2.7
1.997753518364351e+18	2.8000000000000003
2.1152152031669468e+18	2.9000000000000004
2.2146542748332987e+18	3.0
2.2821984787180116e+18	3.1
2.397359538851679e+18	3.2
2.4751840322480113e+18	3.3000000000000003
2.56990987961526e+18	3.4000000000000004
2.6613963066388465e+18	3.5
2.7986374786570516e+18	3.6
2.8369552546253824e+18	3.7
2.936759259038472e+18	3.8000000000000003
2.9902668016025016e+18	3.9000000000000004
3.0824731699735603e+18	4.0
3.158927393363887e+18	4.1000000000000005
3.2543984417626127e+18	4.2
3.25794648767084e+18	4.3
3.324548406321722e+18	4.4
3.3315008571077745e+18	4.5
3.393035979371278e+18	4.6000000000000005
3.457795062633332e+18	4.7
3.502113977582165e+18	4.800000000000001
3.5118622727878395e+18	4.9
3.491431046322805e+18	5.0
3.561779526096643e+18	5.1000000000000005
3.535969796998899e+18	5.2
3.515075244444772e+18	5.300000000000001
3.5539586560180884e+18	5.4
3.502505196599756e+18	5.5
3.504012559737734e+18	5.6000000000000005
3.4365661782238986e+18	5.7
3.4428637095374715e+18	5.800000000000001
3.4159862574767795e+18	5.9
3.376470802964091e+18	6.0
3.3157128421732475e+18	6.1000000000000005
3.2158505971126267e+18	6.2
3.1645852829039483e+18	6.300000000000001
3.1246657162048645e+18	6.4
3.080306970980541e+18	6.5
2.9901548323839805e+18	6.6000000000000005
2.900884402073702e+18	6.7
2.808146163771403e+18	6.800000000000001
2.729100398262047e+18	6.9
2.652660915539068e+18	7.0
2.584801902453905e+18	7.1000000000000005
2.451045472110525e+18	7.2
2.3673384035174646e+18	7.300000000000001
2.2832432540086003e+18	7.4
2.2024531344005798e+18	7.5
2.1063702795053033e+18	7.6000000000000005
2.0154210547640305e+18	7.7
1.929576199123059e+18	7.800000000000001
1.841615860473964e+18	7.9
1.7431123371610253e+18	8.0
1.6576646016129293e+18	8.1
1.5778001205458258e+18	8.200000000000001
1.485720834878562e+18	8.3
1.3876673585985533e+18	8.4
1.3132034965328622e+18	8.5
1.2440561113348634e+18	8.6
1.1527650825385248e+18	8.700000000000001
1.0837685243564897e+18	8.8
1.012345426250109e+18	8.9
9.431912111974826e+17	9.0
8.769926613107553e+17	9.1
8.167758962502518e+17	9.200000000000001
7.633848268031214e+17	9.3
6.921402767372015e+17	9.4
6.414240216482449e+17	9.5
5.890045032727999e+17	9.600000000000001
5.3944320208655366e+17	9.700000000000001
4.942566032961784e+17	9.8
4.5072123001964474e+17	9.9
4.1102490588321594e+17	10.0
3.7089410824696736e+17	10.100000000000001
3.343405895115822e+17	10.200000000000001
3.021723736892457e+17	10.3
2.7182440323434653e+17	10.4
2.4199729703870653e+17	10.5
2.144320418014414e+17	10.600000000000001
1.9088780500174666e+17	10.700000000000001
1.678698769109801e+17	10.8
1.4818748399137648e+17	10.9
1.285572464099675e+17	11.0
1.1016867165427555e+17	11.100000000000001
9.464685990008882e+16	11.200000000000001
7.908188200411358e+16	11.3
6.5658356385492104e+16	11.4
5.330686800938215e+16	11.5
4.1271823377442024e+16	11.600000000000001
2.9406537343670744e+16	11.700000000000001
1.650154737290848e+16	11.8
0.0	11.9
0.0	12.0
0.0	12.100000000000001
0.0	12.200000000000001
0.0	12.3
0.0	12.4
0.0	12.5
0.0	12.600000000000001
0.0	12.700000000000001
