a = 12749.520559677267 м
b = 13386.512100890097 м
x0 = 4421.048211995328 м
vr = 2285.170479641488 м/с
A0 = 0.4378603727396384 м
Xmax = 16097.410587764496 м
sigmaX = 4241.042858463529 м
sigmaY = 4971.279145533416 м
M0 = 9.030303934882733e+18 Н*м - интегральное значение сейсмического момента
Mr_max = 2.0631711566410831e+18 Н*м/с - максимальное значение функции источника
1-ый столбец - источника
2-ой столбец - время
0.0	0.0
34000170369409.934	0.1
6245645167162224.0	0.2
1.2546804496988044e+16	0.30000000000000004
1.9270973495879972e+16	0.4
2.6299848017532064e+16	0.5
3.3891173627306308e+16	0.6000000000000001
4.214154591285921e+16	0.7000000000000001
5.17602474178475e+16	0.8
6.223573027693856e+16	0.9
7.365986286468776e+16	1.0
8.670614090361584e+16	1.1
1.0103122873010936e+17	1.2000000000000002
1.1771409282831624e+17	1.3
1.364227804669956e+17	1.4000000000000001
1.5442996989444906e+17	1.5
1.7736396055815616e+17	1.6
2.015600953542491e+17	1.7000000000000002
2.2851369118390874e+17	1.8
2.5884307306368054e+17	1.9000000000000001
2.8946669040817197e+17	2.0
3.246582536222751e+17	2.1
3.6192064623761114e+17	2.2
4.0387367468112774e+17	2.3000000000000003
4.442702746582741e+17	2.4000000000000004
4.8713778429133965e+17	2.5
5.3880598012322726e+17	2.6
5.953586851265862e+17	2.7
6.502690043995406e+17	2.8000000000000003
6.965796723004822e+17	2.9000000000000004
7.658418252082831e+17	3.0
8.253367229281025e+17	3.1
8.926709719029938e+17	3.2
9.557587332092749e+17	3.3000000000000003
1.0215298586391075e+18	3.4000000000000004
1.0935737619842419e+18	3.5
1.1539559144301222e+18	3.6
1.2240122889022034e+18	3.7
1.3076401163075395e+18	3.8000000000000003
1.376903641267834e+18	3.9000000000000004
1.4195455445818888e+18	4.0
1.519503476351987e+18	4.1000000000000005
1.5696069629785155e+18	4.2
1.6353990057371722e+18	4.3
1.7060351090890332e+18	4.4
1.749146506428829e+18	4.5
1.7952350262726362e+18	4.6000000000000005
1.855890224907154e+18	4.7
1.9099082112703974e+18	4.800000000000001
1.9445023227128845e+18	4.9
1.983661737281478e+18	5.0
1.9925309876481871e+18	5.1000000000000005
2.0345845778398597e+18	5.2
2.0410824492777436e+18	5.300000000000001
2.0583903913895242e+18	5.4
2.0631711566410831e+18	5.5
2.0493727047303982e+18	5.6000000000000005
2.0559665781329295e+18	5.7
2.0383191913861043e+18	5.800000000000001
2.0202482820330015e+18	5.9
1.9903036531466086e+18	6.0
1.9494342373972536e+18	6.1000000000000005
1.9418215676840297e+18	6.2
1.8954990761457902e+18	6.300000000000001
1.840811467248158e+18	6.4
1.7814169789835558e+18	6.5
1.7336892446369976e+18	6.6000000000000005
1.67730358616996e+18	6.7
1.6129231683602493e+18	6.800000000000001
1.5496423549622945e+18	6.9
1.4868510555336056e+18	7.0
1.4128054416509565e+18	7.1000000000000005
1.3483961568970025e+18	7.2
1.2754109321201902e+18	7.300000000000001
1.2094065606631967e+18	7.4
1.134651617437794e+18	7.5
1.062266174353547e+18	7.6000000000000005
9.986699897535729e+17	7.7
9.315767617717727e+17	7.800000000000001
8.637476915403232e+17	7.9
7.976649143828216e+17	8.0
7.336732296945903e+17	8.1
6.713419270386356e+17	8.200000000000001
6.163087121011254e+17	8.3
5.575007918477239e+17	8.4
4.9510292207882003e+17	8.5
4.4431846811910214e+17	8.6
3.9174223041307475e+17	8.700000000000001
3.4274015948029216e+17	8.8
2.907136500535897e+17	8.9
2.40572947730472e+17	9.0
1.908346798033778e+17	9.1
1.3428301933878182e+17	9.200000000000001
5.727816853789032e+16	9.3
0.0	9.4
0.0	9.5
0.0	9.600000000000001
0.0	9.700000000000001
0.0	9.8
0.0	9.9
0.0	10.0
0.0	10.100000000000001
0.0	10.200000000000001
0.0	10.3
0.0	10.4
0.0	10.5
0.0	10.600000000000001
0.0	10.700000000000001
