a = 8883.547311273698 м
b = 11283.827640546486 м
x0 = 7389.382961737812 м
vr = 2066.4517830587647 м/с
A0 = 0.9879146728931671 м
Xmax = 6656.375242739091 м
sigmaX = 4320.067425897812 м
sigmaY = 4284.571155542923 м
M0 = 1.7308081268721353e+19 Н*м - интегральное значение сейсмического момента
Mr_max = 5.700589767543289e+18 Н*м/с - максимальное значение функции источника
1-ый столбец - источника
2-ой столбец - время
0.0	0.0
3018379575418397.5	0.1
5.0042162290693075e+17	0.2
9.822960609455178e+17	0.30000000000000004
1.4727910025045885e+18	0.4
1.929259544126878e+18	0.5
2.3848408455002685e+18	0.6000000000000001
2.789385558902236e+18	0.7000000000000001
3.169722637079447e+18	0.8
3.5704725821737196e+18	0.9
3.905701704033616e+18	1.0
4.2363179802802063e+18	1.1
4.5127677590912307e+18	1.2000000000000002
4.790962207018981e+18	1.3
5.029181137857715e+18	1.4000000000000001
5.168639070108513e+18	1.5
5.369455661654661e+18	1.6
5.523110499708948e+18	1.7000000000000002
5.627823625819999e+18	1.8
5.674242182069315e+18	1.9000000000000001
5.700589767543289e+18	2.0
5.676282957848107e+18	2.1
5.688966235454108e+18	2.2
5.601347422598929e+18	2.3000000000000003
5.597798434820056e+18	2.4000000000000004
5.461367495810526e+18	2.5
5.361408647885606e+18	2.6
5.249374187018368e+18	2.7
5.067788033915449e+18	2.8000000000000003
4.930542945241139e+18	2.9000000000000004
4.703775565120892e+18	3.0
4.5837354321740165e+18	3.1
4.395825773753386e+18	3.2
4.192891138892153e+18	3.3000000000000003
4.0048181073201807e+18	3.4000000000000004
3.793172968052454e+18	3.5
3.5985587694173466e+18	3.6
3.124614304206682e+18	3.7
2.661556236140784e+18	3.8000000000000003
2.332058225562984e+18	3.9000000000000004
2.0703876207606876e+18	4.0
1.8252593557259868e+18	4.1000000000000005
1.613078961445497e+18	4.2
1.438242237413624e+18	4.3
1.2676717661907525e+18	4.4
1.1272270831216252e+18	4.5
9.828215807775748e+17	4.6000000000000005
8.687770623316314e+17	4.7
7.588897501742903e+17	4.800000000000001
6.616669246799955e+17	4.9
5.760835584182454e+17	5.0
4.9741391238137894e+17	5.1000000000000005
3.5717719405168096e+17	5.2
2.643993496243404e+17	5.300000000000001
1.9385817014689533e+17	5.4
1.3305579840066485e+17	5.5
7.791965143398101e+16	5.6000000000000005
0.0	5.7
0.0	5.800000000000001
0.0	5.9
0.0	6.0
0.0	6.1000000000000005
0.0	6.2
0.0	6.300000000000001
0.0	6.4
0.0	6.5
0.0	6.6000000000000005
0.0	6.7
0.0	6.800000000000001
0.0	6.9
0.0	7.0
0.0	7.1000000000000005
0.0	7.2
0.0	7.300000000000001
0.0	7.4
0.0	7.5
0.0	7.6000000000000005
0.0	7.7
0.0	7.800000000000001
0.0	7.9
0.0	8.0
0.0	8.1
0.0	8.200000000000001
0.0	8.3
