a = 14526.071392948217 м
b = 17313.97908123584 м
x0 = 7719.411998871672 м
vr = 1807.475655353238 м/с
A0 = 2.0797580657836607 м
Xmax = 15490.861274324388 м
sigmaX = 4265.166977687466 м
sigmaY = 4001.4183084807846 м
M0 = 3.780291254180015e+19 Н*м - интегральное значение сейсмического момента
Mr_max = 6.939888365056837e+18 Н*м/с - максимальное значение функции источника
1-ый столбец - источника
2-ой столбец - время
0.0	0.0
1072425051979973.0	0.1
1.568187339748509e+17	0.2
3.132066477667224e+17	0.30000000000000004
4.6571361711670765e+17	0.4
6.242472575484449e+17	0.5
7.811492282341623e+17	0.6000000000000001
9.395772783278495e+17	0.7000000000000001
1.0929203453193151e+18	0.8
1.2631302149735473e+18	0.9
1.4357950685971955e+18	1.0
1.586941104223121e+18	1.1
1.7630792832738857e+18	1.2000000000000002
1.9510447814197468e+18	1.3
2.1229968351646088e+18	1.4000000000000001
2.2942337508628772e+18	1.5
2.487602253036167e+18	1.6
2.6551196022563727e+18	1.7000000000000002
2.844738332000318e+18	1.8
3.0580020434529546e+18	1.9000000000000001
3.2490556992473016e+18	2.0
3.415543028029869e+18	2.1
3.607008398175042e+18	2.2
3.822271655717579e+18	2.3000000000000003
4.0261923683465037e+18	2.4000000000000004
4.2371594966985933e+18	2.5
4.4028905860270285e+18	2.6
4.61730870342724e+18	2.7
4.812739774603216e+18	2.8000000000000003
4.997378447050631e+18	2.9000000000000004
5.143964306651544e+18	3.0
5.383930073537006e+18	3.1
5.566144720032276e+18	3.2
5.727050138795856e+18	3.3000000000000003
5.776849447831186e+18	3.4000000000000004
5.923518136781914e+18	3.5
6.114457770257567e+18	3.6
6.34640396001271e+18	3.7
6.430303908436286e+18	3.8000000000000003
6.56478568281362e+18	3.9000000000000004
6.576218718355241e+18	4.0
6.676853102505528e+18	4.1000000000000005
6.736578966399027e+18	4.2
6.779625929172922e+18	4.3
6.85675453935256e+18	4.4
6.907194465559028e+18	4.5
6.900045169283314e+18	4.6000000000000005
6.901531002209141e+18	4.7
6.920967395179195e+18	4.800000000000001
6.939888365056837e+18	4.9
6.810752394458526e+18	5.0
6.794020903081771e+18	5.1000000000000005
6.73397604024731e+18	5.2
6.629546323252334e+18	5.300000000000001
6.692023171346188e+18	5.4
6.550087265263903e+18	5.5
6.456921708852355e+18	5.6000000000000005
6.356516188331763e+18	5.7
6.136944645707979e+18	5.800000000000001
5.973623698032024e+18	5.9
5.906935590352034e+18	6.0
5.796371764393986e+18	6.1000000000000005
5.587692243322343e+18	6.2
5.415203807836908e+18	6.300000000000001
5.244554895274063e+18	6.4
5.066958935523207e+18	6.5
4.924132915456342e+18	6.6000000000000005
4.761521182599704e+18	6.7
4.538571846292121e+18	6.800000000000001
4.3602005514944445e+18	6.9
4.187927100888038e+18	7.0
3.995784034960451e+18	7.1000000000000005
3.841956732853853e+18	7.2
3.631788303542e+18	7.300000000000001
3.4734041369518e+18	7.4
3.289857095228637e+18	7.5
3.0900833198394194e+18	7.6000000000000005
2.95037054079701e+18	7.7
2.7921986105130163e+18	7.800000000000001
2.6163058517191613e+18	7.9
2.466415649375363e+18	8.0
2.342350958369039e+18	8.1
2.180875992908019e+18	8.200000000000001
2.0191153962497718e+18	8.3
1.891920149088294e+18	8.4
1.7622555301011668e+18	8.5
1.6412465040022735e+18	8.6
1.5376923975568942e+18	8.700000000000001
1.4186614322989573e+18	8.8
1.2988990699055148e+18	8.9
1.2004401408210207e+18	9.0
1.1155318672181084e+18	9.1
1.0288023767241053e+18	9.200000000000001
9.392668761720106e+17	9.3
8.641222032265955e+17	9.4
7.906513976456178e+17	9.5
7.224279441398639e+17	9.600000000000001
6.581958758908687e+17	9.700000000000001
5.988921417231619e+17	9.8
5.4204939569409216e+17	9.9
4.96088125705584e+17	10.0
4.441884365518166e+17	10.100000000000001
4.016661991959226e+17	10.200000000000001
3.6242780229338976e+17	10.3
3.279436487546386e+17	10.4
2.931754880513489e+17	10.5
2.6290717220197286e+17	10.600000000000001
2.351805022210481e+17	10.700000000000001
2.1024361178712726e+17	10.8
1.8799931952270208e+17	10.9
1.670998657817332e+17	11.0
1.484211629764217e+17	11.100000000000001
1.323267159533758e+17	11.200000000000001
1.1696454518487475e+17	11.3
1.0272223355900782e+17	11.4
9.049945752681206e+16	11.5
7.91366447942802e+16	11.600000000000001
6.850144186337928e+16	11.700000000000001
5.730099429459448e+16	11.8
2.028419411129521e+16	11.9
0.0	12.0
0.0	12.100000000000001
0.0	12.200000000000001
0.0	12.3
0.0	12.4
0.0	12.5
0.0	12.600000000000001
0.0	12.700000000000001
0.0	12.8
0.0	12.9
0.0	13.0
0.0	13.100000000000001
0.0	13.200000000000001
0.0	13.3
0.0	13.4
0.0	13.5
0.0	13.600000000000001
0.0	13.700000000000001
0.0	13.8
0.0	13.9
0.0	14.0
0.0	14.100000000000001
0.0	14.200000000000001
0.0	14.3
0.0	14.4
0.0	14.5
0.0	14.600000000000001
0.0	14.700000000000001
0.0	14.8
0.0	14.9
0.0	15.0
0.0	15.100000000000001
0.0	15.200000000000001
0.0	15.3
0.0	15.4
0.0	15.5
0.0	15.600000000000001
0.0	15.700000000000001
0.0	15.8
