a = 5268.170760749041 м
b = 3517.250215970152 м
x0 = 183.83960714897316 м
vr = 1566.2906203193663 м/с
A0 = 1.5697562622025039 м
Xmax = 5160.540173728882 м
sigmaX = 4484.638582832117 м
sigmaY = 4560.345914154745 м
M0 = 1.2046761078197707e+19 Н*м - интегральное значение сейсмического момента
Mr_max = 2.761298698727932e+18 Н*м/с - максимальное значение функции источника
1-ый столбец - источника
2-ой столбец - время
0.0	0.0
1993001224048930.5	0.1
2.532489044366513e+17	0.2
3.45098771142157e+17	0.30000000000000004
4.621813855155043e+17	0.4
5.890163352028676e+17	0.5
6.992708715216731e+17	0.6000000000000001
8.275422761733545e+17	0.7000000000000001
9.675114663162287e+17	0.8
1.0713219758070921e+18	0.9
1.2025976612172436e+18	1.0
1.3136425445472978e+18	1.1
1.4026347549387392e+18	1.2000000000000002
1.5345761020377876e+18	1.3
1.6449844595792453e+18	1.4000000000000001
1.7237959695764823e+18	1.5
1.8852927417626435e+18	1.6
1.97387005124479e+18	1.7000000000000002
2.07063098351835e+18	1.8
2.1146565185218732e+18	1.9000000000000001
2.214491964216861e+18	2.0
2.2879204502755753e+18	2.1
2.3352033159460413e+18	2.2
2.4677439390331346e+18	2.3000000000000003
2.5059913014836644e+18	2.4000000000000004
2.5661073270979144e+18	2.5
2.5996871641576397e+18	2.6
2.634846363809299e+18	2.7
2.681844780229351e+18	2.8000000000000003
2.656788004595041e+18	2.9000000000000004
2.742659629623363e+18	3.0
2.736878025676958e+18	3.1
2.761298698727932e+18	3.2
2.7411436755863644e+18	3.3000000000000003
2.732353900466259e+18	3.4000000000000004
2.7479274560645535e+18	3.5
2.7350433961814953e+18	3.6
2.7082423563261046e+18	3.7
2.6619383819106007e+18	3.8000000000000003
2.6562305012243087e+18	3.9000000000000004
2.6477334459265126e+18	4.0
2.6501211914576056e+18	4.1000000000000005
2.5519271480024387e+18	4.2
2.5689783341176883e+18	4.3
2.4459005766172595e+18	4.4
2.392157104965604e+18	4.5
2.354954820998666e+18	4.6000000000000005
2.2684238587116116e+18	4.7
2.2085567927233728e+18	4.800000000000001
2.1123998932353016e+18	4.9
2.032277212144552e+18	5.0
1.9575242660901466e+18	5.1000000000000005
1.8546497903256256e+18	5.2
1.78753079336863e+18	5.300000000000001
1.7112604019583276e+18	5.4
1.6220352445250312e+18	5.5
1.5116104953395896e+18	5.6000000000000005
1.420918462023895e+18	5.7
1.342034145776066e+18	5.800000000000001
1.2201102002591567e+18	5.9
1.1189976303638218e+18	6.0
1.0144586208486839e+18	6.1000000000000005
9.053478972752952e+17	6.2
7.929039289562017e+17	6.300000000000001
6.738018914913596e+17	6.4
5.4174573685031494e+17	6.5
3.8384584922350874e+17	6.6000000000000005
1.1719764148431978e+17	6.7
0.0	6.800000000000001
0.0	6.9
0.0	7.0
0.0	7.1000000000000005
0.0	7.2
0.0	7.300000000000001
0.0	7.4
0.0	7.5
0.0	7.6000000000000005
