a = 10200.027144591155 м
b = 10642.534915238579 м
x0 = 7677.626592032799 м
vr = 1986.3213400238249 м/с
A0 = 1.2427830708053431 м
Xmax = 8187.421793509093 м
sigmaX = 4625.544461024493 м
sigmaY = 4855.105951948476 м
M0 = 2.6700717009995887e+19 Н*м - интегральное значение сейсмического момента
Mr_max = 7.815453099960506e+18 Н*м/с - максимальное значение функции источника
1-ый столбец - источника
2-ой столбец - время
0.0	0.0
3680636522112724.5	0.1
5.847361658995739e+17	0.2
1.1626675663621586e+18	0.30000000000000004
1.7201044436012037e+18	0.4
2.2757504353270198e+18	0.5
2.809042164599731e+18	0.6000000000000001
3.32019576994875e+18	0.7000000000000001
3.8184570559001124e+18	0.8
4.273218693001784e+18	0.9
4.687287011134543e+18	1.0
5.17187471384923e+18	1.1
5.555289525347425e+18	1.2000000000000002
5.890027172336729e+18	1.3
6.293345114400283e+18	1.4000000000000001
6.483661531245088e+18	1.5
6.725453751365601e+18	1.6
7.07052803433554e+18	1.7000000000000002
7.197566177063289e+18	1.8
7.381744595453488e+18	1.9000000000000001
7.479469046193136e+18	2.0
7.519808010500252e+18	2.1
7.687383844860276e+18	2.2
7.756965284718899e+18	2.3000000000000003
7.815453099960506e+18	2.4000000000000004
7.679441793487368e+18	2.5
7.610161083153762e+18	2.6
7.538736408210011e+18	2.7
7.521967784673541e+18	2.8000000000000003
7.378564379369591e+18	2.9000000000000004
7.242102909162369e+18	3.0
7.012636885063116e+18	3.1
6.822356021456492e+18	3.2
6.707367147174616e+18	3.3000000000000003
6.519418851816467e+18	3.4000000000000004
6.329558805548415e+18	3.5
6.04821388670469e+18	3.6
5.819231498256774e+18	3.7
5.561414043200746e+18	3.8000000000000003
5.348734101420948e+18	3.9000000000000004
4.85539911087652e+18	4.0
4.318308456742489e+18	4.1000000000000005
3.8963627110969564e+18	4.2
3.5579157849555133e+18	4.3
3.2584732051199923e+18	4.4
2.979767697210409e+18	4.5
2.7226052057397714e+18	4.6000000000000005
2.4418646171736837e+18	4.7
2.236121614719993e+18	4.800000000000001
2.0378120078390423e+18	4.9
1.8225487455267008e+18	5.0
1.6527284710128412e+18	5.1000000000000005
1.4674100982189422e+18	5.2
1.305442161080938e+18	5.300000000000001
1.1601397550324805e+18	5.4
1.019198919544393e+18	5.5
8.983622597376078e+17	5.6000000000000005
7.726179604918597e+17	5.7
6.610337539516607e+17	5.800000000000001
5.576232789646359e+17	5.9
4.634651432334752e+17	6.0
3.8048931079682586e+17	6.1000000000000005
3.07433702154532e+17	6.2
2.2744363243798582e+17	6.300000000000001
1.491161707652228e+17	6.4
3.3870882908716824e+16	6.5
0.0	6.6000000000000005
0.0	6.7
0.0	6.800000000000001
0.0	6.9
0.0	7.0
0.0	7.1000000000000005
0.0	7.2
0.0	7.300000000000001
0.0	7.4
0.0	7.5
0.0	7.6000000000000005
0.0	7.7
0.0	7.800000000000001
