a = 10050.670120242354 м
b = 8818.207820146925 м
x0 = 8323.265228744503 м
vr = 1994.2834731712692 м/с
A0 = 1.3653224507846646 м
Xmax = 9171.787178862689 м
sigmaX = 4517.117345219185 м
sigmaY = 4449.296100598143 м
M0 = 2.6021274420255343e+19 Н*м - интегральное значение сейсмического момента
Mr_max = 8.056206639951051e+18 Н*м/с - максимальное значение функции источника
1-ый столбец - источника
2-ой столбец - время
0.0	0.0
4013122386159339.5	0.1
6.374690095564657e+17	0.2
1.263090587309418e+18	0.30000000000000004
1.881747645383343e+18	0.4
2.4419226324280765e+18	0.5
3.086671199622572e+18	0.6000000000000001
3.6265148666333245e+18	0.7000000000000001
4.1599100564403753e+18	0.8
4.661390254929869e+18	0.9
5.103520982954278e+18	1.0
5.576523932204521e+18	1.1
5.994430942176141e+18	1.2000000000000002
6.356201702860647e+18	1.3
6.660351820362401e+18	1.4000000000000001
6.948874986839976e+18	1.5
7.18032644086192e+18	1.6
7.445150005874376e+18	1.7000000000000002
7.604934313056269e+18	1.8
7.80830093872557e+18	1.9000000000000001
7.847762432769299e+18	2.0
7.954781030574249e+18	2.1
7.904011488625658e+18	2.2
8.056206639951051e+18	2.3000000000000003
7.953589082119681e+18	2.4000000000000004
7.878228622708702e+18	2.5
7.771583285425093e+18	2.6
7.647046646214102e+18	2.7
7.546978019036854e+18	2.8000000000000003
7.396611349694619e+18	2.9000000000000004
7.174818467996399e+18	3.0
7.002098739401627e+18	3.1
6.747710351150765e+18	3.2
6.583466671890643e+18	3.3000000000000003
6.304251252356012e+18	3.4000000000000004
6.093775916396577e+18	3.5
5.772020433322129e+18	3.6
5.509719081802007e+18	3.7
5.286464981603153e+18	3.8000000000000003
5.01881568821531e+18	3.9000000000000004
4.747882353226964e+18	4.0
4.4963047478111165e+18	4.1000000000000005
4.1987836451026104e+18	4.2
2.7654956867771023e+18	4.3
2.3685971372661837e+18	4.4
2.0932616605227569e+18	4.5
1.8258282160581097e+18	4.6000000000000005
1.5993593479064404e+18	4.7
1.4037109149450353e+18	4.800000000000001
1.2226302083707922e+18	4.9
1.0679037813796934e+18	5.0
9.157176942491055e+17	5.1000000000000005
7.893308335795854e+17	5.2
6.755048196757444e+17	5.300000000000001
5.688038367813183e+17	5.4
4.761653648159683e+17	5.5
3.8566752233969414e+17	5.6000000000000005
3.048556037920737e+17	5.7
2.2913922494442387e+17	5.800000000000001
1.5070289892928938e+17	5.9
3.5813082219768224e+16	6.0
0.0	6.1000000000000005
0.0	6.2
0.0	6.300000000000001
0.0	6.4
0.0	6.5
0.0	6.6000000000000005
0.0	6.7
0.0	6.800000000000001
0.0	6.9
