a = 13748.32573623936 м
b = 17768.191532359266 м
x0 = 805.6820726496744 м
vr = 2210.9292301278647 м/с
A0 = 0.6283767968200854 м
Xmax = 16550.42060477651 м
sigmaX = 4860.706789636989 м
sigmaY = 4814.6616763437 м
M0 = 1.4473598878506924e+19 Н*м - интегральное значение сейсмического момента
Mr_max = 2.7351354645104865e+18 Н*м/с - максимальное значение функции источника
1-ый столбец - источника
2-ой столбец - время
0.0	0.0
11009171115125.629	0.1
1968297944986147.8	0.2
3948483019394621.0	0.30000000000000004
6047786494980259.0	0.4
7720081413808502.0	0.5
9569057448936268.0	0.6000000000000001
1.1822755437861946e+16	0.7000000000000001
1.4505498145711194e+16	0.8
1.7559202602282288e+16	0.9
2.1303350354013184e+16	1.0
2.543559876903655e+16	1.1
2.9851291700366056e+16	1.2000000000000002
3.538798612039532e+16	1.3
4.1656488429947576e+16	1.4000000000000001
4.903927835405034e+16	1.5
5.689228430320768e+16	1.6
6.5654687119031384e+16	1.7000000000000002
7.520815310714451e+16	1.8
8.580205032473701e+16	1.9000000000000001
9.86883445293422e+16	2.0
1.1127951330606243e+17	2.1
1.2729408490405827e+17	2.2
1.4374862099018914e+17	2.3000000000000003
1.625092294198365e+17	2.4000000000000004
1.811696890940734e+17	2.5
2.019356565135584e+17	2.6
2.250899269622391e+17	2.7
2.5211044682252074e+17	2.8000000000000003
2.8163737529429843e+17	2.9000000000000004
3.1234087965577235e+17	3.0
3.44490850197876e+17	3.1
3.799786961852715e+17	3.2
4.1509593563493555e+17	3.3000000000000003
4.553517529537864e+17	3.4000000000000004
4.980390969834206e+17	3.5
5.4720414055560557e+17	3.6
5.880779184872731e+17	3.7
6.410796112235059e+17	3.8000000000000003
6.954346733560105e+17	3.9000000000000004
7.547430048470673e+17	4.0
8.095257164855055e+17	4.1000000000000005
8.628311723661932e+17	4.2
9.295862571951501e+17	4.3
9.907889500778262e+17	4.4
1.0657423713681385e+18	4.5
1.1386646928174423e+18	4.6000000000000005
1.21793772023486e+18	4.7
1.2843100985277763e+18	4.800000000000001
1.3475459324194017e+18	4.9
1.4295110596232566e+18	5.0
1.4953462079309914e+18	5.1000000000000005
1.5946434989830195e+18	5.2
1.6669619196577157e+18	5.300000000000001
1.7436329618222976e+18	5.4
1.813280364362174e+18	5.5
1.8849446957769846e+18	5.6000000000000005
1.9580160975425134e+18	5.7
2.059383851266077e+18	5.800000000000001
2.0981933539053215e+18	5.9
2.187824254018665e+18	6.0
2.239036356543517e+18	6.1000000000000005
2.3125121621054546e+18	6.2
2.3787012994482847e+18	6.300000000000001
2.41948532957047e+18	6.4
2.480978613078126e+18	6.5
2.5217790991727764e+18	6.6000000000000005
2.554518554190359e+18	6.7
2.6232376824700257e+18	6.800000000000001
2.625885514899577e+18	6.9
2.661735930859158e+18	7.0
2.6960923345800596e+18	7.1000000000000005
2.723051192740114e+18	7.2
2.71946689249186e+18	7.300000000000001
2.7351354645104865e+18	7.4
2.7104222975315384e+18	7.5
2.7171615290332134e+18	7.6000000000000005
2.7092300374216704e+18	7.7
2.6714956525660667e+18	7.800000000000001
2.6691536053057147e+18	7.9
2.645104976259207e+18	8.0
2.601991086910999e+18	8.1
2.587467381459121e+18	8.200000000000001
2.508950155833971e+18	8.3
2.4756234464793554e+18	8.4
2.416496904614593e+18	8.5
2.3512267723140854e+18	8.6
2.318943380770334e+18	8.700000000000001
2.2400749681974088e+18	8.8
2.1783877753021548e+18	8.9
2.109635866565151e+18	9.0
2.0210210666923274e+18	9.1
1.9579709592351117e+18	9.200000000000001
1.8922894418763684e+18	9.3
1.8234420452350963e+18	9.4
1.7271803763178867e+18	9.5
1.6530823904837727e+18	9.600000000000001
1.5813563846751345e+18	9.700000000000001
1.497870868792811e+18	9.8
1.437368885619922e+18	9.9
1.3565979632902285e+18	10.0
1.285778482016309e+18	10.100000000000001
1.2139987511328604e+18	10.200000000000001
1.144163110883265e+18	10.3
1.0764322514055872e+18	10.4
1.0095725376642738e+18	10.5
9.460840158940634e+17	10.600000000000001
8.838288332563576e+17	10.700000000000001
8.219667102062126e+17	10.8
7.668256377600545e+17	10.9
7.082227043559098e+17	11.0
6.568625005101417e+17	11.100000000000001
6.06401424710983e+17	11.200000000000001
5.613199142676853e+17	11.3
5.153296022627796e+17	11.4
4.7143901544739757e+17	11.5
4.3035905502857056e+17	11.600000000000001
3.9174102752647744e+17	11.700000000000001
3.533228905117788e+17	11.8
3.147206057738188e+17	11.9
2.6931108532177875e+17	12.0
2.0179201913040826e+17	12.100000000000001
0.0	12.200000000000001
0.0	12.3
0.0	12.4
0.0	12.5
0.0	12.600000000000001
0.0	12.700000000000001
0.0	12.8
0.0	12.9
0.0	13.0
0.0	13.100000000000001
0.0	13.200000000000001
0.0	13.3
0.0	13.4
0.0	13.5
0.0	13.600000000000001
0.0	13.700000000000001
0.0	13.8
0.0	13.9
0.0	14.0
0.0	14.100000000000001
0.0	14.200000000000001
0.0	14.3
0.0	14.4
0.0	14.5
0.0	14.600000000000001
0.0	14.700000000000001
0.0	14.8
0.0	14.9
0.0	15.0
0.0	15.100000000000001
0.0	15.200000000000001
0.0	15.3
0.0	15.4
0.0	15.5
0.0	15.600000000000001
0.0	15.700000000000001
0.0	15.8
0.0	15.9
0.0	16.0
0.0	16.1
0.0	16.2
0.0	16.3
0.0	16.400000000000002
0.0	16.5
0.0	16.6
0.0	16.7
