a = 11325.79861363517 м
b = 14457.793733979172 м
x0 = 10628.735136433275 м
vr = 1797.2193112318093 м/с
A0 = 1.275914317751037 м
Xmax = 14342.684874332175 м
sigmaX = 4797.531481246179 м
sigmaY = 4085.056417644495 м
M0 = 2.477181165566088e+19 Н*м - интегральное значение сейсмического момента
Mr_max = 5.680799663565009e+18 Н*м/с - максимальное значение функции источника
1-ый столбец - источника
2-ой столбец - время
0.0	0.0
2549579137896901.5	0.1
3.670108832504065e+17	0.2
7.275259416643964e+17	0.30000000000000004
1.0825694610169167e+18	0.4
1.420713805192471e+18	0.5
1.7827730069231598e+18	0.6000000000000001
2.1079328750825446e+18	0.7000000000000001
2.415509214845175e+18	0.8
2.7424653932263055e+18	0.9
3.0293736657405435e+18	1.0
3.307340785873145e+18	1.1
3.593923733065844e+18	1.2000000000000002
3.858887454708364e+18	1.3
4.084034735097517e+18	1.4000000000000001
4.337315287388978e+18	1.5
4.4915182887063045e+18	1.6
4.709285324614637e+18	1.7000000000000002
4.89401320202632e+18	1.8
5.043086048280854e+18	1.9000000000000001
5.204838998843045e+18	2.0
5.273207950061709e+18	2.1
5.408238994987244e+18	2.2
5.471109245766247e+18	2.3000000000000003
5.478873390476333e+18	2.4000000000000004
5.66964059262401e+18	2.5
5.680799663565009e+18	2.6
5.652256923171482e+18	2.7
5.660916416979343e+18	2.8000000000000003
5.644409686457375e+18	2.9000000000000004
5.64832437558968e+18	3.0
5.615411924300569e+18	3.1
5.557259436547314e+18	3.2
5.519945190263349e+18	3.3000000000000003
5.424866643275036e+18	3.4000000000000004
5.274584942146135e+18	3.5
5.228582924956875e+18	3.6
5.101631953705053e+18	3.7
5.023142130941848e+18	3.8000000000000003
4.928588188070277e+18	3.9000000000000004
4.730286143596111e+18	4.0
4.642113787635262e+18	4.1000000000000005
4.5188144900892636e+18	4.2
4.394054278843782e+18	4.3
4.2778045650274836e+18	4.4
4.104608132837563e+18	4.5
3.9361076179612626e+18	4.6000000000000005
3.806307266487367e+18	4.7
3.662369642161978e+18	4.800000000000001
3.5305601576481126e+18	4.9
3.369679147380212e+18	5.0
3.2226921238750013e+18	5.1000000000000005
3.0926907234030956e+18	5.2
2.937703720648111e+18	5.300000000000001
2.8081341318620636e+18	5.4
2.689535813689054e+18	5.5
2.53589685482587e+18	5.6000000000000005
2.399505890306499e+18	5.7
2.2739844558016307e+18	5.800000000000001
2.134135085413398e+18	5.9
2.0361517097449183e+18	6.0
1.9092820297489539e+18	6.1000000000000005
1.7744645509205898e+18	6.2
1.6649715003822154e+18	6.300000000000001
1.564682019689467e+18	6.4
1.4563499882927217e+18	6.5
1.3612641677256596e+18	6.6000000000000005
1.2743695955399675e+18	6.7
1.037827525119101e+18	6.800000000000001
6.166407749548041e+17	6.9
4.2610021392678285e+17	7.0
3.035768784018817e+17	7.1000000000000005
2.2307995398729597e+17	7.2
1.6230971953561312e+17	7.300000000000001
1.175052476993199e+17	7.4
8.507611366909005e+16	7.5
6.101388044039311e+16	7.6000000000000005
4.353805668297168e+16	7.7
3.005744835709777e+16	7.800000000000001
1.9933613543535244e+16	7.9
1.2316363901949224e+16	8.0
6162916281556342.0	8.1
0.0	8.200000000000001
0.0	8.3
0.0	8.4
0.0	8.5
0.0	8.6
0.0	8.700000000000001
0.0	8.8
0.0	8.9
0.0	9.0
0.0	9.1
0.0	9.200000000000001
0.0	9.3
0.0	9.4
0.0	9.5
0.0	9.600000000000001
0.0	9.700000000000001
0.0	9.8
0.0	9.9
0.0	10.0
0.0	10.100000000000001
0.0	10.200000000000001
0.0	10.3
0.0	10.4
0.0	10.5
0.0	10.600000000000001
0.0	10.700000000000001
0.0	10.8
0.0	10.9
0.0	11.0
0.0	11.100000000000001
