a = 5066.129782908681 м
b = 5855.895098363426 м
x0 = 363.68428534571257 м
vr = 2015.1753282269738 м/с
A0 = 1.5771240537561713 м
Xmax = 4697.512224418366 м
sigmaX = 4916.410145610389 м
sigmaY = 4381.973676411838 м
M0 = 1.746358058854557e+19 Н*м - интегральное значение сейсмического момента
Mr_max = 5.235959635658417e+18 Н*м/с - максимальное значение функции источника
1-ый столбец - источника
2-ой столбец - время
0.0	0.0
3233246698521189.5	0.1
5.269611237505332e+17	0.2
9.002858704515022e+17	0.30000000000000004
1.1047261744188969e+18	0.4
1.337200349471332e+18	0.5
1.6114843791900493e+18	0.6000000000000001
1.8532040106614157e+18	0.7000000000000001
2.1421759461559296e+18	0.8
2.3958079641550577e+18	0.9
2.6481973167635067e+18	1.0
2.9200429508916357e+18	1.1
3.1501296369166423e+18	1.2000000000000002
3.356920928539955e+18	1.3
3.563540247481102e+18	1.4000000000000001
3.8288406984803057e+18	1.5
4.0206091588569083e+18	1.6
4.2247151520388316e+18	1.7000000000000002
4.3541994291423933e+18	1.8
4.526399390225162e+18	1.9000000000000001
4.653850912069193e+18	2.0
4.785633114576948e+18	2.1
4.875806827011396e+18	2.2
4.951266668910238e+18	2.3000000000000003
5.029984047380019e+18	2.4000000000000004
5.125138663014205e+18	2.5
5.220362366490709e+18	2.6
5.133521783667217e+18	2.7
5.235959635658417e+18	2.8000000000000003
5.152646836196873e+18	2.9000000000000004
5.084784127671974e+18	3.0
5.079938791006774e+18	3.1
4.95938668196228e+18	3.2
4.976445518602535e+18	3.3000000000000003
4.904851620814764e+18	3.4000000000000004
4.767897481337708e+18	3.5
4.5799547985037384e+18	3.6
4.484163233122742e+18	3.7
4.401705314806202e+18	3.8000000000000003
4.20479652763257e+18	3.9000000000000004
4.060804175497865e+18	4.0
3.814371037572037e+18	4.1000000000000005
3.592319057861751e+18	4.2
3.3789161680590095e+18	4.3
3.171420718213256e+18	4.4
2.897903383118408e+18	4.5
2.5859641659478083e+18	4.6000000000000005
2.2209052119037837e+18	4.7
1.7825014619448904e+18	4.800000000000001
1.0539315806107201e+18	4.9
0.0	5.0
0.0	5.1000000000000005
0.0	5.2
0.0	5.300000000000001
0.0	5.4
0.0	5.5
0.0	5.6000000000000005
0.0	5.7
0.0	5.800000000000001
0.0	5.9
0.0	6.0
0.0	6.1000000000000005
0.0	6.2
0.0	6.300000000000001
0.0	6.4
0.0	6.5
0.0	6.6000000000000005
