a = 10896.80193872131 м
b = 8052.945043467305 м
x0 = 75.10961614411728 м
vr = 1845.8276057737191 м/с
A0 = 0.8220453589583439 м
Xmax = 9068.097676612722 м
sigmaX = 4257.499471295342 м
sigmaY = 4561.062938073474 м
M0 = 1.4531807176595681e+19 Н*м - интегральное значение сейсмического момента
Mr_max = 2.783112842866711e+18 Н*м/с - максимальное значение функции источника
1-ый столбец - источника
2-ой столбец - время
0.0	0.0
245125892456530.7	0.1
2.305870049125072e+16	0.2
4.381963641720779e+16	0.30000000000000004
6.6733677206910456e+16	0.4
9.182988152817426e+16	0.5
1.1896695822107878e+17	0.6000000000000001
1.493797678507047e+17	0.7000000000000001
1.798486705812078e+17	0.8
2.16166295956037e+17	0.9
2.528046977667114e+17	1.0
2.923045187882145e+17	1.1
3.314283330247385e+17	1.2000000000000002
3.786446663893585e+17	1.3
4.252332985945107e+17	1.4000000000000001
4.765961794740466e+17	1.5
5.2932238423246874e+17	1.6
5.915942999917443e+17	1.7000000000000002
6.522733479524426e+17	1.8
7.165811650594999e+17	1.9000000000000001
7.62981288106787e+17	2.0
8.331270066627621e+17	2.1
9.096532297112978e+17	2.2
9.76818344354221e+17	2.3000000000000003
1.0617325525167914e+18	2.4000000000000004
1.1193621892195305e+18	2.5
1.2127893693392184e+18	2.6
1.2818787758154644e+18	2.7
1.3695121615146693e+18	2.8000000000000003
1.4467484521576315e+18	2.9000000000000004
1.5222064596243246e+18	3.0
1.607856219384262e+18	3.1
1.6842408683948682e+18	3.2
1.7848605249677368e+18	3.3000000000000003
1.8634916906480993e+18	3.4000000000000004
1.9205528450293873e+18	3.5
1.9964832422673021e+18	3.6
2.096435646096176e+18	3.7
2.1721389382562514e+18	3.8000000000000003
2.2231396023662129e+18	3.9000000000000004
2.2826037138600197e+18	4.0
2.367288229983239e+18	4.1000000000000005
2.43599068046469e+18	4.2
2.4756784440080814e+18	4.3
2.5280863724576614e+18	4.4
2.5847592401125176e+18	4.5
2.6336299276978545e+18	4.6000000000000005
2.6565054169101353e+18	4.7
2.694565209449213e+18	4.800000000000001
2.7355890014041293e+18	4.9
2.72052282037424e+18	5.0
2.7538675229260667e+18	5.1000000000000005
2.769788399966937e+18	5.2
2.783112842866711e+18	5.300000000000001
2.729294939279756e+18	5.4
2.744165183756602e+18	5.5
2.7400355367605975e+18	5.6000000000000005
2.746863107682933e+18	5.7
2.6987880810062956e+18	5.800000000000001
2.6500477403210875e+18	5.9
2.6430949521726833e+18	6.0
2.584023047122524e+18	6.1000000000000005
2.535660361301846e+18	6.2
2.490790325215654e+18	6.300000000000001
2.453362047143234e+18	6.4
2.4044742711640156e+18	6.5
2.3291175944848005e+18	6.6000000000000005
2.2519783170064947e+18	6.7
2.1934522432286144e+18	6.800000000000001
2.1352780726595095e+18	6.9
2.0608443523091674e+18	7.0
1.9810898740058673e+18	7.1000000000000005
1.8940479595136876e+18	7.2
1.8098253390589222e+18	7.300000000000001
1.7319965600839852e+18	7.4
1.688091701257015e+18	7.5
1.5805188013957573e+18	7.6000000000000005
1.5168395951203315e+18	7.7
1.4344318239650685e+18	7.800000000000001
1.3658666783777615e+18	7.9
1.2872503379202834e+18	8.0
1.2093848985653133e+18	8.1
1.1347214262086444e+18	8.200000000000001
1.0706046519860717e+18	8.3
1.0049513195071027e+18	8.4
9.317655550160824e+17	8.5
8.767189411155465e+17	8.6
8.152455082114324e+17	8.700000000000001
7.534496973843703e+17	8.8
6.953796477360026e+17	8.9
6.457389332949084e+17	9.0
5.92679584880128e+17	9.1
5.452761556918554e+17	9.200000000000001
5.001916809492621e+17	9.3
4.60570064487156e+17	9.4
4.141628544050459e+17	9.5
3.7653424168016154e+17	9.600000000000001
3.465566862219633e+17	9.700000000000001
3.110270675161253e+17	9.8
2.775390242189645e+17	9.9
2.4963189937081386e+17	10.0
2.2347951671790342e+17	10.100000000000001
2.006939874661964e+17	10.200000000000001
1.7731283517530886e+17	10.3
1.5843187410435562e+17	10.4
1.401267356281713e+17	10.5
1.21986896279043e+17	10.600000000000001
1.062078314498627e+17	10.700000000000001
9.248265817313515e+16	10.8
8.038380357055256e+16	10.9
6.880405729939254e+16	11.0
5.832290288589696e+16	11.100000000000001
4.8915921477571896e+16	11.200000000000001
4.069539059233361e+16	11.3
3.3128391937803068e+16	11.4
2.630341479796615e+16	11.5
2.0202805853805388e+16	11.600000000000001
1.426703873424387e+16	11.700000000000001
8138187718568720.0	11.8
0.0	11.9
0.0	12.0
0.0	12.100000000000001
0.0	12.200000000000001
0.0	12.3
0.0	12.4
0.0	12.5
0.0	12.600000000000001
0.0	12.700000000000001
