a = 15439.710564576846 м
b = 10003.384148030818 м
x0 = 496.45549651764935 м
vr = 1678.636187145628 м/с
A0 = 1.0423809699163646 м
Xmax = 18736.989348965955 м
sigmaX = 4561.244183952764 м
sigmaY = 4668.874638923651 м
M0 = 2.082031484116158e+19 Н*м - интегральное значение сейсмического момента
Mr_max = 3.1914345473563203e+18 Н*м/с - максимальное значение функции источника
1-ый столбец - источника
2-ой столбец - время
0.0	0.0
886665557648.3759	0.1
120206276330523.2	0.2
242953173903877.06	0.30000000000000004
360303226679813.1	0.4
443611577220049.94	0.5
561588740211356.94	0.6000000000000001
703964794326833.4	0.7000000000000001
880894129628647.8	0.8
1077416750704939.1	0.9
1316910001574095.0	1.0
1585699886314182.8	1.1
1907173860301203.5	1.2000000000000002
2260915829790578.5	1.3
2683498875472898.5	1.4000000000000001
3181806824936971.5	1.5
3741069342663355.5	1.6
4392694096077760.0	1.7000000000000002
5160521736455582.0	1.8
5938674430823361.0	1.9000000000000001
6869469514179052.0	2.0
7899134408479854.0	2.1
9114245305954626.0	2.2
1.0440553546496046e+16	2.3000000000000003
1.2158427477414344e+16	2.4000000000000004
1.3836750156475194e+16	2.5
1.5567516987859014e+16	2.6
1.7890829358071532e+16	2.7
2.0290308520867e+16	2.8000000000000003
2.30043315694661e+16	2.9000000000000004
2.6089808631613516e+16	3.0
2.9373941016909612e+16	3.1
3.294788111300571e+16	3.2
3.740269852523206e+16	3.3000000000000003
4.191077083393025e+16	3.4000000000000004
4.687174348088895e+16	3.5
5.223668622425752e+16	3.6
5.8521730713332776e+16	3.7
6.488525235936131e+16	3.8000000000000003
7.303352890336198e+16	3.9000000000000004
8.103650029843517e+16	4.0
8.965496563261646e+16	4.1000000000000005
9.959973771745589e+16	4.2
1.1076606546010838e+17	4.3
1.2064622818002029e+17	4.4
1.327713024557445e+17	4.5
1.472661881408793e+17	4.6000000000000005
1.6152115001637136e+17	4.7
1.7750915970332426e+17	4.800000000000001
1.931513545463093e+17	4.9
2.116968854896747e+17	5.0
2.3225568192428986e+17	5.1000000000000005
2.5428934510471155e+17	5.2
2.760775002184995e+17	5.300000000000001
3.0120921863968064e+17	5.4
3.2623104898526637e+17	5.5
3.540617316842136e+17	5.6000000000000005
3.813459511942811e+17	5.7
4.117793345337923e+17	5.800000000000001
4.470160481934821e+17	5.9
4.83009877904263e+17	6.0
5.1839427888247155e+17	6.1000000000000005
5.5117085749431846e+17	6.2
5.944109642340881e+17	6.300000000000001
6.342086812328284e+17	6.4
6.823891792353193e+17	6.5
7.31547135982654e+17	6.6000000000000005
7.754979996797884e+17	6.7
8.249746100891158e+17	6.800000000000001
8.751408505516986e+17	6.9
9.345129635859853e+17	7.0
9.941172341921522e+17	7.1000000000000005
1.0451088708769815e+18	7.2
1.1209310438673559e+18	7.300000000000001
1.1645433866531512e+18	7.4
1.2279192653709092e+18	7.5
1.2954441133861023e+18	7.6000000000000005
1.3724883839044818e+18	7.7
1.4262652569678828e+18	7.800000000000001
1.5004890776103985e+18	7.9
1.561451697456407e+18	8.0
1.6374242388223926e+18	8.1
1.7120206478126548e+18	8.200000000000001
1.782097269256471e+18	8.3
1.8668376806257098e+18	8.4
1.9457785888456044e+18	8.5
1.9955192318575754e+18	8.6
2.0821205916766812e+18	8.700000000000001
2.148425878436979e+18	8.8
2.2198506130070257e+18	8.9
2.2905216970761702e+18	9.0
2.354325700791078e+18	9.1
2.437051209139139e+18	9.200000000000001
2.484730679696873e+18	9.3
2.56198465723708e+18	9.4
2.617483185970704e+18	9.5
2.688689774180587e+18	9.600000000000001
2.7270995791235564e+18	9.700000000000001
2.794218684173087e+18	9.8
2.8506735370347817e+18	9.9
2.89695416820565e+18	10.0
2.9413797885080064e+18	10.100000000000001
2.9957711878905795e+18	10.200000000000001
3.018438849785675e+18	10.3
3.0513507359221934e+18	10.4
3.067050964813979e+18	10.5
3.1158735851803756e+18	10.600000000000001
3.1435646051422377e+18	10.700000000000001
3.1374904541948426e+18	10.8
3.1914345473563203e+18	10.9
3.1806249593375017e+18	11.0
3.1643902015315456e+18	11.100000000000001
3.169027143058874e+18	11.200000000000001
3.1772981680382244e+18	11.3
3.1610465645526666e+18	11.4
3.169124213191552e+18	11.5
3.1321253395793413e+18	11.600000000000001
3.1166952023023273e+18	11.700000000000001
3.0876921231427784e+18	11.8
3.0710851613156163e+18	11.9
3.030577847633389e+18	12.0
2.9794454184396826e+18	12.100000000000001
2.935997941435135e+18	12.200000000000001
2.8971315101351214e+18	12.3
2.8591266169880827e+18	12.4
2.806218556212453e+18	12.5
2.736897976969883e+18	12.600000000000001
2.6845454814064174e+18	12.700000000000001
2.6136742189272177e+18	12.8
2.5630580912157087e+18	12.9
2.470183314169613e+18	13.0
2.4424106383529334e+18	13.100000000000001
2.366284611120973e+18	13.200000000000001
2.28391947598595e+18	13.3
2.2090331516903526e+18	13.4
2.1333651521232236e+18	13.5
2.069216003920921e+18	13.600000000000001
1.988851817075251e+18	13.700000000000001
1.910489951003497e+18	13.8
1.8430275733434706e+18	13.9
1.7742172055429563e+18	14.0
1.693786460341677e+18	14.100000000000001
1.6171724972416963e+18	14.200000000000001
1.5415540567710241e+18	14.3
1.4716686018171807e+18	14.4
1.4034212590239252e+18	14.5
1.33306547656323e+18	14.600000000000001
1.2557012439066934e+18	14.700000000000001
1.1986002894356193e+18	14.8
1.1306331850562232e+18	14.9
1.0718644370059127e+18	15.0
1.0131213445417632e+18	15.100000000000001
9.476100829613944e+17	15.200000000000001
8.849614533803857e+17	15.3
8.33552692389878e+17	15.4
7.780557560575181e+17	15.5
7.282263010339909e+17	15.600000000000001
6.787191855347753e+17	15.700000000000001
6.293366294180824e+17	15.8
5.896167017684179e+17	15.9
5.3990019511049645e+17	16.0
5.001210095204665e+17	16.1
4.630698308157161e+17	16.2
4.249892822028032e+17	16.3
3.889801248928405e+17	16.400000000000002
3.5462771643911104e+17	16.5
3.2332562965918944e+17	16.6
2.9522331902136723e+17	16.7
2.668644372222994e+17	16.8
2.3911230494169344e+17	16.900000000000002
2.152042440219955e+17	17.0
1.9250015474809053e+17	17.1
1.712395300435974e+17	17.2
1.519550389847973e+17	17.3
1.3336840765660107e+17	17.400000000000002
1.1557870810054171e+17	17.5
9.952277290135429e+16	17.6
8.415797157268667e+16	17.7
6.9651914098073624e+16	17.8
5.591114505501544e+16	17.900000000000002
4.215780436742187e+16	18.0
2.762764000507886e+16	18.1
3640088334786603.5	18.2
0.0	18.3
0.0	18.400000000000002
0.0	18.5
0.0	18.6
0.0	18.7
0.0	18.8
0.0	18.900000000000002
0.0	19.0
