a = 10796.772753370711 м
b = 13812.854756628085 м
x0 = 4194.930275722805 м
vr = 1731.21760392663 м/с
A0 = 0.6288673128942871 м
Xmax = 10346.605213051984 м
sigmaX = 4754.705170209933 м
sigmaY = 4069.4371739441754 м
M0 = 1.249473083232754e+19 Н*м - интегральное значение сейсмического момента
Mr_max = 2.1922039299261942e+18 Н*м/с - максимальное значение функции источника
1-ый столбец - источника
2-ой столбец - время
0.0	0.0
707162122770898.5	0.1
9.837187270771803e+16	0.2
1.9666688004242566e+17	0.30000000000000004
2.923839197257223e+17	0.4
3.8950991224495744e+17	0.5
4.828748196745859e+17	0.6000000000000001
5.751027723145095e+17	0.7000000000000001
6.735335704732364e+17	0.8
7.61760851807039e+17	0.9
8.444974101142305e+17	1.0
9.32856814345265e+17	1.1
1.0194586740514061e+18	1.2000000000000002
1.0982998840307977e+18	1.3
1.194236782947728e+18	1.4000000000000001
1.2850855867924163e+18	1.5
1.3399355689565967e+18	1.6
1.4193839139253972e+18	1.7000000000000002
1.4728269635083497e+18	1.8
1.5519053559868787e+18	1.9000000000000001
1.6108457427800563e+18	2.0
1.698408858548437e+18	2.1
1.7670691823050212e+18	2.2
1.8098581825433093e+18	2.3000000000000003
1.8626633657106225e+18	2.4000000000000004
1.9053933592813612e+18	2.5
1.9169154271894738e+18	2.6
1.9507054228485606e+18	2.7
1.9539502782972372e+18	2.8000000000000003
1.9988756938942897e+18	2.9000000000000004
2.0131366809414725e+18	3.0
2.05901124016036e+18	3.1
2.0598471046453082e+18	3.2
2.0996895566925445e+18	3.3000000000000003
2.0991115533324032e+18	3.4000000000000004
2.1527343111414031e+18	3.5
2.1532009520835244e+18	3.6
2.1594305942031754e+18	3.7
2.1829917076134108e+18	3.8000000000000003
2.1559560954040264e+18	3.9000000000000004
2.1922039299261942e+18	4.0
2.183044513745892e+18	4.1000000000000005
2.1238791400683694e+18	4.2
2.1547250224251277e+18	4.3
2.1235743720613699e+18	4.4
2.1217648038528904e+18	4.5
2.0731909622389545e+18	4.6000000000000005
2.093822210890713e+18	4.7
2.0582924467122212e+18	4.800000000000001
2.0253616324235382e+18	4.9
1.9906441068097958e+18	5.0
1.939804042280828e+18	5.1000000000000005
1.910516404201073e+18	5.2
1.8798761396019277e+18	5.300000000000001
1.8307855823186834e+18	5.4
1.802983576497477e+18	5.5
1.764713533532141e+18	5.6000000000000005
1.7220245955810176e+18	5.7
1.66208746578761e+18	5.800000000000001
1.6275930017968294e+18	5.9
1.5753345036483525e+18	6.0
1.5436381093146278e+18	6.1000000000000005
1.5014212541352003e+18	6.2
1.443452943707815e+18	6.300000000000001
1.390842877648301e+18	6.4
1.3270819830421176e+18	6.5
1.3012406201624335e+18	6.6000000000000005
1.245178263311675e+18	6.7
1.194120612594531e+18	6.800000000000001
1.153473684376871e+18	6.9
1.0958582773211963e+18	7.0
1.0485021832137027e+18	7.1000000000000005
1.0022179619488494e+18	7.2
9.579232457189702e+17	7.300000000000001
9.082305673858893e+17	7.4
8.685822529146835e+17	7.5
8.175847219965614e+17	7.6000000000000005
7.755757394829706e+17	7.7
7.427872822968445e+17	7.800000000000001
6.986061778449106e+17	7.9
6.565314591234943e+17	8.0
6.190971544375748e+17	8.1
5.813700523140854e+17	8.200000000000001
5.449704539593665e+17	8.3
5.140109626908789e+17	8.4
4.857516682526023e+17	8.5
4.5474658947741485e+17	8.6
4.2296265031841306e+17	8.700000000000001
3.9583560969783974e+17	8.8
3.6980324559622464e+17	8.9
3.4466711250961504e+17	9.0
3.2052447170534234e+17	9.1
2.9657631490709894e+17	9.200000000000001
2.770687433912875e+17	9.3
2.5662985829917085e+17	9.4
2.3661470537786496e+17	9.5
2.1897979615428794e+17	9.600000000000001
2.0205740791632304e+17	9.700000000000001
1.841894827778957e+17	9.8
1.692596404358343e+17	9.9
1.524226396043103e+17	10.0
1.3150353412125994e+17	10.100000000000001
0.0	10.200000000000001
0.0	10.3
0.0	10.4
0.0	10.5
0.0	10.600000000000001
0.0	10.700000000000001
0.0	10.8
0.0	10.9
0.0	11.0
0.0	11.100000000000001
0.0	11.200000000000001
0.0	11.3
0.0	11.4
0.0	11.5
0.0	11.600000000000001
0.0	11.700000000000001
0.0	11.8
0.0	11.9
0.0	12.0
0.0	12.100000000000001
0.0	12.200000000000001
0.0	12.3
0.0	12.4
0.0	12.5
0.0	12.600000000000001
0.0	12.700000000000001
0.0	12.8
0.0	12.9
0.0	13.0
0.0	13.100000000000001
0.0	13.200000000000001
0.0	13.3
0.0	13.4
0.0	13.5
0.0	13.600000000000001
0.0	13.700000000000001
0.0	13.8
0.0	13.9
0.0	14.0
0.0	14.100000000000001
0.0	14.200000000000001
0.0	14.3
0.0	14.4
0.0	14.5
