a = 7951.714604419661 м
b = 6158.96926046564 м
x0 = 7687.1629270435 м
vr = 1743.5090636803272 м/с
A0 = 0.6128975160257453 м
Xmax = 9596.331162510674 м
sigmaX = 4238.346278699009 м
sigmaY = 4228.231620194151 м
M0 = 8.262992207261176e+18 Н*м - интегральное значение сейсмического момента
Mr_max = 2.7371691199740124e+18 Н*м/с - максимальное значение функции источника
1-ый столбец - источника
2-ой столбец - время
0.0	0.0
1448683920654028.2	0.1
2.0121311431144502e+17	0.2
4.000739718034661e+17	0.30000000000000004
5.94146880877973e+17	0.4
7.829926796412842e+17	0.5
9.609094104372646e+17	0.6000000000000001
1.1445714922024041e+18	0.7000000000000001
1.3087309801499377e+18	0.8
1.4725945064057833e+18	0.9
1.6413889417066107e+18	1.0
1.7904403617527493e+18	1.1
1.9251529745191992e+18	1.2000000000000002
2.0371449784749215e+18	1.3
2.1472538143594952e+18	1.4000000000000001
2.2355496028758164e+18	1.5
2.325371368078805e+18	1.6
2.4561440254985385e+18	1.7000000000000002
2.528976236519043e+18	1.8
2.526763361845661e+18	1.9000000000000001
2.6333474451772017e+18	2.0
2.666160136982145e+18	2.1
2.651335126859499e+18	2.2
2.72743999022391e+18	2.3000000000000003
2.7371691199740124e+18	2.4000000000000004
2.716849022941129e+18	2.5
2.716735578092743e+18	2.6
2.726491199553076e+18	2.7
2.6881501891432504e+18	2.8000000000000003
2.628161145311257e+18	2.9000000000000004
2.609490135524772e+18	3.0
2.570014094427182e+18	3.1
2.500649311604747e+18	3.2
2.460892401127877e+18	3.3000000000000003
2.4160048786810486e+18	3.4000000000000004
2.3092520960297933e+18	3.5
2.2787824762697055e+18	3.6
1.818567643769639e+18	3.7
1.5260755738968556e+18	3.8000000000000003
1.324690019559504e+18	3.9000000000000004
1.1568135506128684e+18	4.0
9.898602562458802e+17	4.1000000000000005
8.566724510718083e+17	4.2
7.23536249351358e+17	4.3
5.94182338009068e+17	4.4
4.556864372770756e+17	4.5
3.468212602108726e+17	4.6000000000000005
2.388022324679438e+17	4.7
8.042232683446421e+16	4.800000000000001
0.0	4.9
0.0	5.0
0.0	5.1000000000000005
0.0	5.2
0.0	5.300000000000001
0.0	5.4
0.0	5.5
0.0	5.6000000000000005
0.0	5.7
