a = 11021.646457133167 м
b = 10191.299264935406 м
x0 = 2111.145443351576 м
vr = 1602.2026637877457 м/с
A0 = 0.4903686143713287 м
Xmax = 9750.178926994597 м
sigmaX = 4343.55682573824 м
sigmaY = 4545.532484613257 м
M0 = 9.604643848572475e+18 Н*м - интегральное значение сейсмического момента
Mr_max = 1.5876278844144916e+18 Н*м/с - максимальное значение функции источника
1-ый столбец - источника
2-ой столбец - время
0.0	0.0
251398963124421.16	0.1
3.270116800661791e+16	0.2
6.473491946140083e+16	0.30000000000000004
9.65862179847371e+16	0.4
1.297450901439128e+17	0.5
1.6152072659521386e+17	0.6000000000000001
1.9411755515478666e+17	0.7000000000000001
2.2588951656729728e+17	0.8
2.6244167095696886e+17	0.9
2.930464587081519e+17	1.0
3.2724332388559846e+17	1.1
3.627982252698796e+17	1.2000000000000002
3.936764837781709e+17	1.3
4.3144674731813075e+17	1.4000000000000001
4.504098597441997e+17	1.5
4.7277220278544896e+17	1.6
5.054320799863397e+17	1.7000000000000002
5.413658760777587e+17	1.8
5.7143482256945165e+17	1.9000000000000001
6.101033140790367e+17	2.0
6.418542972242198e+17	2.1
6.847279050276269e+17	2.2
7.221220227583896e+17	2.3000000000000003
7.5969715271384e+17	2.4000000000000004
8.000119425245747e+17	2.5
8.290740006602751e+17	2.6
8.778204627463903e+17	2.7
9.154070265548698e+17	2.8000000000000003
9.494269237609148e+17	2.9000000000000004
9.951261699161768e+17	3.0
1.0311083380778222e+18	3.1
1.0730499414397327e+18	3.2
1.1212443799239667e+18	3.3000000000000003
1.1500121386465757e+18	3.4000000000000004
1.1849679635116872e+18	3.5
1.2301084156108844e+18	3.6
1.2591915512445678e+18	3.7
1.2934251035046228e+18	3.8000000000000003
1.3103213770081544e+18	3.9000000000000004
1.3669032562629755e+18	4.0
1.3895430210367846e+18	4.1000000000000005
1.4045516843999375e+18	4.2
1.4404623471855905e+18	4.3
1.4688769650981678e+18	4.4
1.4537757333220887e+18	4.5
1.5087531919623014e+18	4.6000000000000005
1.520788712033404e+18	4.7
1.5253139110244124e+18	4.800000000000001
1.5575627444157862e+18	4.9
1.5631069400549097e+18	5.0
1.5482743724713894e+18	5.1000000000000005
1.5814845297943954e+18	5.2
1.5737867220715249e+18	5.300000000000001
1.5608291670014464e+18	5.4
1.5876278844144916e+18	5.5
1.5746005707741632e+18	5.6000000000000005
1.545253579805333e+18	5.7
1.549044253508541e+18	5.800000000000001
1.5444727481732867e+18	5.9
1.5243684981139574e+18	6.0
1.523970611584413e+18	6.1000000000000005
1.493616780174291e+18	6.2
1.4622228718623163e+18	6.300000000000001
1.4572202518522985e+18	6.4
1.4241097955749906e+18	6.5
1.4037394634327365e+18	6.6000000000000005
1.374345257381853e+18	6.7
1.353859874007402e+18	6.800000000000001
1.306951479028824e+18	6.9
1.2832606469609874e+18	7.0
1.2495414710096579e+18	7.1000000000000005
1.22792606845451e+18	7.2
1.1942051323933396e+18	7.300000000000001
1.1486022069953019e+18	7.4
1.1190925122152868e+18	7.5
1.070492753984187e+18	7.6000000000000005
1.0395534945756521e+18	7.7
1.0126270579556042e+18	7.800000000000001
9.70641311012514e+17	7.9
9.189170780437623e+17	8.0
8.961867116526459e+17	8.1
8.563016611313852e+17	8.200000000000001
8.251500075200905e+17	8.3
7.86405856807419e+17	8.4
7.458203508124741e+17	8.5
7.074832519339459e+17	8.6
6.73953608773893e+17	8.700000000000001
6.379611390689591e+17	8.8
6.129302650399372e+17	8.9
5.744437991019801e+17	9.0
5.451119209131466e+17	9.1
5.130275937296131e+17	9.200000000000001
4.846946173335059e+17	9.3
4.5047109589797504e+17	9.4
4.232813885957025e+17	9.5
3.9995877338507635e+17	9.600000000000001
3.7190106549248954e+17	9.700000000000001
3.4640099306257395e+17	9.8
3.2392849869606266e+17	9.9
2.992602913284996e+17	10.0
2.7874271723949888e+17	10.100000000000001
2.5575276350646486e+17	10.200000000000001
2.385953791166654e+17	10.3
2.1910923225849715e+17	10.4
2.0224629344741635e+17	10.5
1.8407752044374947e+17	10.600000000000001
1.6937962354008675e+17	10.700000000000001
1.5471450988011235e+17	10.8
1.4069667416635733e+17	10.9
1.2790099356394563e+17	11.0
1.151457746014894e+17	11.100000000000001
1.0400726509922304e+17	11.200000000000001
9.354027629634752e+16	11.3
8.354045296035998e+16	11.4
7.409757858714685e+16	11.5
6.5787079940921144e+16	11.600000000000001
5.7530955132438776e+16	11.700000000000001
5.010342850582087e+16	11.8
4.352299281328559e+16	11.9
3.674328233307724e+16	12.0
3.080295474850452e+16	12.100000000000001
2.4945083722119724e+16	12.200000000000001
1.9440977698546336e+16	12.3
1.3716513310970156e+16	12.4
6933550218058590.0	12.5
0.0	12.600000000000001
0.0	12.700000000000001
0.0	12.8
0.0	12.9
0.0	13.0
0.0	13.100000000000001
0.0	13.200000000000001
0.0	13.3
0.0	13.4
