a = 13709.920451792403 м
b = 11510.032728841692 м
x0 = 10726.093457540459 м
vr = 2210.014814307758 м/с
A0 = 0.9237491243101499 м
Xmax = 16159.900459905966 м
sigmaX = 4638.454687206864 м
sigmaY = 4980.880841136418 м
M0 = 2.164849020535894e+19 Н*м - интегральное значение сейсмического момента
Mr_max = 5.148244502253468e+18 Н*м/с - максимальное значение функции источника
1-ый столбец - источника
2-ой столбец - время
0.0	0.0
1543365997784250.5	0.1
2.7467850197424822e+17	0.2
5.4383057246829203e+17	0.30000000000000004
8.092911326920851e+17	0.4
1.0745924312489582e+18	0.5
1.3280829438540682e+18	0.6000000000000001
1.582883447090284e+18	0.7000000000000001
1.8352733156607112e+18	0.8
2.094873766702743e+18	0.9
2.332729734261092e+18	1.0
2.5641245187560407e+18	1.1
2.8093587429039524e+18	1.2000000000000002
3.007951916721808e+18	1.3
3.2052654259997153e+18	1.4000000000000001
3.4357131511719235e+18	1.5
3.649261365736007e+18	1.6
3.8083003684135004e+18	1.7000000000000002
4.01865326399643e+18	1.8
4.1327954122523566e+18	1.9000000000000001
4.3536476467929876e+18	2.0
4.410956304078437e+18	2.1
4.562432258015224e+18	2.2
4.691033028721969e+18	2.3000000000000003
4.764816259301771e+18	2.4000000000000004
4.877442626996016e+18	2.5
4.948081403247336e+18	2.6
5.01356746946147e+18	2.7
5.067979172086981e+18	2.8000000000000003
5.127993414769347e+18	2.9000000000000004
5.100546122954886e+18	3.0
5.148244502253468e+18	3.1
5.104827440176076e+18	3.2
5.073919038791346e+18	3.3000000000000003
5.064384472477154e+18	3.4000000000000004
5.022678162792236e+18	3.5
4.981827611845973e+18	3.6
4.914374087135174e+18	3.7
4.760486795075362e+18	3.8000000000000003
4.676801462774352e+18	3.9000000000000004
4.613861701895618e+18	4.0
4.5423912949737196e+18	4.1000000000000005
4.3456288284155284e+18	4.2
4.259260953412455e+18	4.3
4.111885057361597e+18	4.4
3.9860015744510986e+18	4.5
3.799232372528703e+18	4.6000000000000005
3.7046496567820375e+18	4.7
3.5215351896989036e+18	4.800000000000001
3.387964283844003e+18	4.9
3.162052928292112e+18	5.0
2.997816142830906e+18	5.1000000000000005
2.804939075462307e+18	5.2
2.648480246503254e+18	5.300000000000001
2.4829411258336906e+18	5.4
2.349804128974315e+18	5.5
2.139881804411314e+18	5.6000000000000005
1.9819660613150938e+18	5.7
1.8193978650862784e+18	5.800000000000001
1.6899479004273085e+18	5.9
1.5355259347069786e+18	6.0
1.4048034914559427e+18	6.1000000000000005
1.2796885997837821e+18	6.2
1.1566300324050793e+18	6.300000000000001
1.0275934813661551e+18	6.4
9.271098959743128e+17	6.5
8.236103076579265e+17	6.6000000000000005
7.232875398667685e+17	6.7
6.318355395545134e+17	6.800000000000001
5.477730946468314e+17	6.9
4.690886215765058e+17	7.0
3.982907214845048e+17	7.1000000000000005
3.309209786788875e+17	7.2
2.6897751636292227e+17	7.300000000000001
2.0750330056761123e+17	7.4
1.4740853074525763e+17	7.5
7.99736166056534e+16	7.6000000000000005
0.0	7.7
0.0	7.800000000000001
0.0	7.9
0.0	8.0
0.0	8.1
0.0	8.200000000000001
0.0	8.3
0.0	8.4
0.0	8.5
