a = 12679.108114422637 м
b = 13316.667500781949 м
x0 = 5002.381666273812 м
vr = 1915.9725847969678 м/с
A0 = 0.6341587091102621 м
Xmax = 13831.268509682193 м
sigmaX = 4611.831772168234 м
sigmaY = 4907.9956164585 м
M0 = 1.4660845245515438e+19 Н*м - интегральное значение сейсмического момента
Mr_max = 2.6632270151473674e+18 Н*м/с - максимальное значение функции источника
1-ый столбец - источника
2-ой столбец - время
0.0	0.0
291959296292666.56	0.1
4.4432145400778856e+16	0.2
8.966092752781643e+16	0.30000000000000004
1.3331069634531435e+17	0.4
1.7968966815253357e+17	0.5
2.2776321683201488e+17	0.6000000000000001
2.7212589776628733e+17	0.7000000000000001
3.2193887695143123e+17	0.8
3.6816438375641824e+17	0.9
4.166462236491586e+17	1.0
4.7014325564589254e+17	1.1
5.2277655157245594e+17	1.2000000000000002
5.791963181189748e+17	1.3
6.307870619584137e+17	1.4000000000000001
6.848689259783156e+17	1.5
7.515049766025775e+17	1.6
8.158372323951048e+17	1.7000000000000002
8.730400776589165e+17	1.8
9.419247706472731e+17	1.9000000000000001
1.0063564267482806e+18	2.0
1.0691556658288026e+18	2.1
1.1354020309407121e+18	2.2
1.2088652175127178e+18	2.3000000000000003
1.287589609040443e+18	2.4000000000000004
1.3388270515381537e+18	2.5
1.4172244810954616e+18	2.6
1.499718908427281e+18	2.7
1.548244352512181e+18	2.8000000000000003
1.6182199675151713e+18	2.9000000000000004
1.697750678013229e+18	3.0
1.7648758266497661e+18	3.1
1.8294545593016899e+18	3.2
1.9041994589598725e+18	3.3000000000000003
1.9821175866862925e+18	3.4000000000000004
2.0354867970272868e+18	3.5
2.0953288879015606e+18	3.6
2.1674671231536448e+18	3.7
2.2271445759298056e+18	3.8000000000000003
2.2816549061850191e+18	3.9000000000000004
2.3268209326194944e+18	4.0
2.3776540719525693e+18	4.1000000000000005
2.42702305296134e+18	4.2
2.4800460413839145e+18	4.3
2.501629154239984e+18	4.4
2.540265137262748e+18	4.5
2.581862131269331e+18	4.6000000000000005
2.5964782455485266e+18	4.7
2.6249380999555507e+18	4.800000000000001
2.6632270151473674e+18	4.9
2.647267391181552e+18	5.0
2.6190274644698993e+18	5.1000000000000005
2.6461288544269153e+18	5.2
2.657528421844658e+18	5.300000000000001
2.6382821954238095e+18	5.4
2.621012394417197e+18	5.5
2.5988421546339e+18	5.6000000000000005
2.573085576276101e+18	5.7
2.5434492057791483e+18	5.800000000000001
2.516862751695228e+18	5.9
2.4726694865070766e+18	6.0
2.414396725594265e+18	6.1000000000000005
2.3751608738468367e+18	6.2
2.346893394399835e+18	6.300000000000001
2.28957042708567e+18	6.4
2.229726776435123e+18	6.5
2.1642624543314045e+18	6.6000000000000005
2.0945410474111997e+18	6.7
2.0592438335059382e+18	6.800000000000001
1.9984901573238638e+18	6.9
1.9201666829717683e+18	7.0
1.8555231175378575e+18	7.1000000000000005
1.7777281217957548e+18	7.2
1.7139892498034048e+18	7.300000000000001
1.646210625907074e+18	7.4
1.5839699783408753e+18	7.5
1.5137303307729516e+18	7.6000000000000005
1.4290152868858865e+18	7.7
1.3745095587590743e+18	7.800000000000001
1.307698280936886e+18	7.9
1.2348982043971645e+18	8.0
1.1738420915060324e+18	8.1
1.1133446932034254e+18	8.200000000000001
1.0551156407851212e+18	8.3
9.82873725156988e+17	8.4
9.275457696267178e+17	8.5
8.662514251794326e+17	8.6
8.063317125884271e+17	8.700000000000001
7.537837515263949e+17	8.8
7.024129817558394e+17	8.9
6.540806816555154e+17	9.0
6.054336577807247e+17	9.1
5.581768008743983e+17	9.200000000000001
5.128329228134558e+17	9.3
4.7243475617465536e+17	9.4
4.2979979569790944e+17	9.5
3.9085477796833946e+17	9.600000000000001
3.553334489646642e+17	9.700000000000001
3.21686196512513e+17	9.8
2.889158599585273e+17	9.9
2.5820815979327635e+17	10.0
2.2635424475867027e+17	10.100000000000001
1.968709786558843e+17	10.200000000000001
1.6846932339023098e+17	10.3
1.4037132613890858e+17	10.4
1.1103472857404726e+17	10.5
7.912640746490272e+16	10.600000000000001
3.39544123868747e+16	10.700000000000001
0.0	10.8
0.0	10.9
0.0	11.0
0.0	11.100000000000001
0.0	11.200000000000001
0.0	11.3
0.0	11.4
0.0	11.5
0.0	11.600000000000001
0.0	11.700000000000001
0.0	11.8
0.0	11.9
0.0	12.0
0.0	12.100000000000001
0.0	12.200000000000001
