a = 14430.455887975786 м
b = 16117.450489006469 м
x0 = 2615.681659634935 м
vr = 1508.2244660466822 м/с
A0 = 1.6613369257661157 м
Xmax = 16595.786700895955 м
sigmaX = 4680.943402554042 м
sigmaY = 4131.8874034977825 м
M0 = 3.2377970091893015e+19 Н*м - интегральное значение сейсмического момента
Mr_max = 4.2996742299356006e+18 Н*м/с - максимальное значение функции источника
1-ый столбец - источника
2-ой столбец - время
0.0	0.0
43581882594635.46	0.1
5366501660367301.0	0.2
1.061977365405618e+16	0.30000000000000004
1.5908432074618236e+16	0.4
2.1562596449154916e+16	0.5
2.711361259043415e+16	0.6000000000000001
3.327400988627435e+16	0.7000000000000001
3.965795787747335e+16	0.8
4.62795348965095e+16	0.9
5.322640962674393e+16	1.0
6.059058174837345e+16	1.1
6.862644377803811e+16	1.2000000000000002
7.753318025636674e+16	1.3
8.657362987328566e+16	1.4000000000000001
9.658642422760242e+16	1.5
1.0756758196171074e+17	1.6
1.2014692887533597e+17	1.7000000000000002
1.3153707265324432e+17	1.8
1.431359683288667e+17	1.9000000000000001
1.5843880118828854e+17	2.0
1.7265153900359318e+17	2.1
1.893768893036047e+17	2.2
2.06509947564514e+17	2.3000000000000003
2.2603286739842672e+17	2.4000000000000004
2.455822858336069e+17	2.5
2.6711894565535357e+17	2.6
2.8992668405003226e+17	2.7
3.1997921632862234e+17	2.8000000000000003
3.4478034181927846e+17	2.9000000000000004
3.694081126159772e+17	3.0
3.9888267296118976e+17	3.1
4.2956007650160026e+17	3.2
4.65109558698142e+17	3.3000000000000003
5.0112928886092685e+17	3.4000000000000004
5.387122024286379e+17	3.5
5.703187136985352e+17	3.6
6.254444893046244e+17	3.7
6.631500522941061e+17	3.8000000000000003
7.028674732559745e+17	3.9000000000000004
7.522694573896372e+17	4.0
7.973674480213258e+17	4.1000000000000005
8.592331617287684e+17	4.2
9.023632887050149e+17	4.3
9.627679063512671e+17	4.4
1.0117630085295347e+18	4.5
1.080540102561056e+18	4.6000000000000005
1.138255053940514e+18	4.7
1.1946898212790487e+18	4.800000000000001
1.2735283980192553e+18	4.9
1.3434601541398804e+18	5.0
1.4018690772611256e+18	5.1000000000000005
1.4684419378761897e+18	5.2
1.56504315624735e+18	5.300000000000001
1.6250227943939845e+18	5.4
1.707921459298158e+18	5.5
1.7804151322538796e+18	5.6000000000000005
1.846687665709063e+18	5.7
1.9475214327589307e+18	5.800000000000001
2.0278843184582088e+18	5.9
2.1191160018188045e+18	6.0
2.198618274306845e+18	6.1000000000000005
2.2816199409107517e+18	6.2
2.375134276241864e+18	6.300000000000001
2.4656823399367086e+18	6.4
2.5435554407482557e+18	6.5
2.6172022662304824e+18	6.6000000000000005
2.7019693885804457e+18	6.7
2.825874288564259e+18	6.800000000000001
2.873832233201409e+18	6.9
2.949595806173133e+18	7.0
3.0751424488948567e+18	7.1000000000000005
3.111174913070728e+18	7.2
3.2182207839637187e+18	7.300000000000001
3.305268708493135e+18	7.4
3.3738493877478446e+18	7.5
3.4493428304751555e+18	7.6000000000000005
3.513404530368403e+18	7.7
3.585052725433833e+18	7.800000000000001
3.6603592960720046e+18	7.9
3.7311120715958497e+18	8.0
3.8077801898350725e+18	8.1
3.874268227587263e+18	8.200000000000001
3.888181263824608e+18	8.3
3.9957420760146714e+18	8.4
4.023707016604722e+18	8.5
4.05583121304897e+18	8.6
4.1178290799912776e+18	8.700000000000001
4.1273378680073487e+18	8.8
4.184323665894774e+18	8.9
4.190041898788998e+18	9.0
4.2649242416184786e+18	9.1
4.244369153033806e+18	9.200000000000001
4.2471660290831524e+18	9.3
4.280566189087914e+18	9.4
4.29264927767069e+18	9.5
4.2996742299356006e+18	9.600000000000001
4.2791220659451873e+18	9.700000000000001
4.2543747616471286e+18	9.8
4.262789943152327e+18	9.9
4.229772961370734e+18	10.0
4.2120277555661716e+18	10.100000000000001
4.222340324424182e+18	10.200000000000001
4.1313322183917123e+18	10.3
4.1332578903967084e+18	10.4
4.0894104014376556e+18	10.5
4.0849404572462587e+18	10.600000000000001
4.0069673274592353e+18	10.700000000000001
3.9619606188378977e+18	10.8
3.928457651607414e+18	10.9
3.855387591895122e+18	11.0
3.784974786023951e+18	11.100000000000001
3.727150243128699e+18	11.200000000000001
3.663058495903761e+18	11.3
3.5851604078120494e+18	11.4
3.539444327607511e+18	11.5
3.453915411529425e+18	11.600000000000001
3.379294383369787e+18	11.700000000000001
3.308214256290631e+18	11.8
3.238937320986761e+18	11.9
3.155218281823544e+18	12.0
3.076535783518823e+18	12.100000000000001
2.9930585342284964e+18	12.200000000000001
2.9079741460463386e+18	12.3
2.819348408827173e+18	12.4
2.7377976219402614e+18	12.5
2.648007958644939e+18	12.600000000000001
2.5713743876164736e+18	12.700000000000001
2.4934028852077783e+18	12.8
2.3908547816965934e+18	12.9
2.325790888861806e+18	13.0
2.2338983323136776e+18	13.100000000000001
2.1541681540714563e+18	13.200000000000001
2.062021328455743e+18	13.3
1.9779129750145162e+18	13.4
1.92076998614181e+18	13.5
1.826336861178115e+18	13.600000000000001
1.749106475471217e+18	13.700000000000001
1.6659607736310618e+18	13.8
1.602016536191749e+18	13.9
1.5295921657883192e+18	14.0
1.4583591152866217e+18	14.100000000000001
1.4007365267406664e+18	14.200000000000001
1.3323706183186442e+18	14.3
1.2588519918631342e+18	14.4
1.1880490992122112e+18	14.5
1.1353259812788616e+18	14.600000000000001
1.0724642957013805e+18	14.700000000000001
1.0144783273231551e+18	14.8
9.660197131244598e+17	14.9
9.0993876396327e+17	15.0
8.565919689469379e+17	15.100000000000001
8.127563306423386e+17	15.200000000000001
7.609780908824348e+17	15.3
7.190574171855831e+17	15.4
6.717960704012207e+17	15.5
6.302269665948717e+17	15.600000000000001
5.906790886731354e+17	15.700000000000001
5.535874880197691e+17	15.8
5.192414162622668e+17	15.9
4.8404994932416326e+17	16.0
4.522790297256609e+17	16.1
4.2030702559768544e+17	16.2
3.896555244160129e+17	16.3
3.629618817429903e+17	16.400000000000002
3.365453475633467e+17	16.5
3.099805554876385e+17	16.6
2.8565590825449738e+17	16.7
2.6155779081267072e+17	16.8
2.3820198967434304e+17	16.900000000000002
2.1542140947701053e+17	17.0
1.9128095551823142e+17	17.1
1.6570081623290746e+17	17.2
1.3693163273702776e+17	17.3
9.942724413948942e+16	17.400000000000002
1.7900990261068636e+16	17.5
0.0	17.6
0.0	17.7
0.0	17.8
0.0	17.900000000000002
0.0	18.0
0.0	18.1
0.0	18.2
0.0	18.3
0.0	18.400000000000002
0.0	18.5
0.0	18.6
0.0	18.7
0.0	18.8
0.0	18.900000000000002
0.0	19.0
0.0	19.1
0.0	19.200000000000003
0.0	19.3
0.0	19.400000000000002
0.0	19.5
0.0	19.6
0.0	19.700000000000003
0.0	19.8
0.0	19.900000000000002
0.0	20.0
0.0	20.1
0.0	20.200000000000003
0.0	20.3
0.0	20.400000000000002
0.0	20.5
0.0	20.6
