a = 3871.1109641906714 м
b = 4156.3967976522035 м
x0 = 429.15224498063327 м
vr = 1674.738527301895 м/с
A0 = 1.7619985900907928 м
Xmax = 4939.0170945814925 м
sigmaX = 4627.9021510669645 м
sigmaY = 4458.426986904941 м
M0 = 1.1852201701554543e+19 Н*м - интегральное значение сейсмического момента
Mr_max = 3.9197359094366474e+18 Н*м/с - максимальное значение функции источника
1-ый столбец - источника
2-ой столбец - время
0.0	0.0
2753656560657503.0	0.1
3.718626768555457e+17	0.2
7.28602318748516e+17	0.30000000000000004
9.172788972000083e+17	0.4
1.0443232553024808e+18	0.5
1.227695028638792e+18	0.6000000000000001
1.3684778084957612e+18	0.7000000000000001
1.5943902545468992e+18	0.8
1.751570834686739e+18	0.9
1.913613231760715e+18	1.0
2.0977612849628132e+18	1.1
2.2965556728715569e+18	1.2000000000000002
2.483442131804782e+18	1.3
2.641517066363135e+18	1.4000000000000001
2.717976759372261e+18	1.5
2.8528878452189266e+18	1.6
3.035679016883288e+18	1.7000000000000002
3.1172655470798904e+18	1.8
3.292312563837854e+18	1.9000000000000001
3.420713491362983e+18	2.0
3.548964207172093e+18	2.1
3.606349171822515e+18	2.2
3.6993952431046333e+18	2.3000000000000003
3.7265914408423404e+18	2.4000000000000004
3.7911209308244424e+18	2.5
3.7980113269888717e+18	2.6
3.9197359094366474e+18	2.7
3.8456819904218496e+18	2.8000000000000003
3.867198265247466e+18	2.9000000000000004
3.886513859053699e+18	3.0
3.8606974582732227e+18	3.1
3.7445416152417055e+18	3.2
3.7633101916806897e+18	3.3000000000000003
3.6046230978527473e+18	3.4000000000000004
3.604775536752288e+18	3.5
3.4674935902539254e+18	3.6
3.3158854183011236e+18	3.7
3.145998301544303e+18	3.8000000000000003
2.9913486576865766e+18	3.9000000000000004
2.789593394339905e+18	4.0
2.498439789050274e+18	4.1000000000000005
2.2029040001960392e+18	4.2
1.7942700095536978e+18	4.3
1.171894267350755e+18	4.4
0.0	4.5
0.0	4.6000000000000005
0.0	4.7
0.0	4.800000000000001
0.0	4.9
0.0	5.0
0.0	5.1000000000000005
0.0	5.2
0.0	5.300000000000001
0.0	5.4
0.0	5.5
0.0	5.6000000000000005
0.0	5.7
