a = 15874.218228066857 м
b = 11583.199505453804 м
x0 = 7481.359681027499 м
vr = 2218.207118526633 м/с
A0 = 1.8651373297251919 м
Xmax = 18991.16960252832 м
sigmaX = 4278.223785890455 м
sigmaY = 4183.931592780493 м
M0 = 3.4015783320567235e+19 Н*м - интегральное значение сейсмического момента
Mr_max = 7.446484327786971e+18 Н*м/с - максимальное значение функции источника
1-ый столбец - источника
2-ой столбец - время
0.0	0.0
166770800809464.66	0.1
2.976161197652793e+16	0.2
6.009866360383034e+16	0.30000000000000004
9.111617001857107e+16	0.4
1.2378766790814046e+17	0.5
1.5847677149553834e+17	0.6000000000000001
1.9788036739808237e+17	0.7000000000000001
2.3987168825365968e+17	0.8
2.8510712781916054e+17	0.9
3.34308594423496e+17	1.0
3.904038909642696e+17	1.1
4.513649953350593e+17	1.2000000000000002
5.169068074613739e+17	1.3
5.925398315889199e+17	1.4000000000000001
6.76794959803109e+17	1.5
7.648156084353797e+17	1.6
8.655484300802956e+17	1.7000000000000002
9.696183232001622e+17	1.8
1.0756775096259007e+18	1.9000000000000001
1.2128456954655716e+18	2.0
1.3355896703287416e+18	2.1
1.4914657079466204e+18	2.2
1.6322637023192758e+18	2.3000000000000003
1.7940290552624576e+18	2.4000000000000004
1.9600398812515932e+18	2.5
2.1547749075067886e+18	2.6
2.3641921636197043e+18	2.7
2.545229711948387e+18	2.8000000000000003
2.7349050613633633e+18	2.9000000000000004
2.988916044828983e+18	3.0
3.219754985313007e+18	3.1
3.4250036340797276e+18	3.2
3.608014194325988e+18	3.3000000000000003
3.885807077571777e+18	3.4000000000000004
4.125368692019694e+18	3.5
4.349761924852175e+18	3.6
4.590357137926677e+18	3.7
4.839097665138833e+18	3.8000000000000003
5.076473346979454e+18	3.9000000000000004
5.300150717999799e+18	4.0
5.552464512972183e+18	4.1000000000000005
5.803446609626329e+18	4.2
5.987071503346578e+18	4.3
6.163710014758982e+18	4.4
6.440155183781736e+18	4.5
6.514827697529591e+18	4.6000000000000005
6.660816996977334e+18	4.7
6.786182730328515e+18	4.800000000000001
7.02192516986586e+18	4.9
7.014915810079265e+18	5.0
7.167693789145739e+18	5.1000000000000005
7.2360436181597e+18	5.2
7.299120819170738e+18	5.300000000000001
7.330804837005382e+18	5.4
7.446484327786971e+18	5.5
7.364242081063635e+18	5.6000000000000005
7.318154386881353e+18	5.7
7.293452321289502e+18	5.800000000000001
7.176321145580896e+18	5.9
7.041567470660294e+18	6.0
6.978480826019497e+18	6.1000000000000005
6.832622936299398e+18	6.2
6.698716501130662e+18	6.300000000000001
6.527766762836084e+18	6.4
6.349831578451744e+18	6.5
6.194556737610329e+18	6.6000000000000005
6.005480207634715e+18	6.7
5.766508691394422e+18	6.800000000000001
5.541967946454042e+18	6.9
5.327342441949532e+18	7.0
5.1029458137949e+18	7.1000000000000005
4.887822742836093e+18	7.2
4.649043850939502e+18	7.300000000000001
4.3541650513625697e+18	7.4
4.1236232497043364e+18	7.5
3.935414007522468e+18	7.6000000000000005
3.6968253668510505e+18	7.7
3.463654539732547e+18	7.800000000000001
3.2301554121434716e+18	7.9
3.022563308392377e+18	8.0
2.8156575152671954e+18	8.1
2.605916491418465e+18	8.200000000000001
2.404158691091884e+18	8.3
2.2098972384874058e+18	8.4
2.047927399900104e+18	8.5
1.8595524317116513e+18	8.6
1.7023651282935263e+18	8.700000000000001
1.544740520919372e+18	8.8
1.3920552660915983e+18	8.9
1.2653145021386145e+18	9.0
1.1319438088446995e+18	9.1
1.0207879566782502e+18	9.200000000000001
9.035957228776499e+17	9.3
8.031306308549462e+17	9.4
7.185505726595438e+17	9.5
6.330177029971616e+17	9.600000000000001
5.584882098576079e+17	9.700000000000001
4.8471308380884346e+17	9.8
4.195667363924991e+17	9.9
3.62374807441959e+17	10.0
3.1216923417808454e+17	10.100000000000001
2.6578542119481584e+17	10.200000000000001
2.2332698771705773e+17	10.3
1.8653637780863587e+17	10.4
1.5327699554544064e+17	10.5
1.2346849939235531e+17	10.600000000000001
9.712023263465782e+16	10.700000000000001
7.249285440817685e+16	10.8
4.919026109772753e+16	10.9
2.3536156651116476e+16	11.0
0.0	11.100000000000001
0.0	11.200000000000001
0.0	11.3
0.0	11.4
0.0	11.5
0.0	11.600000000000001
0.0	11.700000000000001
0.0	11.8
0.0	11.9
