a = 7260.83326733902 м
b = 8892.07343480721 м
x0 = 5020.1192547403525 м
vr = 1611.0234020825508 м/с
A0 = 2.113639052536326 м
Xmax = 8241.164478432045 м
sigmaX = 4762.33007596121 м
sigmaY = 4092.90620121954 м
M0 = 3.374075027891507e+19 Н*м - интегральное значение сейсмического момента
Mr_max = 8.528301477011739e+18 Н*м/с - максимальное значение функции источника
1-ый столбец - источника
2-ой столбец - время
0.0	0.0
4066195168153707.0	0.1
5.2429063433916736e+17	0.2
1.0467564119668777e+18	0.30000000000000004
1.540945586690927e+18	0.4
2.0438046091617341e+18	0.5
2.562275729215992e+18	0.6000000000000001
2.997746712472623e+18	0.7000000000000001
3.4455099009910907e+18	0.8
3.906149364968215e+18	0.9
4.33736744647168e+18	1.0
4.806561833325476e+18	1.1
5.171452359293351e+18	1.2000000000000002
5.589142688192079e+18	1.3
5.895920811675339e+18	1.4000000000000001
6.204842419376746e+18	1.5
6.647518482208786e+18	1.6
6.753759679576259e+18	1.7000000000000002
7.089067180472886e+18	1.8
7.239440128532963e+18	1.9000000000000001
7.624666466354279e+18	2.0
7.693271504839225e+18	2.1
7.823476915956505e+18	2.2
8.114239513910919e+18	2.3000000000000003
8.150714696778575e+18	2.4000000000000004
8.320247849682953e+18	2.5
8.326571629605467e+18	2.6
8.371974855979041e+18	2.7
8.401360446369436e+18	2.8000000000000003
8.405816464841274e+18	2.9000000000000004
8.463888017974409e+18	3.0
8.482675861564036e+18	3.1
8.528301477011739e+18	3.2
7.916988051836878e+18	3.3000000000000003
7.824020272171359e+18	3.4000000000000004
7.542626536430065e+18	3.5
7.367779917836838e+18	3.6
7.192087260464013e+18	3.7
6.9454785903682e+18	3.8000000000000003
6.835770268807989e+18	3.9000000000000004
6.643857442193606e+18	4.0
6.428867831553509e+18	4.1000000000000005
6.223607408080237e+18	4.2
6.007542606676796e+18	4.3
5.97520422119419e+18	4.4
5.767156576819796e+18	4.5
5.546373338654385e+18	4.6000000000000005
5.387016728149645e+18	4.7
5.16059175418298e+18	4.800000000000001
4.996069829833973e+18	4.9
4.814795603033439e+18	5.0
4.64851574982249e+18	5.1000000000000005
4.430973179431209e+18	5.2
4.26480839123354e+18	5.300000000000001
4.076993954273139e+18	5.4
3.8951746858681083e+18	5.5
3.702784538439312e+18	5.6000000000000005
3.497686054432915e+18	5.7
3.3158836329880074e+18	5.800000000000001
3.096796459190502e+18	5.9
2.766331570794776e+18	6.0
6.21896459420525e+17	6.1000000000000005
0.0	6.2
0.0	6.300000000000001
0.0	6.4
0.0	6.5
0.0	6.6000000000000005
0.0	6.7
0.0	6.800000000000001
0.0	6.9
0.0	7.0
0.0	7.1000000000000005
0.0	7.2
0.0	7.300000000000001
0.0	7.4
0.0	7.5
0.0	7.6000000000000005
0.0	7.7
0.0	7.800000000000001
0.0	7.9
0.0	8.0
0.0	8.1
0.0	8.200000000000001
0.0	8.3
0.0	8.4
0.0	8.5
0.0	8.6
0.0	8.700000000000001
0.0	8.8
0.0	8.9
