a = 9312.134351501974 м
b = 7962.323232028819 м
x0 = 2464.576643645157 м
vr = 2274.8396642093876 м/с
A0 = 2.003726999250107 м
Xmax = 6862.331011678092 м
sigmaX = 4645.435535645375 м
sigmaY = 4696.873118860632 м
M0 = 3.66230503393721e+19 Н*м - интегральное значение сейсмического момента
Mr_max = 9.488536274420437e+18 Н*м/с - максимальное значение функции источника
1-ый столбец - источника
2-ой столбец - время
0.0	0.0
4368263860668009.0	0.1
7.994449182006108e+17	0.2
1.5785041738873352e+18	0.30000000000000004
2.3432709492971715e+18	0.4
3.101809345075456e+18	0.5
3.8465353195129677e+18	0.6000000000000001
4.5481663018177085e+18	0.7000000000000001
5.210827870752546e+18	0.8
5.909316275697378e+18	0.9
6.568997116368911e+18	1.0
7.197455411148065e+18	1.1
7.490289605855454e+18	1.2000000000000002
7.470282984047768e+18	1.3
7.701440896473733e+18	1.4000000000000001
7.924003833334665e+18	1.5
8.076622138871378e+18	1.6
8.338925806023011e+18	1.7000000000000002
8.587443969430713e+18	1.8
8.734135882004596e+18	1.9000000000000001
9.033856222401566e+18	2.0
9.097317419364918e+18	2.1
9.185147434574937e+18	2.2
9.261905539479962e+18	2.3000000000000003
9.468577028506298e+18	2.4000000000000004
9.488536274420437e+18	2.5
9.414646151341971e+18	2.6
9.367291827686187e+18	2.7
9.352312407198937e+18	2.8000000000000003
9.272722161348616e+18	2.9000000000000004
9.106367183276591e+18	3.0
8.90168059479781e+18	3.1
8.897292008144094e+18	3.2
8.640382305443419e+18	3.3000000000000003
8.333734849052687e+18	3.4000000000000004
8.190644696366911e+18	3.5
7.916340390223593e+18	3.6
7.595270899668313e+18	3.7
7.339325894692244e+18	3.8000000000000003
7.020949271998398e+18	3.9000000000000004
6.697766493800193e+18	4.0
6.459587285855018e+18	4.1000000000000005
6.079378164479019e+18	4.2
5.767552480071685e+18	4.3
5.460108034441428e+18	4.4
5.075781048777483e+18	4.5
4.793374143791543e+18	4.6000000000000005
4.488973655554372e+18	4.7
4.166107697416106e+18	4.800000000000001
3.8733629310655263e+18	4.9
3.619810802350185e+18	5.0
3.3377638219371817e+18	5.1000000000000005
3.0837961885775683e+18	5.2
2.833769062361924e+18	5.300000000000001
2.5223167099043333e+18	5.4
2.317373019986962e+18	5.5
2.099784547780562e+18	5.6000000000000005
1.9132016164016955e+18	5.7
1.7011561893815096e+18	5.800000000000001
1.523181615891486e+18	5.9
1.3493321942988703e+18	6.0
1.194721934928898e+18	6.1000000000000005
1.0458887580801311e+18	6.2
9.112873350996892e+17	6.300000000000001
7.894379806142671e+17	6.4
6.745101671080013e+17	6.5
5.7157887855325824e+17	6.6000000000000005
4.720151910872095e+17	6.7
3.8598041997527866e+17	6.800000000000001
3.043539412207778e+17	6.9
2.2602915128576262e+17	7.0
1.4617666466602714e+17	7.1000000000000005
2.8903645328855856e+16	7.2
0.0	7.300000000000001
0.0	7.4
0.0	7.5
0.0	7.6000000000000005
0.0	7.7
0.0	7.800000000000001
0.0	7.9
0.0	8.0
0.0	8.1
