a = 13079.931365099997 м
b = 10757.289262348142 м
x0 = 13043.63962541378 м
vr = 1881.4235800627685 м/с
A0 = 1.8901499313904069 м
Xmax = 14036.080310045018 м
sigmaX = 4227.419166552617 м
sigmaY = 4260.804022856948 м
M0 = 3.587210080173775e+19 Н*м - интегральное значение сейсмического момента
Mr_max = 1.0002536050586722e+19 Н*м/с - максимальное значение функции источника
1-ый столбец - источника
2-ой столбец - время
0.0	0.0
5189662618548547.0	0.1
7.830080928436625e+17	0.2
1.5405631481699008e+18	0.30000000000000004
2.3154780052320563e+18	0.4
3.025919878381131e+18	0.5
3.749900148327081e+18	0.6000000000000001
4.40198504121459e+18	0.7000000000000001
5.126066190059014e+18	0.8
5.7615784584961e+18	0.9
6.33219093321206e+18	1.0
6.919632662423464e+18	1.1
7.284816924828129e+18	1.2000000000000002
7.775709874093255e+18	1.3
8.222451884017415e+18	1.4000000000000001
8.663220482557608e+18	1.5
8.880739759965393e+18	1.6
9.192638620258631e+18	1.7000000000000002
9.456741475366607e+18	1.8
9.626852620177467e+18	1.9000000000000001
9.770678949939706e+18	2.0
9.816873549837263e+18	2.1
9.985731396773116e+18	2.2
9.974948934611417e+18	2.3000000000000003
1.0002536050586722e+19	2.4000000000000004
9.890761753499527e+18	2.5
9.716318490311442e+18	2.6
9.623931611945386e+18	2.7
9.494064650999097e+18	2.8000000000000003
9.239625775843676e+18	2.9000000000000004
9.064847129060008e+18	3.0
8.84341276517275e+18	3.1
8.58078697066772e+18	3.2
8.339694365373943e+18	3.3000000000000003
8.044760190486153e+18	3.4000000000000004
7.66753708646236e+18	3.5
7.372822970497449e+18	3.6
7.081142070111983e+18	3.7
6.785158644960151e+18	3.8000000000000003
6.487280471265126e+18	3.9000000000000004
6.12001335021009e+18	4.0
5.817953704789794e+18	4.1000000000000005
5.449540472597877e+18	4.2
5.149726346448612e+18	4.3
4.856251378091313e+18	4.4
4.571962149278444e+18	4.5
4.2542480325404503e+18	4.6000000000000005
3.954069441559632e+18	4.7
3.6978769148455357e+18	4.800000000000001
3.419823579331787e+18	4.9
3.1693926796461804e+18	5.0
2.9489338475460014e+18	5.1000000000000005
2.688652004149677e+18	5.2
2.504077785363056e+18	5.300000000000001
2.2840971645334856e+18	5.4
2.0880566949533742e+18	5.5
1.9089692298085834e+18	5.6000000000000005
1.747297282463458e+18	5.7
1.5881022624987395e+18	5.800000000000001
1.1782791808379766e+18	5.9
9.560796235229057e+17	6.0
7.818228700606659e+17	6.1000000000000005
6.356778804677962e+17	6.2
5.2256096634623725e+17	6.300000000000001
4.242127618473857e+17	6.4
3.4263564538824806e+17	6.5
2.7187787814550166e+17	6.6000000000000005
2.1232986396755782e+17	6.7
1.5845906860695754e+17	6.800000000000001
1.1023332405876795e+17	6.9
6.019694282443437e+16	7.0
0.0	7.1000000000000005
0.0	7.2
0.0	7.300000000000001
0.0	7.4
0.0	7.5
0.0	7.6000000000000005
0.0	7.7
0.0	7.800000000000001
0.0	7.9
