a = 17317.56755621908 м
b = 20883.745240766573 м
x0 = 2053.9564507845103 м
vr = 1629.9455338876692 м/с
A0 = 0.6568779604660948 м
Xmax = 17650.4722863941 м
sigmaX = 4865.706152724513 м
sigmaY = 4310.057114325321 м
M0 = 1.4072219120130347e+19 Н*м - интегральное значение сейсмического момента
Mr_max = 1.9315113527608008e+18 Н*м/с - максимальное значение функции источника
1-ый столбец - источника
2-ой столбец - время
0.0	0.0
9439614213366.877	0.1
1241996522146780.2	0.2
2490630003015147.0	0.30000000000000004
3768180835411737.0	0.4
5118451407834908.0	0.5
6401308092351404.0	0.6000000000000001
7984634263574958.0	0.7000000000000001
9492495078686484.0	0.8
1.1219719886421684e+16	0.9
1.3102228935320238e+16	1.0
1.5058107554374954e+16	1.1
1.7148292636869228e+16	1.2000000000000002
1.9336844390785196e+16	1.3
2.1801744226664184e+16	1.4000000000000001
2.405825990926234e+16	1.5
2.703434916337746e+16	1.6
3.038014042787211e+16	1.7000000000000002
3.3770554223995976e+16	1.8
3.738021600704093e+16	1.9000000000000001
4.191317414908748e+16	2.0
4.6483210663410696e+16	2.1
5.183211613368225e+16	2.2
5.614748633466645e+16	2.3000000000000003
6.2619876242614904e+16	2.4000000000000004
6.850915323672344e+16	2.5
7.617338725925051e+16	2.6
8.384473119411483e+16	2.7
9.163561941029418e+16	2.8000000000000003
1.0020567469907758e+17	2.9000000000000004
1.0936296758807074e+17	3.0
1.190892582132225e+17	3.1
1.2900255283258829e+17	3.2
1.3998673301822437e+17	3.3000000000000003
1.5156668034785034e+17	3.4000000000000004
1.6594818082079462e+17	3.5
1.7964729455945126e+17	3.6
1.9366081608031267e+17	3.7
2.0955157806730115e+17	3.8000000000000003
2.2662967394383155e+17	3.9000000000000004
2.431208109069125e+17	4.0
2.589609508137912e+17	4.1000000000000005
2.7623970358123344e+17	4.2
2.946855931059276e+17	4.3
3.197014918359251e+17	4.4
3.4149356499929165e+17	4.5
3.6438724301141075e+17	4.6000000000000005
3.8525060937980115e+17	4.7
4.152693205476835e+17	4.800000000000001
4.42113150551469e+17	4.9
4.639766670354421e+17	5.0
4.946835584133118e+17	5.1000000000000005
5.199361340846633e+17	5.2
5.5009876414232314e+17	5.300000000000001
5.817305755883649e+17	5.4
6.144429514340495e+17	5.5
6.44200077568193e+17	5.6000000000000005
6.827252527053897e+17	5.7
7.115493483737979e+17	5.800000000000001
7.542370645845187e+17	5.9
7.853310206287197e+17	6.0
8.231488463769339e+17	6.1000000000000005
8.63415689138108e+17	6.2
9.021152774976096e+17	6.300000000000001
9.38005992858577e+17	6.4
9.73407392252459e+17	6.5
1.014072625192849e+18	6.6000000000000005
1.0537478159572626e+18	6.7
1.0999606391272013e+18	6.800000000000001
1.129459135234301e+18	6.9
1.176703065918496e+18	7.0
1.220011419473367e+18	7.1000000000000005
1.251761146082512e+18	7.2
1.2964813123690621e+18	7.300000000000001
1.331603392910447e+18	7.4
1.3818167847745088e+18	7.5
1.4167787668935265e+18	7.6000000000000005
1.4430830681203512e+18	7.7
1.4760968175757732e+18	7.800000000000001
1.4992704261491858e+18	7.9
1.552095662177183e+18	8.0
1.576651753521917e+18	8.1
1.6264954909150372e+18	8.200000000000001
1.6568487877463488e+18	8.3
1.694032944345182e+18	8.4
1.7179817153085737e+18	8.5
1.7561199838111278e+18	8.6
1.7562457109225009e+18	8.700000000000001
1.793054076829265e+18	8.8
1.809536140174857e+18	8.9
1.8385391899231903e+18	9.0
1.828546938652377e+18	9.1
1.863120625509944e+18	9.200000000000001
1.8881733168342036e+18	9.3
1.898712379751039e+18	9.4
1.9203639023882191e+18	9.5
1.9209217666083978e+18	9.600000000000001
1.9289611649422728e+18	9.700000000000001
1.8990188596965327e+18	9.8
1.9315113527608008e+18	9.9
1.917840427388609e+18	10.0
1.8991616492437524e+18	10.100000000000001
1.9063014824258824e+18	10.200000000000001
1.897804348974608e+18	10.3
1.8916370108948964e+18	10.4
1.8913197697930289e+18	10.5
1.8709259573878858e+18	10.600000000000001
1.8490910177476938e+18	10.700000000000001
1.8271156765873997e+18	10.8
1.8094524705604692e+18	10.9
1.7952991126898314e+18	11.0
1.767436897944353e+18	11.100000000000001
1.731452521273209e+18	11.200000000000001
1.7183985071018975e+18	11.3
1.6730985771659768e+18	11.4
1.6595626229718915e+18	11.5
1.6179353274249687e+18	11.600000000000001
1.5982449132021932e+18	11.700000000000001
1.5584788062034586e+18	11.8
1.521085233731396e+18	11.9
1.483904758731153e+18	12.0
1.4571239742199393e+18	12.100000000000001
1.4123240921260908e+18	12.200000000000001
1.3688814646389878e+18	12.3
1.3355029231525476e+18	12.4
1.2930360812426102e+18	12.5
1.2524070077779648e+18	12.600000000000001
1.2208858240525978e+18	12.700000000000001
1.175161562088798e+18	12.8
1.1434495059709065e+18	12.9
1.0991877105581459e+18	13.0
1.0655822544799843e+18	13.100000000000001
1.0262441204668241e+18	13.200000000000001
9.837336930895763e+17	13.3
9.458078085491945e+17	13.4
9.07019088277093e+17	13.5
8.687686625203836e+17	13.600000000000001
8.310589993981395e+17	13.700000000000001
7.972238111964941e+17	13.8
7.677047414160645e+17	13.9
7.273806241468769e+17	14.0
6.938389100734721e+17	14.100000000000001
6.639320752657164e+17	14.200000000000001
6.279006702551562e+17	14.3
6.000982204923409e+17	14.4
5.64936191589569e+17	14.5
5.400897144084946e+17	14.600000000000001
5.094635593021729e+17	14.700000000000001
4.825193699495635e+17	14.8
4.554756027191073e+17	14.9
4.2984993736581094e+17	15.0
4.063442326390779e+17	15.100000000000001
3.830559850287777e+17	15.200000000000001
3.57391170105959e+17	15.3
3.366240704488469e+17	15.4
3.185561294859262e+17	15.5
2.9662347579697216e+17	15.600000000000001
2.7641804985943626e+17	15.700000000000001
2.601315390580467e+17	15.8
2.415311112726039e+17	15.9
2.2500517677388397e+17	16.0
2.1281073177318733e+17	16.1
1.9766626375269837e+17	16.2
1.8295621730503885e+17	16.3
1.7036969326686867e+17	16.400000000000002
1.581886515861241e+17	16.5
1.4582067343713997e+17	16.6
1.3482732329805478e+17	16.7
1.2583421530059955e+17	16.8
1.1487678764236344e+17	16.900000000000002
1.0648018636795355e+17	17.0
9.80538102379954e+16	17.1
9.057655293169302e+16	17.2
8.340868707579987e+16	17.3
7.649428830717811e+16	17.400000000000002
6.990094539274318e+16	17.5
6.432210695193615e+16	17.6
5.862601724939072e+16	17.7
5.382439688931411e+16	17.8
4.896397181714517e+16	17.900000000000002
4.4643721311836584e+16	18.0
4.079704018469533e+16	18.1
3.7090219289896456e+16	18.2
3.3644829912017292e+16	18.3
3.0656738769058268e+16	18.400000000000002
2.7804537161756748e+16	18.5
2.5108892910846644e+16	18.6
2.285479958960904e+16	18.7
2.0594923689099504e+16	18.8
1.858231718952083e+16	18.900000000000002
1.6725078182627828e+16	19.0
1.5157805483189362e+16	19.1
1.3544064140777722e+16	19.200000000000003
1.2170332618465172e+16	19.3
1.0860855004338802e+16	19.400000000000002
9700188638318174.0	19.5
8586325754367623.0	19.6
7527852556633512.0	19.700000000000003
6490150977187247.0	19.8
5354211698769002.0	19.900000000000002
3865576965080448.0	20.0
0.0	20.1
0.0	20.200000000000003
0.0	20.3
0.0	20.400000000000002
0.0	20.5
0.0	20.6
0.0	20.700000000000003
0.0	20.8
0.0	20.900000000000002
0.0	21.0
0.0	21.1
0.0	21.200000000000003
0.0	21.3
0.0	21.400000000000002
0.0	21.5
0.0	21.6
0.0	21.700000000000003
0.0	21.8
0.0	21.900000000000002
0.0	22.0
0.0	22.1
0.0	22.200000000000003
0.0	22.3
0.0	22.400000000000002
0.0	22.5
0.0	22.6
0.0	22.700000000000003
0.0	22.8
0.0	22.900000000000002
0.0	23.0
0.0	23.1
0.0	23.200000000000003
0.0	23.3
0.0	23.400000000000002
0.0	23.5
0.0	23.6
0.0	23.700000000000003
0.0	23.8
0.0	23.900000000000002
0.0	24.0
0.0	24.1
0.0	24.200000000000003
0.0	24.3
0.0	24.400000000000002
0.0	24.5
0.0	24.6
0.0	24.700000000000003
0.0	24.8
0.0	24.900000000000002
0.0	25.0
0.0	25.1
0.0	25.200000000000003
0.0	25.3
