a = 12007.201749092848 м
b = 7815.458170639532 м
x0 = 2974.4401328122995 м
vr = 2102.2704303495057 м/с
A0 = 0.8887037177373398 м
Xmax = 9797.623745846431 м
sigmaX = 4179.614903742361 м
sigmaY = 4194.933151463491 м
M0 = 1.5066704352706093e+19 Н*м - интегральное значение сейсмического момента
Mr_max = 3.4214140687417277e+18 Н*м/с - максимальное значение функции источника
1-ый столбец - источника
2-ой столбец - время
0.0	0.0
739483672835482.1	0.1
1.258654800119499e+17	0.2
2.4843365458395686e+17	0.30000000000000004
3.7397907034210566e+17	0.4
4.966185933014327e+17	0.5
6.271028893408269e+17	0.6000000000000001
7.487208734149705e+17	0.7000000000000001
8.721775779943476e+17	0.8
9.972254016647594e+17	0.9
1.126524997902738e+18	1.0
1.2630263363080092e+18	1.1
1.3801582579362616e+18	1.2000000000000002
1.511960806880839e+18	1.3
1.6475008706029555e+18	1.4000000000000001
1.783616443590362e+18	1.5
1.8546251555098363e+18	1.6
1.9284859446188915e+18	1.7000000000000002
2.044163061311285e+18	1.8
2.1564666351840358e+18	1.9000000000000001
2.246218302261118e+18	2.0
2.3572121737399583e+18	2.1
2.4734341610336015e+18	2.2
2.5651827496048015e+18	2.3000000000000003
2.717551755799708e+18	2.4000000000000004
2.798208104857167e+18	2.5
2.9143157373807636e+18	2.6
2.9899328727057777e+18	2.7
3.0662871653794944e+18	2.8000000000000003
3.15858449277788e+18	2.9000000000000004
3.2039653287813586e+18	3.0
3.29189569190925e+18	3.1
3.3411850207289805e+18	3.2
3.3613173544292127e+18	3.3000000000000003
3.3564343498946964e+18	3.4000000000000004
3.4214140687417277e+18	3.5
3.378670545739199e+18	3.6
3.4193645820652836e+18	3.7
3.395576906782739e+18	3.8000000000000003
3.3822170956877153e+18	3.9000000000000004
3.3381443116781594e+18	4.0
3.3275280853612093e+18	4.1000000000000005
3.238492115999637e+18	4.2
3.188176016182e+18	4.3
3.1171182184788306e+18	4.4
3.06320065988018e+18	4.5
2.9799192684781793e+18	4.6000000000000005
2.883880343104786e+18	4.7
2.8262256730387277e+18	4.800000000000001
2.7096636081671107e+18	4.9
2.5943966756421217e+18	5.0
2.488685335781476e+18	5.1000000000000005
2.3819524101776553e+18	5.2
2.2961329429634964e+18	5.300000000000001
2.178989181975978e+18	5.4
2.0547773388598228e+18	5.5
1.9547722235690033e+18	5.6000000000000005
1.8373342173495752e+18	5.7
1.7403670552425265e+18	5.800000000000001
1.623336020005536e+18	5.9
1.512990423508286e+18	6.0
1.4123156895874212e+18	6.1000000000000005
1.313201143789957e+18	6.2
1.2182964486866286e+18	6.300000000000001
1.1326368202937609e+18	6.4
1.0438248833557187e+18	6.5
9.63720472726814e+17	6.6000000000000005
8.814920881834179e+17	6.7
8.003819816191232e+17	6.800000000000001
7.369413620330583e+17	6.9
6.735189180321859e+17	7.0
6.062124128639589e+17	7.1000000000000005
5.4416187157422445e+17	7.2
4.9069133324932166e+17	7.300000000000001
4.4027364620123315e+17	7.4
3.9515904091552794e+17	7.5
3.486510621522925e+17	7.6000000000000005
3.1678602285531206e+17	7.7
2.7363814566700957e+17	7.800000000000001
2.4431948250242934e+17	7.9
2.1423891018508202e+17	8.0
1.879626855026483e+17	8.1
1.651945968876506e+17	8.200000000000001
1.4340614508279258e+17	8.3
1.2544667856992418e+17	8.4
1.068258494479019e+17	8.5
9.259510832089483e+16	8.6
7.827158584941658e+16	8.700000000000001
6.704273119506032e+16	8.8
5.656157271945149e+16	8.9
4.765524660235194e+16	9.0
3.982909958983325e+16	9.1
3.290633246808889e+16	9.200000000000001
2.710320877850807e+16	9.3
2.204391880984554e+16	9.4
1.7718203129653152e+16	9.5
1.423668441724243e+16	9.600000000000001
1.088604110358823e+16	9.700000000000001
8185292859551370.0	9.8
5779387272802451.0	9.9
3601086193080604.5	10.0
888215869073115.0	10.100000000000001
0.0	10.200000000000001
0.0	10.3
0.0	10.4
0.0	10.5
0.0	10.600000000000001
0.0	10.700000000000001
0.0	10.8
0.0	10.9
0.0	11.0
