a = 11248.86013580583 м
b = 7571.6655691568785 м
x0 = 9062.23974084247 м
vr = 1781.682164326005 м/с
A0 = 2.192252220618043 м
Xmax = 11932.150860710632 м
sigmaX = 4963.178389053758 м
sigmaY = 4750.157634315294 м
M0 = 4.552429720220644e+19 Н*м - интегральное значение сейсмического момента
Mr_max = 1.1634100363955358e+19 Н*м/с - максимальное значение функции источника
1-ый столбец - источника
2-ой столбец - время
0.0	0.0
4958448258400734.0	0.1
7.087819574241012e+17	0.2
1.4007229562274355e+18	0.30000000000000004
2.1068651337504837e+18	0.4
2.760610257929375e+18	0.5
3.4236398735367245e+18	0.6000000000000001
4.088634608588988e+18	0.7000000000000001
4.710803658248172e+18	0.8
5.328166757760386e+18	0.9
5.875144987693804e+18	1.0
6.472629810510006e+18	1.1
7.002315319961947e+18	1.2000000000000002
7.479643285157307e+18	1.3
8.074678797021621e+18	1.4000000000000001
8.33485816557839e+18	1.5
8.866631516788071e+18	1.6
9.302819895442221e+18	1.7000000000000002
9.498635559887585e+18	1.8
9.987493518699334e+18	1.9000000000000001
1.0201059897750372e+19	2.0
1.052334713900082e+19	2.1
1.074407073792914e+19	2.2
1.0960560283570045e+19	2.3000000000000003
1.1098665973356513e+19	2.4000000000000004
1.131963879856175e+19	2.5
1.138096586897729e+19	2.6
1.1489277317392318e+19	2.7
1.1415877516206834e+19	2.8000000000000003
1.1634100363955358e+19	2.9000000000000004
1.1445864378746665e+19	3.0
1.1429949015438688e+19	3.1
1.1425027576251435e+19	3.2
1.1300260873903993e+19	3.3000000000000003
1.1156294741430977e+19	3.4000000000000004
1.1076209895482761e+19	3.5
1.0903417298944795e+19	3.6
1.078316860309308e+19	3.7
1.0545992065614434e+19	3.8000000000000003
1.0368435970102276e+19	3.9000000000000004
1.0069644271926827e+19	4.0
9.889534670931266e+18	4.1000000000000005
9.724462788937845e+18	4.2
8.169714488707484e+18	4.3
7.493903574750881e+18	4.4
6.966746504554985e+18	4.5
6.381482174365601e+18	4.6000000000000005
6.002584175507476e+18	4.7
5.515700950923621e+18	4.800000000000001
5.185532078050428e+18	4.9
4.805555471976116e+18	5.0
4.3531395620057114e+18	5.1000000000000005
4.0427121297524275e+18	5.2
3.7348482688660623e+18	5.300000000000001
3.531909502164376e+18	5.4
3.25694652668428e+18	5.5
3.021602793399739e+18	5.6000000000000005
2.798591065047767e+18	5.7
2.612455824638525e+18	5.800000000000001
2.4296193643725066e+18	5.9
2.2402025959038636e+18	6.0
2.0613584790526438e+18	6.1000000000000005
1.898996192435917e+18	6.2
1.7182765400078167e+18	6.300000000000001
1.5785115857927933e+18	6.4
1.4254426163977815e+18	6.5
1.2856028114854392e+18	6.6000000000000005
1.1477544614339369e+18	6.7
1.0238571016670904e+18	6.800000000000001
9.068024039745353e+17	6.9
7.92485088635394e+17	7.0
6.84115878579046e+17	7.1000000000000005
5.853061323230811e+17	7.2
4.8319387815287565e+17	7.300000000000001
3.8047199390524506e+17	7.4
2.731137514184103e+17	7.5
1.4057549916061386e+17	7.6000000000000005
0.0	7.7
0.0	7.800000000000001
0.0	7.9
0.0	8.0
0.0	8.1
0.0	8.200000000000001
0.0	8.3
0.0	8.4
0.0	8.5
