a = 17033.984522556377 м
b = 17060.68161527468 м
x0 = 8319.981201593366 м
vr = 1975.6631791147768 м/с
A0 = 0.7439820300225564 м
Xmax = 15071.801021297297 м
sigmaX = 4239.163758297511 м
sigmaY = 4844.54894045291 м
M0 = 1.677888922481814e+19 Н*м - интегральное значение сейсмического момента
Mr_max = 3.432781566349212e+18 Н*м/с - максимальное значение функции источника
1-ый столбец - источника
2-ой столбец - время
0.0	0.0
620178645217304.1	0.1
9.878770230257598e+16	0.2
1.972114191236072e+17	0.30000000000000004
2.945897669537048e+17	0.4
3.941886759151468e+17	0.5
4.920212887346434e+17	0.6000000000000001
5.948372375786301e+17	0.7000000000000001
6.85946850509163e+17	0.8
7.963400274356991e+17	0.9
8.913514005302323e+17	1.0
9.953024841598591e+17	1.1
1.1069824512870523e+18	1.2000000000000002
1.2130147862133517e+18	1.3
1.3174589301030917e+18	1.4000000000000001
1.423359390362338e+18	1.5
1.5289827009927498e+18	1.6
1.6429719038939433e+18	1.7000000000000002
1.7364996582376643e+18	1.8
1.8598045476462518e+18	1.9000000000000001
1.978331407122755e+18	2.0
2.0571309032215444e+18	2.1
2.1697110395286902e+18	2.2
2.3057008188735199e+18	2.3000000000000003
2.371757897793033e+18	2.4000000000000004
2.5089896775087437e+18	2.5
2.5874665471337216e+18	2.6
2.687484973777924e+18	2.7
2.7996420470352097e+18	2.8000000000000003
2.87052861399774e+18	2.9000000000000004
2.970323753392032e+18	3.0
3.0286489624236314e+18	3.1
3.078769495285519e+18	3.2
3.1456680815353114e+18	3.3000000000000003
3.197964346094945e+18	3.4000000000000004
3.2171604364695905e+18	3.5
3.3181228030586527e+18	3.6
3.3838202144486886e+18	3.7
3.354079048959062e+18	3.8000000000000003
3.432781566349212e+18	3.9000000000000004
3.428688920168889e+18	4.0
3.4005973947421967e+18	4.1000000000000005
3.3759082445118326e+18	4.2
3.3612328420137083e+18	4.3
3.3699459480487665e+18	4.4
3.347343385931308e+18	4.5
3.3324713812533217e+18	4.6000000000000005
3.2596801143352837e+18	4.7
3.253555435710153e+18	4.800000000000001
3.1461339427402476e+18	4.9
3.0982674764082227e+18	5.0
3.0206841059666826e+18	5.1000000000000005
2.961596659915075e+18	5.2
2.8951853386585974e+18	5.300000000000001
2.807519873314101e+18	5.4
2.7080328373816284e+18	5.5
2.6312004698147994e+18	5.6000000000000005
2.518770304969354e+18	5.7
2.4281167187747973e+18	5.800000000000001
2.333959466183248e+18	5.9
2.2388666621251197e+18	6.0
2.120698543375974e+18	6.1000000000000005
2.0531924972625065e+18	6.2
1.952648694542393e+18	6.300000000000001
1.8443662402639206e+18	6.4
1.756313647604156e+18	6.5
1.6543264189451758e+18	6.6000000000000005
1.555956882413996e+18	6.7
1.4725027671889324e+18	6.800000000000001
1.3692099882230602e+18	6.9
1.3020761583139948e+18	7.0
1.2196889362292337e+18	7.1000000000000005
1.1239221986706907e+18	7.2
1.055454720170478e+18	7.300000000000001
9.698197198052443e+17	7.4
8.987657043510026e+17	7.5
8.368011217924598e+17	7.6000000000000005
7.706615205308023e+17	7.7
7.023832239071683e+17	7.800000000000001
6.516682019943503e+17	7.9
5.95272416986941e+17	8.0
5.431740439904037e+17	8.1
4.990010902793002e+17	8.200000000000001
4.5130542238720454e+17	8.3
4.0778484233115155e+17	8.4
3.6813489560426874e+17	8.5
3.361327373579598e+17	8.6
3.0290984395224045e+17	8.700000000000001
2.738368343287622e+17	8.8
2.4377632442696064e+17	8.9
2.1943030950088656e+17	9.0
1.962507209824112e+17	9.1
1.738415049363093e+17	9.200000000000001
1.5455073602065165e+17	9.3
1.3642079234973949e+17	9.4
1.2299986730504318e+17	9.5
1.0707947197137651e+17	9.600000000000001
9.498214360456246e+16	9.700000000000001
8.242542170968251e+16	9.8
7.294441481739614e+16	9.9
6.3171907783042824e+16	10.0
5.524582291399322e+16	10.100000000000001
4.831982178095791e+16	10.200000000000001
4.162132183625878e+16	10.3
3.601080594653136e+16	10.4
3.1198391734107004e+16	10.5
2.666348602464636e+16	10.600000000000001
2.285747397819842e+16	10.700000000000001
1.9544648507614692e+16	10.8
1.6654606527794108e+16	10.9
1.4161169212685984e+16	11.0
1.1979638886449514e+16	11.100000000000001
1.014335916939686e+16	11.200000000000001
8480486114257146.0	11.3
7117844551894814.0	11.4
5950053810594075.0	11.5
4929926916285371.0	11.600000000000001
4053117205229938.0	11.700000000000001
3362680423533760.0	11.8
2745137030222935.0	11.9
2224464458018602.5	12.0
1798461092722778.8	12.100000000000001
1444212882455414.8	12.200000000000001
1152876424758983.5	12.3
908048889630926.9	12.4
702335572586029.9	12.5
537917929976276.7	12.600000000000001
405469284258422.1	12.700000000000001
295521881188831.44	12.8
206230457803215.25	12.9
128749063521030.75	13.0
53681860151755.97	13.100000000000001
0.0	13.200000000000001
0.0	13.3
0.0	13.4
0.0	13.5
0.0	13.600000000000001
0.0	13.700000000000001
0.0	13.8
0.0	13.9
0.0	14.0
