a = 12218.372991246848 м
b = 13532.518918228605 м
x0 = 5939.635311311389 м
vr = 1711.936621557971 м/с
A0 = 2.0141556968303242 м
Xmax = 9091.13312069318 м
sigmaX = 4244.798626835325 м
sigmaY = 4212.666332322701 м
M0 = 3.860276173631942e+19 Н*м - интегральное значение сейсмического момента
Mr_max = 8.854593540203645e+18 Н*м/с - максимальное значение функции источника
1-ый столбец - источника
2-ой столбец - время
0.0	0.0
3926496304354954.5	0.1
5.4578556680791155e+17	0.2
1.062045389176334e+18	0.30000000000000004
1.5985010273816794e+18	0.4
2.1128376232898957e+18	0.5
2.6221841372504755e+18	0.6000000000000001
3.1087987487051807e+18	0.7000000000000001
3.5853073948750674e+18	0.8
4.095883858731229e+18	0.9
4.5373184093890284e+18	1.0
4.963115764020303e+18	1.1
5.350185268093943e+18	1.2000000000000002
5.758705881841748e+18	1.3
6.139213566700797e+18	1.4000000000000001
6.490348376433227e+18	1.5
6.845885063450198e+18	1.6
7.086432667844237e+18	1.7000000000000002
7.406593572810016e+18	1.8
7.596077582829919e+18	1.9000000000000001
7.862217862819326e+18	2.0
8.052204122990393e+18	2.1
8.288254137861239e+18	2.2
8.402109139587585e+18	2.3000000000000003
8.564813980509234e+18	2.4000000000000004
8.590623256026651e+18	2.5
8.703914276253781e+18	2.6
8.756641730197057e+18	2.7
8.720643626235707e+18	2.8000000000000003
8.854593540203645e+18	2.9000000000000004
8.716038517827884e+18	3.0
8.726776266034748e+18	3.1
8.618627652645386e+18	3.2
8.588389071868489e+18	3.3000000000000003
8.506047569506162e+18	3.4000000000000004
8.326550454371865e+18	3.5
8.124089456862933e+18	3.6
7.764486278347142e+18	3.7
7.638957378669851e+18	3.8000000000000003
7.315291073038006e+18	3.9000000000000004
7.179990251470566e+18	4.0
6.958300981493936e+18	4.1000000000000005
6.707292724436489e+18	4.2
6.521947100421239e+18	4.3
6.216533865341819e+18	4.4
6.050539009124303e+18	4.5
5.787938818931544e+18	4.6000000000000005
5.635096357202204e+18	4.7
5.414567785838141e+18	4.800000000000001
5.166396172220282e+18	4.9
4.932384309216775e+18	5.0
4.722630069880522e+18	5.1000000000000005
4.5077178203972193e+18	5.2
4.255355964314034e+18	5.300000000000001
4.062086220666173e+18	5.4
3.820584504686353e+18	5.5
3.6125722686860257e+18	5.6000000000000005
3.431350726015624e+18	5.7
3.2564710909368975e+18	5.800000000000001
3.0439693793110943e+18	5.9
2.8723160051228785e+18	6.0
2.686181674240371e+18	6.1000000000000005
2.5219618746556826e+18	6.2
2.3721104310791685e+18	6.300000000000001
2.214422000036026e+18	6.4
2.079627677883949e+18	6.5
1.916565246057905e+18	6.6000000000000005
1.7813043366800113e+18	6.7
1.6418945465003223e+18	6.800000000000001
1.5296687750578696e+18	6.9
1.408520007370205e+18	7.0
1.2901406056001132e+18	7.1000000000000005
1.1975572393139397e+18	7.2
1.0890277090540227e+18	7.300000000000001
1.0157597851916915e+18	7.4
9.200419932756861e+17	7.5
8.490429403409176e+17	7.6000000000000005
7.691662308055026e+17	7.7
6.973963373211245e+17	7.800000000000001
6.429716919382636e+17	7.9
5.808239179940033e+17	8.0
5.256491985616793e+17	8.1
4.69268929235551e+17	8.200000000000001
4.260325150883331e+17	8.3
3.819153537299208e+17	8.4
3.435377000325132e+17	8.5
3.0925663211867296e+17	8.6
2.736875998687405e+17	8.700000000000001
2.471028375448095e+17	8.8
2.2001763839975107e+17	8.9
1.964620786900085e+17	9.0
1.7376608117563197e+17	9.1
1.5280841428041594e+17	9.200000000000001
1.359706049073927e+17	9.3
1.1877661248364651e+17	9.4
1.0475364960958669e+17	9.5
9.172348806767128e+16	9.600000000000001
8.013441617849613e+16	9.700000000000001
7.0338361717889896e+16	9.8
6.036728361649103e+16	9.9
5.175073603748397e+16	10.0
4.467935445449236e+16	10.100000000000001
3.781798766193108e+16	10.200000000000001
3.1906861382849188e+16	10.3
2.6533889500365812e+16	10.4
2.16731881860788e+16	10.5
1.734414047527948e+16	10.600000000000001
1.3059755716001816e+16	10.700000000000001
8660513512624219.0	10.8
1979307056272634.8	10.9
0.0	11.0
0.0	11.100000000000001
0.0	11.200000000000001
0.0	11.3
0.0	11.4
0.0	11.5
0.0	11.600000000000001
0.0	11.700000000000001
0.0	11.8
0.0	11.9
0.0	12.0
0.0	12.100000000000001
0.0	12.200000000000001
0.0	12.3
0.0	12.4
0.0	12.5
0.0	12.600000000000001
0.0	12.700000000000001
0.0	12.8
0.0	12.9
0.0	13.0
0.0	13.100000000000001
0.0	13.200000000000001
0.0	13.3
