a = 14146.514283881379 м
b = 11274.669548877288 м
x0 = 3232.7452188826783 м
vr = 2292.24402237266 м/с
A0 = 2.147428325564742 м
Xmax = 15322.893988155578 м
sigmaX = 4698.393451409764 м
sigmaY = 4320.680316267776 м
M0 = 4.396969667623471e+19 Н*м - интегральное значение сейсмического момента
Mr_max = 8.993224585391973e+18 Н*м/с - максимальное значение функции источника
1-ый столбец - источника
2-ой столбец - время
0.0	0.0
269736452881724.22	0.1
4.949549641586247e+16	0.2
9.961165273548608e+16	0.30000000000000004
1.5161898753837686e+17	0.4
2.04735700195258e+17	0.5
2.617955720957547e+17	0.6000000000000001
3.220106030796183e+17	0.7000000000000001
3.824413606528308e+17	0.8
4.5103834525020275e+17	0.9
5.2663556837132224e+17	1.0
6.139754036640504e+17	1.1
7.014129019319447e+17	1.2000000000000002
7.951442430644152e+17	1.3
8.999996412165728e+17	1.4000000000000001
1.0051977801973382e+18	1.5
1.112106206511824e+18	1.6
1.2539896037607227e+18	1.7000000000000002
1.3800093940099343e+18	1.8
1.5413457418753956e+18	1.9000000000000001
1.6940640729394412e+18	2.0
1.8475015689018941e+18	2.1
2.0314686347722322e+18	2.2
2.2420334825446902e+18	2.3000000000000003
2.439499834804021e+18	2.4000000000000004
2.647357170592462e+18	2.5
2.890920214655385e+18	2.6
3.1327667766294646e+18	2.7
3.360749649413917e+18	2.8000000000000003
3.6076552875071283e+18	2.9000000000000004
3.834051229479845e+18	3.0
4.1238983915758013e+18	3.1
4.3783150046835763e+18	3.2
4.62069274762559e+18	3.3000000000000003
4.919197266271359e+18	3.4000000000000004
5.216061809158886e+18	3.5
5.468988131633407e+18	3.6
5.777735985076314e+18	3.7
6.043376952327402e+18	3.8000000000000003
6.301380244550919e+18	3.9000000000000004
6.53309967885389e+18	4.0
6.886900025474681e+18	4.1000000000000005
7.097851290896653e+18	4.2
7.332419419304585e+18	4.3
7.575160880615164e+18	4.4
7.789251229852259e+18	4.5
8.039162852064132e+18	4.6000000000000005
8.137075438517319e+18	4.7
8.342043645864647e+18	4.800000000000001
8.521822895839695e+18	4.9
8.605432231785966e+18	5.0
8.68507774862968e+18	5.1000000000000005
8.795447696945142e+18	5.2
8.952133473287211e+18	5.300000000000001
8.90988121181361e+18	5.4
8.989874027016175e+18	5.5
8.993224585391973e+18	5.6000000000000005
8.978171432765043e+18	5.7
8.921240867147066e+18	5.800000000000001
8.808116709708925e+18	5.9
8.767311997671853e+18	6.0
8.607446462116217e+18	6.1000000000000005
8.516439112678921e+18	6.2
8.382648574128407e+18	6.300000000000001
8.187515919065466e+18	6.4
8.07919140691198e+18	6.5
7.837980148815034e+18	6.6000000000000005
7.653575098524511e+18	6.7
7.353740385175426e+18	6.800000000000001
7.191711895869051e+18	6.9
6.914438639602466e+18	7.0
6.714990940710808e+18	7.1000000000000005
6.394590923211098e+18	7.2
6.131546974753474e+18	7.300000000000001
5.826031061227188e+18	7.4
5.611620280011139e+18	7.5
5.332044894015486e+18	7.6000000000000005
5.075755507764305e+18	7.7
4.787168249775287e+18	7.800000000000001
4.5031735071472916e+18	7.9
4.272093195149471e+18	8.0
3.983552991145479e+18	8.1
3.723054910031073e+18	8.200000000000001
3.484782679729529e+18	8.3
3.235774075561057e+18	8.4
3.0338599773057377e+18	8.5
2.7840266686723185e+18	8.6
2.5713612846730747e+18	8.700000000000001
2.3842815714920115e+18	8.8
2.1753788088960694e+18	8.9
1.9922682347201981e+18	9.0
1.8251111547171937e+18	9.1
1.6666396436145272e+18	9.200000000000001
1.4979851493869245e+18	9.3
1.3537929243183012e+18	9.4
1.2254349803785377e+18	9.5
1.0975209017853234e+18	9.600000000000001
9.716088112641116e+17	9.700000000000001
8.680299199111767e+17	9.8
7.645039015983241e+17	9.9
6.74941442245738e+17	10.0
5.922131610835917e+17	10.100000000000001
5.12055596258514e+17	10.200000000000001
4.4113923852332256e+17	10.3
3.749479429932482e+17	10.4
3.14756189681613e+17	10.5
2.5883713547928362e+17	10.600000000000001
2.0726794521687613e+17	10.700000000000001
1.5810386258111814e+17	10.8
1.0885026095320072e+17	10.9
4.993448786769163e+16	11.0
0.0	11.100000000000001
0.0	11.200000000000001
0.0	11.3
0.0	11.4
0.0	11.5
0.0	11.600000000000001
0.0	11.700000000000001
0.0	11.8
0.0	11.9
