a = 7785.387394757494 м
b = 4930.208557517519 м
x0 = 2760.5259316960264 м
vr = 1726.2990159443743 м/с
A0 = 1.91593924968079 м
Xmax = 5926.7994576888905 м
sigmaX = 4270.058803049989 м
sigmaY = 4293.324353879286 м
M0 = 2.3067195897888494e+19 Н*м - интегральное значение сейсмического момента
Mr_max = 6.589586527753201e+18 Н*м/с - максимальное значение функции источника
1-ый столбец - источника
2-ой столбец - время
0.0	0.0
3771654749468911.5	0.1
5.23856201418465e+17	0.2
1.0425246766189112e+18	0.30000000000000004
1.5527445698692137e+18	0.4
2.0409743783456064e+18	0.5
2.5280935085694787e+18	0.6000000000000001
2.9897134742932695e+18	0.7000000000000001
3.463748166923105e+18	0.8
3.946373358314109e+18	0.9
4.3271892625875456e+18	1.0
4.720981985853945e+18	1.1
5.08628161741048e+18	1.2000000000000002
5.503878967453309e+18	1.3
5.922533998672216e+18	1.4000000000000001
6.218384523555217e+18	1.5
6.474517199754602e+18	1.6
6.589586527753201e+18	1.7000000000000002
5.891857891219172e+18	1.8
5.730893095659076e+18	1.9000000000000001
5.592851118826309e+18	2.0
5.552304218908585e+18	2.1
5.552753785124146e+18	2.2
5.555174241149254e+18	2.3000000000000003
5.484475561684277e+18	2.4000000000000004
5.434604687513632e+18	2.5
5.437994045510342e+18	2.6
5.356706426759294e+18	2.7
5.380573734959066e+18	2.8000000000000003
5.190709779728872e+18	2.9000000000000004
5.078368138091787e+18	3.0
5.007738419565391e+18	3.1
4.859690413629617e+18	3.2
4.778886484042536e+18	3.3000000000000003
4.688571184143295e+18	3.4000000000000004
4.5212923933364004e+18	3.5
4.3420929133197665e+18	3.6
4.212535501248509e+18	3.7
4.127289043412349e+18	3.8000000000000003
3.9478221353645276e+18	3.9000000000000004
3.781238298367858e+18	4.0
3.638934072247513e+18	4.1000000000000005
3.4836471931179786e+18	4.2
3.3264300976336056e+18	4.3
3.1902541348110024e+18	4.4
3.028886532304467e+18	4.5
2.8716734507392763e+18	4.6000000000000005
2.7449798393759176e+18	4.7
2.592489816453904e+18	4.800000000000001
2.3922512139577615e+18	4.9
2.2434088670649702e+18	5.0
2.1534486034234176e+18	5.1000000000000005
2.013795529785055e+18	5.2
1.8857675251544476e+18	5.300000000000001
1.73435266103867e+18	5.4
1.6039545841794908e+18	5.5
1.4820125248642248e+18	5.6000000000000005
1.3953821923337874e+18	5.7
1.2639458602407918e+18	5.800000000000001
1.1632963676386732e+18	5.9
1.0544602308751928e+18	6.0
9.649622319512787e+17	6.1000000000000005
8.795371280972104e+17	6.2
7.857943023244689e+17	6.300000000000001
7.133953109580192e+17	6.4
6.298501287382237e+17	6.5
5.639624166979948e+17	6.6000000000000005
4.9507642311181485e+17	6.7
4.345696334967474e+17	6.800000000000001
3.7633003033355386e+17	6.9
3.1905907227203334e+17	7.0
2.6624754146329603e+17	7.1000000000000005
2.152191913247314e+17	7.2
1.647138145362613e+17	7.300000000000001
1.133978326549842e+17	7.4
4.489503997790754e+16	7.5
0.0	7.6000000000000005
0.0	7.7
0.0	7.800000000000001
0.0	7.9
0.0	8.0
0.0	8.1
0.0	8.200000000000001
0.0	8.3
0.0	8.4
