a = 10256.897429501449 м
b = 10210.575363195321 м
x0 = 3108.17773319612 м
vr = 2008.207028144392 м/с
A0 = 1.737536586941761 м
Xmax = 9744.143752096272 м
sigmaX = 4419.501301197243 м
sigmaY = 4346.7046350964365 м
M0 = 3.302079334394465e+19 Н*м - интегральное значение сейсмического момента
Mr_max = 6.968894813190426e+18 Н*м/с - максимальное значение функции источника
1-ый столбец - источника
2-ой столбец - время
0.0	0.0
1696411009686284.0	0.1
2.749944338130424e+17	0.2
5.448892407756028e+17	0.30000000000000004
8.132339552940191e+17	0.4
1.0881115420222712e+18	0.5
1.3528163350646477e+18	0.6000000000000001
1.6144392917086223e+18	0.7000000000000001
1.8842779234067226e+18	0.8
2.1408022979374712e+18	0.9
2.4102762538994765e+18	1.0
2.6802602098011756e+18	1.1
2.918638417350501e+18	1.2000000000000002
3.182888011597937e+18	1.3
3.425732837762482e+18	1.4000000000000001
3.7166016509751163e+18	1.5
3.950648913660568e+18	1.6
4.080593065937341e+18	1.7000000000000002
4.241631000859542e+18	1.8
4.431841715048488e+18	1.9000000000000001
4.689280326511214e+18	2.0
4.906782466401889e+18	2.1
5.066800326114107e+18	2.2
5.199991211547611e+18	2.3000000000000003
5.421119471017331e+18	2.4000000000000004
5.63363086069664e+18	2.5
5.841459821998301e+18	2.6
5.984202485002941e+18	2.7
6.094596877579567e+18	2.8000000000000003
6.244527149433357e+18	2.9000000000000004
6.418191245731627e+18	3.0
6.538340242680237e+18	3.1
6.586252481260494e+18	3.2
6.707720065923902e+18	3.3000000000000003
6.815356009741982e+18	3.4000000000000004
6.869990146371245e+18	3.5
6.968894813190426e+18	3.6
6.930262367091297e+18	3.7
6.897278515980275e+18	3.8000000000000003
6.831554668990471e+18	3.9000000000000004
6.901461487000823e+18	4.0
6.890934908314665e+18	4.1000000000000005
6.819974778500404e+18	4.2
6.699794211541961e+18	4.3
6.523944521105675e+18	4.4
6.517394446511371e+18	4.5
6.433433399111548e+18	4.6000000000000005
6.249734228376141e+18	4.7
6.17625366488639e+18	4.800000000000001
5.982895044942157e+18	4.9
5.800596686619997e+18	5.0
5.662438293928119e+18	5.1000000000000005
5.493756430682907e+18	5.2
5.275139269050709e+18	5.300000000000001
5.087591214383639e+18	5.4
4.892528792417719e+18	5.5
4.73641057398481e+18	5.6000000000000005
4.5040951086848727e+18	5.7
4.2815141863277696e+18	5.800000000000001
4.087968015235264e+18	5.9
3.8775614387194865e+18	6.0
3.7051163001331287e+18	6.1000000000000005
3.491940047666904e+18	6.2
3.282293665718685e+18	6.300000000000001
3.0752018762573773e+18	6.4
2.8753906353101727e+18	6.5
2.726444967391376e+18	6.6000000000000005
2.5388898956510193e+18	6.7
2.3540843400016195e+18	6.800000000000001
2.2007435079151199e+18	6.9
2.0234633760321838e+18	7.0
1.8719698933448937e+18	7.1000000000000005
1.73544108214499e+18	7.2
1.5773484857911094e+18	7.300000000000001
1.4475685271254298e+18	7.4
1.3131588667695424e+18	7.5
1.1893746409405133e+18	7.6000000000000005
1.0779753943822819e+18	7.7
9.618820912053005e+17	7.800000000000001
8.560064123322131e+17	7.9
7.594726848174619e+17	8.0
6.619226334212884e+17	8.1
5.74906221930205e+17	8.200000000000001
4.889689356958653e+17	8.3
4.0837158354717024e+17	8.4
3.259408275569463e+17	8.5
2.4264853757545635e+17	8.6
1.4538224727220426e+17	8.700000000000001
0.0	8.8
0.0	8.9
0.0	9.0
0.0	9.1
0.0	9.200000000000001
0.0	9.3
0.0	9.4
0.0	9.5
0.0	9.600000000000001
