a = 9135.571271303063 м
b = 8737.414165028917 м
x0 = 7342.85699468866 м
vr = 2162.826494050414 м/с
A0 = 0.8431129693376316 м
Xmax = 9945.042713406909 м
sigmaX = 4444.765713736937 м
sigmaY = 4217.896023795491 м
M0 = 1.4679851664375914e+19 Н*м - интегральное значение сейсмического момента
Mr_max = 4.729507411128393e+18 Н*м/с - максимальное значение функции источника
1-ый столбец - источника
2-ой столбец - время
0.0	0.0
2305121367458905.0	0.1
3.9624235975691206e+17	0.2
7.874684546684563e+17	0.30000000000000004
1.1695302323118223e+18	0.4
1.5389811745423252e+18	0.5
1.8887237568648707e+18	0.6000000000000001
2.2369105853431933e+18	0.7000000000000001
2.561066657368331e+18	0.8
2.8741238662649016e+18	0.9
3.1336606039606405e+18	1.0
3.409000629283962e+18	1.1
3.661594884724368e+18	1.2000000000000002
3.864734569084574e+18	1.3
4.0707222550921006e+18	1.4000000000000001
4.2220856496342333e+18	1.5
4.3590133382446413e+18	1.6
4.4897877234370545e+18	1.7000000000000002
4.6047574934166897e+18	1.8
4.705493735552046e+18	1.9000000000000001
4.729507411128393e+18	2.0
4.719733758141618e+18	2.1
4.692579228037806e+18	2.2
4.697650475641539e+18	2.3000000000000003
4.704381777392608e+18	2.4000000000000004
4.666087092511676e+18	2.5
4.559150915593379e+18	2.6
4.467920829306304e+18	2.7
4.320156693386882e+18	2.8000000000000003
4.2310955617880847e+18	2.9000000000000004
4.100789547686255e+18	3.0
3.9761055680490926e+18	3.1
3.7742672073482424e+18	3.2
3.659187467170405e+18	3.3000000000000003
3.4825830833585925e+18	3.4000000000000004
3.3164786035765473e+18	3.5
2.980316230757471e+18	3.6
2.689363779215431e+18	3.7
2.4566551386093066e+18	3.8000000000000003
2.3054558961837614e+18	3.9000000000000004
2.1111448137317332e+18	4.0
1.9236292297330353e+18	4.1000000000000005
1.7569944256896607e+18	4.2
1.5836776245920817e+18	4.3
1.4138242182742582e+18	4.4
1.2403646853099348e+18	4.5
1.0977735713060389e+18	4.6000000000000005
9.574269501377725e+17	4.7
7.945459973949079e+17	4.800000000000001
6.512930675341204e+17	4.9
4.848895531758907e+17	5.0
2.7728315107778886e+17	5.1000000000000005
0.0	5.2
0.0	5.300000000000001
0.0	5.4
0.0	5.5
0.0	5.6000000000000005
0.0	5.7
0.0	5.800000000000001
0.0	5.9
0.0	6.0
