a = 12292.834494385688 м
b = 15710.336290670075 м
x0 = 7540.098878346888 м
vr = 1827.4944384596115 м/с
A0 = 1.2024973105017975 м
Xmax = 10447.015681226248 м
sigmaX = 4137.882035232499 м
sigmaY = 4208.8195345103695 м
M0 = 2.27417362514673e+19 Н*м - интегральное значение сейсмического момента
Mr_max = 5.617140206323759e+18 Н*м/с - максимальное значение функции источника
1-ый столбец - источника
2-ой столбец - время
0.0	0.0
2577655972954760.0	0.1
3.785566956817132e+17	0.2
7.529557207277359e+17	0.30000000000000004
1.1139115387286676e+18	0.4
1.4771224006383299e+18	0.5
1.8376973278871852e+18	0.6000000000000001
2.1698408004199813e+18	0.7000000000000001
2.5047247236539075e+18	0.8
2.8296892981824246e+18	0.9
3.100083440770378e+18	1.0
3.4265689444029266e+18	1.1
3.6762433233531986e+18	1.2000000000000002
3.944391905169208e+18	1.3
4.215526701007768e+18	1.4000000000000001
4.416891261881094e+18	1.5
4.668697513887827e+18	1.6
4.762055089498745e+18	1.7000000000000002
4.967161439931565e+18	1.8
5.076384944411472e+18	1.9000000000000001
5.177535490338728e+18	2.0
5.406374089621885e+18	2.1
5.469884108413843e+18	2.2
5.381366286085901e+18	2.3000000000000003
5.543006863203944e+18	2.4000000000000004
5.617140206323759e+18	2.5
5.532283888644926e+18	2.6
5.528222187738817e+18	2.7
5.556801513041251e+18	2.8000000000000003
5.479050960321918e+18	2.9000000000000004
5.447015593577785e+18	3.0
5.42950044297001e+18	3.1
5.310709252450518e+18	3.2
5.142307967435595e+18	3.3000000000000003
5.008796115391911e+18	3.4000000000000004
4.949711208538757e+18	3.5
4.856526395075774e+18	3.6
4.700280759692099e+18	3.7
4.553803853255169e+18	3.8000000000000003
4.4115961322657644e+18	3.9000000000000004
4.3109959556306683e+18	4.0
4.0973828225783967e+18	4.1000000000000005
3.9731040566722954e+18	4.2
3.756545118434041e+18	4.3
3.5106265442676705e+18	4.4
3.341998520351139e+18	4.5
3.208611256554e+18	4.6000000000000005
3.0256987957875164e+18	4.7
2.8644287379328527e+18	4.800000000000001
2.6972487586835354e+18	4.9
2.55427383875073e+18	5.0
2.4031535322330793e+18	5.1000000000000005
2.2396767212011218e+18	5.2
2.1197247354385587e+18	5.300000000000001
1.9980350119327634e+18	5.4
1.841871514832497e+18	5.5
1.7117421046560148e+18	5.6000000000000005
1.6109996139720164e+18	5.7
1.4842639463878623e+18	5.800000000000001
1.3796734596014728e+18	5.9
1.272606763107344e+18	6.0
1.1696213146124572e+18	6.1000000000000005
1.0861259560479743e+18	6.2
9.917825722876211e+17	6.300000000000001
9.081819624289376e+17	6.4
8.28366039972928e+17	6.5
7.59463115476449e+17	6.6000000000000005
6.748468458304776e+17	6.7
6.272464258058624e+17	6.800000000000001
5.712714681054189e+17	6.9
5.1391914003455635e+17	7.0
4.703701798086273e+17	7.1000000000000005
4.209227031619907e+17	7.2
3.812587248909809e+17	7.300000000000001
3.381824254209387e+17	7.4
3.042082048143035e+17	7.5
2.729744097999532e+17	7.6000000000000005
2.4329187879331795e+17	7.7
2.1566621579820106e+17	7.800000000000001
1.9449050933772698e+17	7.9
1.71668970022934e+17	8.0
1.5127906400175533e+17	8.1
1.3384349240230238e+17	8.200000000000001
1.1867846817084976e+17	8.3
1.0332895865338077e+17	8.4
9.060442887663352e+16	8.5
7.966508105189472e+16	8.6
6.963052560577733e+16	8.700000000000001
6.0092407648197896e+16	8.8
5.245555275222103e+16	8.9
4.533990685837774e+16	9.0
3.913395303903348e+16	9.1
3.3772554625881636e+16	9.200000000000001
2.8954022585628812e+16	9.3
2.4665278190096724e+16	9.4
1.1565610563039558e+16	9.5
4838297595404656.0	9.600000000000001
0.0	9.700000000000001
0.0	9.8
0.0	9.9
0.0	10.0
0.0	10.100000000000001
0.0	10.200000000000001
0.0	10.3
0.0	10.4
0.0	10.5
0.0	10.600000000000001
0.0	10.700000000000001
0.0	10.8
0.0	10.9
0.0	11.0
0.0	11.100000000000001
0.0	11.200000000000001
0.0	11.3
0.0	11.4
0.0	11.5
0.0	11.600000000000001
0.0	11.700000000000001
0.0	11.8
0.0	11.9
0.0	12.0
0.0	12.100000000000001
0.0	12.200000000000001
0.0	12.3
0.0	12.4
0.0	12.5
0.0	12.600000000000001
0.0	12.700000000000001
0.0	12.8
0.0	12.9
0.0	13.0
0.0	13.100000000000001
0.0	13.200000000000001
0.0	13.3
0.0	13.4
0.0	13.5
0.0	13.600000000000001
0.0	13.700000000000001
0.0	13.8
0.0	13.9
0.0	14.0
