a = 8052.900041777046 м
b = 5919.255961157025 м
x0 = 1722.2809873566155 м
vr = 1892.5784623669733 м/с
A0 = 1.6320726706609001 м
Xmax = 7897.678562552037 м
sigmaX = 4982.813067500435 м
sigmaY = 4952.651876225037 м
M0 = 2.598619401161837e+19 Н*м - интегральное значение сейсмического момента
Mr_max = 5.446489243209682e+18 Н*м/с - максимальное значение функции источника
1-ый столбец - источника
2-ой столбец - время
0.0	0.0
2151038743067474.5	0.1
3.2698300905308205e+17	0.2
6.493766939702554e+17	0.30000000000000004
9.734398926755398e+17	0.4
1.270237616502387e+18	0.5
1.5986474052643666e+18	0.6000000000000001
1.9042857294100268e+18	0.7000000000000001
2.2026760337254497e+18	0.8
2.507442444704762e+18	0.9
2.8008014892495933e+18	1.0
2.8015409585868923e+18	1.1
2.863949713936509e+18	1.2000000000000002
3.0446783086170204e+18	1.3
3.184264880305454e+18	1.4000000000000001
3.3137701425105843e+18	1.5
3.4970750309471764e+18	1.6
3.6283600442361795e+18	1.7000000000000002
3.7991315124315464e+18	1.8
3.947487934770589e+18	1.9000000000000001
4.118122510674332e+18	2.0
4.2256486002757816e+18	2.1
4.395489465309505e+18	2.2
4.5743046889384064e+18	2.3000000000000003
4.709814493785476e+18	2.4000000000000004
4.778336219687219e+18	2.5
4.965419539680332e+18	2.6
4.968473166343213e+18	2.7
5.12026558242067e+18	2.8000000000000003
5.185908480953752e+18	2.9000000000000004
5.239259582305953e+18	3.0
5.31557838153655e+18	3.1
5.371102943270144e+18	3.2
5.429035379210424e+18	3.3000000000000003
5.390402549635841e+18	3.4000000000000004
5.435239093095117e+18	3.5
5.388337399361354e+18	3.6
5.446489243209682e+18	3.7
5.339806497783733e+18	3.8000000000000003
5.353779342045072e+18	3.9000000000000004
5.329939033804206e+18	4.0
5.371190041287045e+18	4.1000000000000005
5.157006504919621e+18	4.2
5.204960443291077e+18	4.3
5.016488873511916e+18	4.4
4.87033471958579e+18	4.5
4.920787458518572e+18	4.6000000000000005
4.742135553791514e+18	4.7
4.642135750424963e+18	4.800000000000001
4.484161647570614e+18	4.9
4.3507439348270346e+18	5.0
4.2278486884688845e+18	5.1000000000000005
4.082508545944127e+18	5.2
3.980408019707773e+18	5.300000000000001
3.812753116153922e+18	5.4
3.679867494574802e+18	5.5
3.5065073768901007e+18	5.6000000000000005
3.354291184989021e+18	5.7
3.195350537520513e+18	5.800000000000001
3.046084299081853e+18	5.9
2.9069450919434045e+18	6.0
2.693906186516191e+18	6.1000000000000005
2.577831483494007e+18	6.2
2.413798042579406e+18	6.300000000000001
2.2270067809927365e+18	6.4
2.0654932411302533e+18	6.5
1.9167234219980982e+18	6.6000000000000005
1.7855898325288957e+18	6.7
1.607445620580896e+18	6.800000000000001
1.4790798549239964e+18	6.9
1.3221446260741565e+18	7.0
1.176635336472943e+18	7.1000000000000005
1.0315598869378337e+18	7.2
8.848525551786331e+17	7.300000000000001
7.318877255208686e+17	7.4
5.724612963368835e+17	7.5
3.89017129445078e+17	7.6000000000000005
3.694573950297676e+16	7.7
0.0	7.800000000000001
0.0	7.9
0.0	8.0
0.0	8.1
0.0	8.200000000000001
0.0	8.3
0.0	8.4
0.0	8.5
