a = 9321.049289315666 м
b = 6529.629247931079 м
x0 = 1983.0679402083779 м
vr = 2238.805856088271 м/с
A0 = 1.2923322299822233 м
Xmax = 7481.18844922366 м
sigmaX = 4203.570246811719 м
sigmaY = 4719.9966303550555 м
M0 = 2.0354847398078116e+19 Н*м - интегральное значение сейсмического момента
Mr_max = 5.330210268190562e+18 Н*м/с - максимальное значение функции источника
1-ый столбец - источника
2-ой столбец - время
0.0	0.0
1846093514798098.2	0.1
3.324364815610427e+17	0.2
6.545212489583843e+17	0.30000000000000004
9.859876624620283e+17	0.4
1.3053898678151823e+18	0.5
1.6205549474005586e+18	0.6000000000000001
1.9470376056736778e+18	0.7000000000000001
2.256809237791098e+18	0.8
2.572911582554862e+18	0.9
2.7630808786036224e+18	1.0
2.9025118982914063e+18	1.1
3.0226268086082734e+18	1.2000000000000002
3.1991201198257106e+18	1.3
3.4099547026394445e+18	1.4000000000000001
3.570628853963412e+18	1.5
3.821665515406356e+18	1.6
3.971761414292245e+18	1.7000000000000002
4.148442274684808e+18	1.8
4.39698119420624e+18	1.9000000000000001
4.56725880130355e+18	2.0
4.670059282276004e+18	2.1
4.832733761126823e+18	2.2
4.996738577945778e+18	2.3000000000000003
5.072401291626313e+18	2.4000000000000004
5.191380094326664e+18	2.5
5.271786534070046e+18	2.6
5.239272369106911e+18	2.7
5.327744626186436e+18	2.8000000000000003
5.330210268190562e+18	2.9000000000000004
5.261430265619104e+18	3.0
5.256916622586474e+18	3.1
5.210452879534432e+18	3.2
5.160681241578068e+18	3.3000000000000003
5.040038717624998e+18	3.4000000000000004
4.970692784142091e+18	3.5
4.841680083795152e+18	3.6
4.738734373490396e+18	3.7
4.615308816738638e+18	3.8000000000000003
4.453088997242202e+18	3.9000000000000004
4.178014347081152e+18	4.0
4.0864403455681224e+18	4.1000000000000005
3.8860885891411323e+18	4.2
3.704700716238426e+18	4.3
3.5207821247937674e+18	4.4
3.362216905968389e+18	4.5
3.12782942885543e+18	4.6000000000000005
2.9238014454613637e+18	4.7
2.726377409299843e+18	4.800000000000001
2.561320629417922e+18	4.9
2.381883464314245e+18	5.0
2.2186925977041759e+18	5.1000000000000005
2.019844479384571e+18	5.2
1.8643720266643784e+18	5.300000000000001
1.6893729450251095e+18	5.4
1.5437819746717033e+18	5.5
1.413354870652466e+18	5.6000000000000005
1.2775701947729782e+18	5.7
1.148304041233638e+18	5.800000000000001
1.0084048987560863e+18	5.9
9.028204096423429e+17	6.0
8.144206159143121e+17	6.1000000000000005
7.063417835165829e+17	6.2
6.2386364884594e+17	6.300000000000001
5.4326744903109715e+17	6.4
4.624740692783301e+17	6.5
3.992576672338542e+17	6.6000000000000005
3.40221524945471e+17	6.7
2.8475013531264317e+17	6.800000000000001
2.3942882235803235e+17	6.9
1.942587759527624e+17	7.0
1.5665840023693075e+17	7.1000000000000005
1.2215582973312494e+17	7.2
9.143008185597307e+16	7.300000000000001
6.13821507878271e+16	7.4
2.9710404367205196e+16	7.5
0.0	7.6000000000000005
0.0	7.7
0.0	7.800000000000001
0.0	7.9
0.0	8.0
0.0	8.1
0.0	8.200000000000001
0.0	8.3
0.0	8.4
