a = 13782.31162776556 м
b = 13137.236190934696 м
x0 = 7407.449995495525 м
vr = 2175.732859205809 м/с
A0 = 2.0784450589399497 м
Xmax = 14217.464365932616 м
sigmaX = 4546.173700783429 м
sigmaY = 4323.108901149791 м
M0 = 4.335068332471946e+19 Н*м - интегральное значение сейсмического момента
Mr_max = 9.494129723772387e+18 Н*м/с - максимальное значение функции источника
1-ый столбец - источника
2-ой столбец - время
0.0	0.0
2210766897902564.5	0.1
3.871751372420012e+17	0.2
7.67534812620698e+17	0.30000000000000004
1.1578018022301663e+18	0.4
1.5269691819745587e+18	0.5
1.8928429197059062e+18	0.6000000000000001
2.2939042930769925e+18	0.7000000000000001
2.668187624658153e+18	0.8
3.0411668844172713e+18	0.9
3.398293775672281e+18	1.0
3.78830523868603e+18	1.1
4.107329845437776e+18	1.2000000000000002
4.4610061601163064e+18	1.3
4.88093493428511e+18	1.4000000000000001
5.149934441443228e+18	1.5
5.580615798907837e+18	1.6
5.880791321877305e+18	1.7000000000000002
6.237110769579338e+18	1.8
6.5797737008781e+18	1.9000000000000001
6.808765425351107e+18	2.0
7.101920637244322e+18	2.1
7.482890526630821e+18	2.2
7.753471996269049e+18	2.3000000000000003
7.95383838991432e+18	2.4000000000000004
8.179500182857247e+18	2.5
8.40657045908534e+18	2.6
8.594962735577279e+18	2.7
8.743116863616582e+18	2.8000000000000003
8.944320637279139e+18	2.9000000000000004
9.038137152873561e+18	3.0
9.249891301197642e+18	3.1
9.283721716713882e+18	3.2
9.43487831504509e+18	3.3000000000000003
9.444056601210466e+18	3.4000000000000004
9.431211765157081e+18	3.5
9.494129723772387e+18	3.6
9.387334291692188e+18	3.7
9.3180063361573e+18	3.8000000000000003
9.242554703286798e+18	3.9000000000000004
9.175672555838313e+18	4.0
9.044088172743357e+18	4.1000000000000005
8.868372578807985e+18	4.2
8.713389871438546e+18	4.3
8.575499624093391e+18	4.4
8.280308890016427e+18	4.5
8.182779716759973e+18	4.6000000000000005
7.986224064580232e+18	4.7
7.661657826854644e+18	4.800000000000001
7.448332775272015e+18	4.9
7.186700336949195e+18	5.0
6.924274165545763e+18	5.1000000000000005
6.636193990406652e+18	5.2
6.426387786092716e+18	5.300000000000001
6.073304304135893e+18	5.4
5.852317030830293e+18	5.5
5.558498483661718e+18	5.6000000000000005
5.275814999469796e+18	5.7
4.940203255149617e+18	5.800000000000001
4.710413124839312e+18	5.9
4.4659452925884063e+18	6.0
4.1604835648673577e+18	6.1000000000000005
3.909012456948584e+18	6.2
3.660617543797328e+18	6.300000000000001
3.4111016791656125e+18	6.4
3.1658562186708147e+18	6.5
2.945001027652928e+18	6.6000000000000005
2.722127617814968e+18	6.7
2.4937153131145554e+18	6.800000000000001
2.3207806526685763e+18	6.9
2.1287588591636012e+18	7.0
1.9441609343626545e+18	7.1000000000000005
1.7827624863390968e+18	7.2
1.636994117223016e+18	7.300000000000001
1.4718495143423017e+18	7.4
1.3420495389597315e+18	7.5
1.215026772126695e+18	7.6000000000000005
1.091904567748945e+18	7.7
9.791193869427547e+17	7.800000000000001
8.852422637547386e+17	7.9
7.862313166893951e+17	8.0
6.94808533368659e+17	8.1
6.167380812158158e+17	8.200000000000001
5.4526829633821146e+17	8.3
4.739407787702899e+17	8.4
4.161929248654643e+17	8.5
3.6059987447143424e+17	8.6
3.0859230156429414e+17	8.700000000000001
2.6137006555382496e+17	8.8
2.170630998382419e+17	8.9
1.7807227092160755e+17	9.0
1.3933296243159808e+17	9.1
1.014660007572237e+17	9.200000000000001
5.904420803146401e+16	9.3
0.0	9.4
0.0	9.5
0.0	9.600000000000001
0.0	9.700000000000001
0.0	9.8
0.0	9.9
0.0	10.0
0.0	10.100000000000001
0.0	10.200000000000001
