a = 12850.581475112425 м
b = 16009.580575528536 м
x0 = 10091.82883223314 м
vr = 2120.23414641869 м/с
A0 = 0.5017950862167458 м
Xmax = 16440.946753549204 м
sigmaX = 4716.190320341094 м
sigmaY = 4189.683042461361 м
M0 = 1.0048616029241825e+19 Н*м - интегральное значение сейсмического момента
Mr_max = 2.1877576832412252e+18 Н*м/с - максимальное значение функции источника
1-ый столбец - источника
2-ой столбец - время
0.0	0.0
645425085185792.8	0.1
1.1033233585316958e+17	0.2
2.1795889415930147e+17	0.30000000000000004
3.2263866250128326e+17	0.4
4.30499538512141e+17	0.5
5.384821828781847e+17	0.6000000000000001
6.410194468801313e+17	0.7000000000000001
7.372857282490918e+17	0.8
8.37251982960266e+17	0.9
9.262982686277338e+17	1.0
1.0258394914215713e+18	1.1
1.1221830159712751e+18	1.2000000000000002
1.2117109028371796e+18	1.3
1.2998014022310612e+18	1.4000000000000001
1.3921428081254116e+18	1.5
1.463663465701608e+18	1.6
1.5539913718936338e+18	1.7000000000000002
1.6373006525532186e+18	1.8
1.6947679545292047e+18	1.9000000000000001
1.7620549633103145e+18	2.0
1.8136319321493425e+18	2.1
1.8798043828577418e+18	2.2
1.93249978147051e+18	2.3000000000000003
1.9952035750385917e+18	2.4000000000000004
2.0319486497051246e+18	2.5
2.062176096758012e+18	2.6
2.0992291075685169e+18	2.7
2.1338089444058473e+18	2.8000000000000003
2.160494157596154e+18	2.9000000000000004
2.1641618430902275e+18	3.0
2.1877576832412252e+18	3.1
2.177567861747842e+18	3.2
2.1787722978519913e+18	3.3000000000000003
2.1801781212318986e+18	3.4000000000000004
2.1863207017388664e+18	3.5
2.1785874822804488e+18	3.6
2.1593589242847782e+18	3.7
2.1139020564479462e+18	3.8000000000000003
2.0988683671254346e+18	3.9000000000000004
2.0879307139742863e+18	4.0
2.0215812711235855e+18	4.1000000000000005
1.9870221984669985e+18	4.2
1.9525669483193e+18	4.3
1.8872406157554468e+18	4.4
1.8634870292387878e+18	4.5
1.8172609908059397e+18	4.6000000000000005
1.753624161803848e+18	4.7
1.6998823165150653e+18	4.800000000000001
1.6474903165742062e+18	4.9
1.5931257445309914e+18	5.0
1.5393852401652111e+18	5.1000000000000005
1.4660187691788787e+18	5.2
1.4161476561827564e+18	5.300000000000001
1.352225128499783e+18	5.4
1.2884803777666496e+18	5.5
1.220588191481242e+18	5.6000000000000005
1.1585536833354058e+18	5.7
1.1002400380541713e+18	5.800000000000001
1.0420009822592225e+18	5.9
9.815106666652718e+17	6.0
9.310497863497381e+17	6.1000000000000005
8.725807639996826e+17	6.2
8.173050067306478e+17	6.300000000000001
7.651872167343713e+17	6.4
7.163440030734071e+17	6.5
6.707359631637256e+17	6.6000000000000005
6.237615626781322e+17	6.7
5.789229351799354e+17	6.800000000000001
5.387550154306354e+17	6.9
4.9665150409337754e+17	7.0
4.565214641040432e+17	7.1000000000000005
4.2103940055383296e+17	7.2
3.897102862263237e+17	7.300000000000001
3.562536023030211e+17	7.4
1.836766055640448e+17	7.5
7.646731099918974e+16	7.6000000000000005
3.4735624007215536e+16	7.7
1.483609234813671e+16	7.800000000000001
5122647310238346.0	7.9
0.0	8.0
0.0	8.1
0.0	8.200000000000001
0.0	8.3
0.0	8.4
0.0	8.5
0.0	8.6
0.0	8.700000000000001
0.0	8.8
0.0	8.9
0.0	9.0
0.0	9.1
0.0	9.200000000000001
0.0	9.3
0.0	9.4
0.0	9.5
0.0	9.600000000000001
0.0	9.700000000000001
0.0	9.8
0.0	9.9
0.0	10.0
0.0	10.100000000000001
0.0	10.200000000000001
0.0	10.3
0.0	10.4
0.0	10.5
0.0	10.600000000000001
0.0	10.700000000000001
0.0	10.8
0.0	10.9
0.0	11.0
0.0	11.100000000000001
0.0	11.200000000000001
0.0	11.3
