a = 12155.331008888827 м
b = 14380.178055923087 м
x0 = 11942.657320767637 м
vr = 2251.9928305962367 м/с
A0 = 0.3966259461316812 м
Xmax = 13509.024839610902 м
sigmaX = 4179.638474178934 м
sigmaY = 4981.2559085451485 м
M0 = 8.590782807301884e+18 Н*м - интегральное значение сейсмического момента
Mr_max = 2.6171904008104934e+18 Н*м/с - максимальное значение функции источника
1-ый столбец - источника
2-ой столбец - время
0.0	0.0
1249203067620889.2	0.1
2.2211370494341274e+17	0.2
4.489753888913915e+17	0.30000000000000004
6.630511299710638e+17	0.4
8.728579499702205e+17	0.5
1.0682257095439931e+18	0.6000000000000001
1.2615205862753815e+18	0.7000000000000001
1.4511424116548595e+18	0.8
1.5985486352403953e+18	0.9
1.778009941646501e+18	1.0
1.916021458535331e+18	1.1
2.0405284637464394e+18	1.2000000000000002
2.1790684654324529e+18	1.3
2.2755058990108396e+18	1.4000000000000001
2.3672348505796475e+18	1.5
2.4261463414021146e+18	1.6
2.5012332024134134e+18	1.7000000000000002
2.539622256559137e+18	1.8
2.5564654535442e+18	1.9000000000000001
2.6171904008104934e+18	2.0
2.578643849495246e+18	2.1
2.586100019909947e+18	2.2
2.5725044783918013e+18	2.3000000000000003
2.55591727309819e+18	2.4000000000000004
2.4939376357870003e+18	2.5
2.466050871093106e+18	2.6
2.4169348696673997e+18	2.7
2.3071335716147456e+18	2.8000000000000003
2.246232261588428e+18	2.9000000000000004
2.180071971953488e+18	3.0
2.088209110046285e+18	3.1
2.0094435200892524e+18	3.2
1.929275356010293e+18	3.3000000000000003
1.8342598447004582e+18	3.4000000000000004
1.728115621276736e+18	3.5
1.6399680545164308e+18	3.6
1.5610547951531164e+18	3.7
1.459085351152208e+18	3.8000000000000003
1.3684764774391117e+18	3.9000000000000004
1.287739024676952e+18	4.0
1.1931019324902815e+18	4.1000000000000005
1.104135054038448e+18	4.2
1.029835643822238e+18	4.3
9.558155584726403e+17	4.4
8.763940149566175e+17	4.5
8.078324301393896e+17	4.6000000000000005
7.394118196972179e+17	4.7
6.740076089825143e+17	4.800000000000001
6.148499637246254e+17	4.9
5.624808260571505e+17	5.0
5.047418951777359e+17	5.1000000000000005
4.580505961972444e+17	5.2
4.1569350562933325e+17	5.300000000000001
3.7318912676275117e+17	5.4
3.2786384272222624e+17	5.5
2.809271562283476e+17	5.6000000000000005
2.188861688261974e+17	5.7
1.7611083117421494e+17	5.800000000000001
1.439805092761666e+17	5.9
1.1594490639405806e+17	6.0
9.144934095127208e+16	6.1000000000000005
6.960659094754678e+16	6.2
4.966387372223638e+16	6.300000000000001
2.998946572926604e+16	6.4
0.0	6.5
0.0	6.6000000000000005
0.0	6.7
0.0	6.800000000000001
0.0	6.9
0.0	7.0
0.0	7.1000000000000005
0.0	7.2
0.0	7.300000000000001
0.0	7.4
0.0	7.5
0.0	7.6000000000000005
0.0	7.7
0.0	7.800000000000001
0.0	7.9
0.0	8.0
0.0	8.1
0.0	8.200000000000001
0.0	8.3
0.0	8.4
