a = 12985.458560982916 м
b = 8443.820108104612 м
x0 = 5359.07970654057 м
vr = 2066.936646160626 м/с
A0 = 1.9195650603489716 м
Xmax = 11540.139003211358 м
sigmaX = 4536.307759198115 м
sigmaY = 4031.5056458494255 м
M0 = 3.5619912969845907e+19 Н*м - интегральное значение сейсмического момента
Mr_max = 7.656636635629083e+18 Н*м/с - максимальное значение функции источника
1-ый столбец - источника
2-ой столбец - время
0.0	0.0
2352791594264058.5	0.1
3.9321870743216544e+17	0.2
7.788696974915099e+17	0.30000000000000004
1.163514981913265e+18	0.4
1.5373551304661366e+18	0.5
1.914409789742422e+18	0.6000000000000001
2.2976568410128425e+18	0.7000000000000001
2.643272912672463e+18	0.8
3.00967498650629e+18	0.9
3.3621339566656906e+18	1.0
3.7214811112687985e+18	1.1
4.065807133454003e+18	1.2000000000000002
4.3859411792831104e+18	1.3
4.67893437329171e+18	1.4000000000000001
4.996685398571455e+18	1.5
5.331030910786316e+18	1.6
5.622763953806698e+18	1.7000000000000002
5.880143855865112e+18	1.8
6.162687500729172e+18	1.9000000000000001
6.404648438355831e+18	2.0
6.566464980691143e+18	2.1
6.928328765618861e+18	2.2
7.094605613251597e+18	2.3000000000000003
7.222715871310355e+18	2.4000000000000004
7.41420837185366e+18	2.5
7.650954469338573e+18	2.6
7.627518409336487e+18	2.7
7.52099550079943e+18	2.8000000000000003
7.570330563859334e+18	2.9000000000000004
7.521942394670546e+18	3.0
7.632266100636189e+18	3.1
7.500680283237333e+18	3.2
7.656636635629083e+18	3.3000000000000003
7.541013559368301e+18	3.4000000000000004
7.559581703175294e+18	3.5
7.483147713796211e+18	3.6
7.465106539640266e+18	3.7
7.380839847789294e+18	3.8000000000000003
7.199959125312825e+18	3.9000000000000004
7.248927692500583e+18	4.0
6.954969592370372e+18	4.1000000000000005
6.914875485486014e+18	4.2
6.682569116137317e+18	4.3
6.591061337532079e+18	4.4
6.372374466594077e+18	4.5
6.195699916410318e+18	4.6000000000000005
6.034876240193185e+18	4.7
5.811824197208688e+18	4.800000000000001
5.634833062414641e+18	4.9
5.389372205779556e+18	5.0
5.144671392140996e+18	5.1000000000000005
4.925465797387485e+18	5.2
4.750017904362102e+18	5.300000000000001
4.489995729604926e+18	5.4
4.326281447073088e+18	5.5
4.0831712432875336e+18	5.6000000000000005
3.849926580026709e+18	5.7
3.6432541049993677e+18	5.800000000000001
3.451103383554724e+18	5.9
3.231853633436244e+18	6.0
3.040729115996743e+18	6.1000000000000005
2.8531870566917125e+18	6.2
2.653567412504784e+18	6.300000000000001
2.4399863165928786e+18	6.4
2.2829410490524603e+18	6.5
2.1212676898216594e+18	6.6000000000000005
1.9798153696818767e+18	6.7
1.8057776852862618e+18	6.800000000000001
1.67517992738889e+18	6.9
1.548559792161891e+18	7.0
1.408669780980466e+18	7.1000000000000005
1.2840484611722378e+18	7.2
1.166293583294856e+18	7.300000000000001
1.0751886189287642e+18	7.4
9.706789846971064e+17	7.5
8.76778511692087e+17	7.6000000000000005
7.959131331053551e+17	7.7
7.088981758891846e+17	7.800000000000001
6.377521343205363e+17	7.9
5.650627728755424e+17	8.0
5.043627556206608e+17	8.1
4.4795450718283795e+17	8.200000000000001
4.011315145985042e+17	8.3
3.5152991085896794e+17	8.4
3.089728505576419e+17	8.5
2.721197930302511e+17	8.6
2.378547737147766e+17	8.700000000000001
2.0597891283039702e+17	8.8
1.775512905960155e+17	8.9
1.5200366244459475e+17	9.0
1.306783344315005e+17	9.1
1.1069699252708341e+17	9.200000000000001
9.298768130486365e+16	9.3
7.710422087269792e+16	9.4
6.3949290389187256e+16	9.5
5.130740281967917e+16	9.600000000000001
4.069532412566162e+16	9.700000000000001
3.0782848619147268e+16	9.8
2.17055770498013e+16	9.9
1.246185402548711e+16	10.0
0.0	10.100000000000001
0.0	10.200000000000001
0.0	10.3
0.0	10.4
0.0	10.5
0.0	10.600000000000001
0.0	10.700000000000001
0.0	10.8
0.0	10.9
