a = 15303.578237141139 м
b = 17714.21437974422 м
x0 = 6531.213225038409 м
vr = 1547.6547195307094 м/с
A0 = 0.44387534794978434 м
Xmax = 15919.070389636408 м
sigmaX = 4614.518485527493 м
sigmaY = 4946.762680518221 м
M0 = 1.0707955436228958e+19 Н*м - интегральное значение сейсмического момента
Mr_max = 1.5288966970850578e+18 Н*м/с - максимальное значение функции источника
1-ый столбец - источника
2-ой столбец - время
0.0	0.0
130319802824979.86	0.1
1.6174687687565232e+16	0.2
3.228405640366278e+16	0.30000000000000004
4.877027047249154e+16	0.4
6.531519467465555e+16	0.5
8.135110329630528e+16	0.6000000000000001
9.801497935519317e+16	0.7000000000000001
1.1479980761689834e+17	0.8
1.326791547749701e+17	0.9
1.500541312347092e+17	1.0
1.6667396812377898e+17	1.1
1.8798085583099242e+17	1.2000000000000002
2.078347125271127e+17	1.3
2.2533238005746832e+17	1.4000000000000001
2.4645516825300202e+17	1.5
2.699162321129439e+17	1.6
2.8955593747263706e+17	1.7000000000000002
3.138271265258923e+17	1.8
3.3722777345394925e+17	1.9000000000000001
3.606056019571229e+17	2.0
3.843619187970759e+17	2.1
4.071348028556288e+17	2.2
4.370688311347255e+17	2.3000000000000003
4.623984333465834e+17	2.4000000000000004
4.895079660173269e+17	2.5
5.226495022722466e+17	2.6
5.444028474939599e+17	2.7
5.764672219915123e+17	2.8000000000000003
6.069425511783489e+17	2.9000000000000004
6.362211940629946e+17	3.0
6.672588900387976e+17	3.1
7.001864733651956e+17	3.2
7.286777938532522e+17	3.3000000000000003
7.714818813677522e+17	3.4000000000000004
7.949942827076581e+17	3.5
8.35756271735475e+17	3.6
8.562536060162061e+17	3.7
8.889587317076799e+17	3.8000000000000003
9.316142658734113e+17	3.9000000000000004
9.591821171412352e+17	4.0
9.962829394373289e+17	4.1000000000000005
1.0245759329964641e+18	4.2
1.0533535796078962e+18	4.3
1.1008521884052148e+18	4.4
1.1198492367665969e+18	4.5
1.1431072348564547e+18	4.6000000000000005
1.1942848718836726e+18	4.7
1.210575702236019e+18	4.800000000000001
1.237433058125015e+18	4.9
1.2662851795030546e+18	5.0
1.2927892295633208e+18	5.1000000000000005
1.3262359122745193e+18	5.2
1.3419086433966618e+18	5.300000000000001
1.3697454563999946e+18	5.4
1.3733884631306565e+18	5.5
1.3983468411942136e+18	5.6000000000000005
1.4235502449386135e+18	5.7
1.4431753458463552e+18	5.800000000000001
1.4491961250143107e+18	5.9
1.4652162016354908e+18	6.0
1.4820556327910684e+18	6.1000000000000005
1.4938080901246446e+18	6.2
1.514159489305598e+18	6.300000000000001
1.5144009531693059e+18	6.4
1.5128714601040617e+18	6.5
1.5095826592684562e+18	6.6000000000000005
1.5288966970850578e+18	6.7
1.5144842089879404e+18	6.800000000000001
1.5239850902834322e+18	6.9
1.522741669069148e+18	7.0
1.5108488720287974e+18	7.1000000000000005
1.4934355363730962e+18	7.2
1.487889064717927e+18	7.300000000000001
1.4801766287327242e+18	7.4
1.4590779442528786e+18	7.5
1.4541222562927887e+18	7.6000000000000005
1.4306765484774897e+18	7.7
1.4172140118096673e+18	7.800000000000001
1.3981727333889285e+18	7.9
1.3749035376865208e+18	8.0
1.361455442679754e+18	8.1
1.340722169783381e+18	8.200000000000001
1.3058591974072556e+18	8.3
1.2858438249471521e+18	8.4
1.251609086333009e+18	8.5
1.2327593610237443e+18	8.6
1.2110620641324014e+18	8.700000000000001
1.1778162982393684e+18	8.8
1.1409708493935395e+18	8.9
1.1132607339897393e+18	9.0
1.090337716411704e+18	9.1
1.0593981244237335e+18	9.200000000000001
1.0183498621715738e+18	9.3
9.885075972625066e+17	9.4
9.615295209027012e+17	9.5
9.3053160277304e+17	9.600000000000001
8.994757037557362e+17	9.700000000000001
8.6488744081445e+17	9.8
8.345227059477275e+17	9.9
8.043098667224154e+17	10.0
7.729880245105926e+17	10.100000000000001
7.397563856941382e+17	10.200000000000001
7.06634973967882e+17	10.3
6.768088182470141e+17	10.4
6.508370741578228e+17	10.5
6.240518942987652e+17	10.600000000000001
5.904375738012436e+17	10.700000000000001
5.6470556950555283e+17	10.8
5.4079147536063834e+17	10.9
5.126591232714457e+17	11.0
4.918939723346876e+17	11.100000000000001
4.680496935898647e+17	11.200000000000001
4.428778000210521e+17	11.3
4.175922717447118e+17	11.4
3.970429630843217e+17	11.5
3.7345605382317414e+17	11.600000000000001
3.4670564894474246e+17	11.700000000000001
3.30770792376463e+17	11.8
3.105237326656941e+17	11.9
2.900775322439597e+17	12.0
2.730574544205762e+17	12.100000000000001
2.5759281751585325e+17	12.200000000000001
2.4249596470435683e+17	12.3
2.2642586908396842e+17	12.4
2.1106812538075798e+17	12.5
1.96248509101159e+17	12.600000000000001
1.838513357153255e+17	12.700000000000001
1.7101770297905555e+17	12.8
1.590142482763452e+17	12.9
1.48210798862542e+17	13.0
1.374860311525112e+17	13.100000000000001
1.2750084486693386e+17	13.200000000000001
1.1824706495505512e+17	13.3
1.0917141683812467e+17	13.4
1.0093336285523685e+17	13.5
9.333666520175058e+16	13.600000000000001
8.560120480505016e+16	13.700000000000001
7.87970599900978e+16	13.8
7.219206182059221e+16	13.9
6.62667169087858e+16	14.0
6.061843014068252e+16	14.100000000000001
5.541488825311782e+16	14.200000000000001
5.06603161465211e+16	14.3
4.623785655556079e+16	14.4
4.192482050107455e+16	14.5
3.799242705014198e+16	14.600000000000001
3.4350043218587052e+16	14.700000000000001
3.104329379467903e+16	14.8
2.7835104897603776e+16	14.9
2.4743731114499284e+16	15.0
2.1921347013918244e+16	15.100000000000001
1.914487540538245e+16	15.200000000000001
1.6501401751725466e+16	15.3
1.3646464422476704e+16	15.4
1.055996588781903e+16	15.5
6415082190386674.0	15.600000000000001
0.0	15.700000000000001
0.0	15.8
0.0	15.9
0.0	16.0
0.0	16.1
0.0	16.2
0.0	16.3
0.0	16.400000000000002
0.0	16.5
0.0	16.6
0.0	16.7
0.0	16.8
0.0	16.900000000000002
0.0	17.0
0.0	17.1
0.0	17.2
0.0	17.3
0.0	17.400000000000002
0.0	17.5
0.0	17.6
0.0	17.7
0.0	17.8
0.0	17.900000000000002
0.0	18.0
0.0	18.1
0.0	18.2
0.0	18.3
0.0	18.400000000000002
0.0	18.5
0.0	18.6
0.0	18.7
0.0	18.8
0.0	18.900000000000002
0.0	19.0
0.0	19.1
0.0	19.200000000000003
0.0	19.3
0.0	19.400000000000002
0.0	19.5
0.0	19.6
