a = 9121.623482045025 м
b = 9391.59136259622 м
x0 = 4269.146154954962 м
vr = 2128.610070124692 м/с
A0 = 1.3002565088938232 м
Xmax = 6895.2027699511345 м
sigmaX = 4965.417542716447 м
sigmaY = 4056.23330662185 м
M0 = 2.3836038072253706e+19 Н*м - интегральное значение сейсмического момента
Mr_max = 7.620899605950555e+18 Н*м/с - максимальное значение функции источника
1-ый столбец - источника
2-ой столбец - время
0.0	0.0
3610100011383140.5	0.1
6.096933247980782e+17	0.2
1.219112590737322e+18	0.30000000000000004
1.7997750532157181e+18	0.4
2.385239799188762e+18	0.5
2.935092464628701e+18	0.6000000000000001
3.475348601426499e+18	0.7000000000000001
3.982696680359094e+18	0.8
4.4853621662856305e+18	0.9
4.903879082783704e+18	1.0
5.347437749886779e+18	1.1
5.721914374586408e+18	1.2000000000000002
6.028779221637311e+18	1.3
6.421687217552821e+18	1.4000000000000001
6.671686117082103e+18	1.5
6.939200777673038e+18	1.6
7.14178454657215e+18	1.7000000000000002
7.26452834147066e+18	1.8
7.444187656273359e+18	1.9000000000000001
7.498388351188717e+18	2.0
7.620899605950555e+18	2.1
7.004232204023523e+18	2.2
6.738128998590768e+18	2.3000000000000003
6.54545453534259e+18	2.4000000000000004
6.370263776084177e+18	2.5
6.131494146854033e+18	2.6
5.955353813720086e+18	2.7
5.751938981493072e+18	2.8000000000000003
5.576613526216037e+18	2.9000000000000004
5.416793679444009e+18	3.0
5.200990093865649e+18	3.1
5.0505739332681e+18	3.2
4.817032405796972e+18	3.3000000000000003
4.662535750565925e+18	3.4000000000000004
4.4695822580577956e+18	3.5
4.2279723241915735e+18	3.6
4.045201101239075e+18	3.7
3.865745391202967e+18	3.8000000000000003
3.6510590026836367e+18	3.9000000000000004
3.4719034362292434e+18	4.0
3.2855749228461e+18	4.1000000000000005
3.11862762255583e+18	4.2
2.9471042987487677e+18	4.3
2.776071681736198e+18	4.4
2.595050292611466e+18	4.5
2.419457558964996e+18	4.6000000000000005
2.2609579249711032e+18	4.7
2.0847998516939377e+18	4.800000000000001
1.9808873678642557e+18	4.9
1.8060678114925066e+18	5.0
1.6665111850769838e+18	5.1000000000000005
1.565130315228175e+18	5.2
1.4382755751085194e+18	5.300000000000001
1.3168310582647206e+18	5.4
1.201775756359999e+18	5.5
1.0914882170005466e+18	5.6000000000000005
9.903216076334432e+17	5.7
9.039029881663246e+17	5.800000000000001
8.117798201015895e+17	5.9
7.196475184903322e+17	6.0
6.330395703255329e+17	6.1000000000000005
5.5381872118148314e+17	6.2
4.710360385658004e+17	6.300000000000001
3.8779568655192506e+17	6.4
2.9824906863628077e+17	6.5
1.83005080182139e+17	6.6000000000000005
0.0	6.7
0.0	6.800000000000001
0.0	6.9
0.0	7.0
0.0	7.1000000000000005
0.0	7.2
0.0	7.300000000000001
0.0	7.4
0.0	7.5
0.0	7.6000000000000005
0.0	7.7
0.0	7.800000000000001
