a = 17072.948854273403 м
b = 18015.003714958166 м
x0 = 1887.3074189196732 м
vr = 1826.341999160867 м/с
A0 = 1.1224710081725346 м
Xmax = 17524.234449938376 м
sigmaX = 4487.071742001679 м
sigmaY = 4364.801512116335 м
M0 = 2.2415382170826113e+19 Н*м - интегральное значение сейсмического момента
Mr_max = 3.7273788905137556e+18 Н*м/с - максимальное значение функции источника
1-ый столбец - источника
2-ой столбец - время
0.0	0.0
7106065925775.8545	0.1
1048832562740514.9	0.2
2116700383269223.8	0.30000000000000004
3240479313895106.5	0.4
4425323871931429.0	0.5
5711476626729458.0	0.6000000000000001
7135213312858736.0	0.7000000000000001
8693713514380949.0	0.8
1.052545747556061e+16	0.9
1.2442028146687896e+16	1.0
1.4693514547903522e+16	1.1
1.7052755888029264e+16	1.2000000000000002
1.9862159108393756e+16	1.3
2.283187565824793e+16	1.4000000000000001
2.6748765178542664e+16	1.5
3.050960857493676e+16	1.6
3.531035531100697e+16	1.7000000000000002
4.046682173854157e+16	1.8
4.654323434027868e+16	1.9000000000000001
5.318167461079795e+16	2.0
6.084151909386422e+16	2.1
6.825772287932718e+16	2.2
7.879117300697229e+16	2.3000000000000003
8.829897878216104e+16	2.4000000000000004
9.932399936060477e+16	2.5
1.1218600755813802e+17	2.6
1.2540208519555067e+17	2.7
1.385282715779042e+17	2.8000000000000003
1.577310987253009e+17	2.9000000000000004
1.758427138244269e+17	3.0
1.940846749089184e+17	3.1
2.1498545313936042e+17	3.2
2.389879898680559e+17	3.3000000000000003
2.6497189616677446e+17	3.4000000000000004
2.912202285339141e+17	3.5
3.1887875134463424e+17	3.6
3.531425232560552e+17	3.7
3.842943600320019e+17	3.8000000000000003
4.2390104317250566e+17	3.9000000000000004
4.598483714396931e+17	4.0
5.0041600404455494e+17	4.1000000000000005
5.4821988028865683e+17	4.2
5.920377114499105e+17	4.3
6.409828049366944e+17	4.4
6.983834294243146e+17	4.5
7.431222210143731e+17	4.6000000000000005
8.120907372049888e+17	4.7
8.687939579524396e+17	4.800000000000001
9.297395944017742e+17	4.9
9.937244288592316e+17	5.0
1.0684105825531255e+18	5.1000000000000005
1.1317298600730755e+18	5.2
1.209543168462148e+18	5.300000000000001
1.2951437429498688e+18	5.4
1.3680565394202834e+18	5.5
1.4487614610566377e+18	5.6000000000000005
1.537210661821718e+18	5.7
1.6290605423201836e+18	5.800000000000001
1.7026022144731392e+18	5.9
1.7986826645327977e+18	6.0
1.8849604373335342e+18	6.1000000000000005
1.9704920313430072e+18	6.2
2.0730369605581256e+18	6.300000000000001
2.177234113971441e+18	6.4
2.2416631598864916e+18	6.5
2.3612373917429883e+18	6.6000000000000005
2.4656059407473224e+18	6.7
2.546908449633213e+18	6.800000000000001
2.6189185670792003e+18	6.9
2.7358751104194396e+18	7.0
2.800609051482524e+18	7.1000000000000005
2.8932880543295964e+18	7.2
2.989264441869507e+18	7.300000000000001
3.0406752688985477e+18	7.4
3.12262833835113e+18	7.5
3.2119723681839693e+18	7.6000000000000005
3.2744167423470367e+18	7.7
3.3305474006146975e+18	7.800000000000001
3.410356535768312e+18	7.9
3.4735304013136614e+18	8.0
3.475462594460803e+18	8.1
3.586169700572576e+18	8.200000000000001
3.5790002722735913e+18	8.3
3.601473530065776e+18	8.4
3.6333454767936123e+18	8.5
3.67803925099664e+18	8.6
3.6854301128267807e+18	8.700000000000001
3.7172924671054904e+18	8.8
3.6793052102006175e+18	8.9
3.7273788905137556e+18	9.0
3.688509996039138e+18	9.1
3.6884941360844396e+18	9.200000000000001
3.6725864857271393e+18	9.3
3.634378790625592e+18	9.4
3.5745413798228966e+18	9.5
3.5321131319599857e+18	9.600000000000001
3.521182464701604e+18	9.700000000000001
3.4666875669575654e+18	9.8
3.395806270334772e+18	9.9
3.3307410801856343e+18	10.0
3.3027548262293524e+18	10.100000000000001
3.228804906084043e+18	10.200000000000001
3.122260980552658e+18	10.3
3.0419214966372603e+18	10.4
2.958642695307374e+18	10.5
2.902360723328762e+18	10.600000000000001
2.803139992354972e+18	10.700000000000001
2.7062924692538004e+18	10.8
2.6314087450108436e+18	10.9
2.5666755291151293e+18	11.0
2.4398920280388736e+18	11.100000000000001
2.3441264084735304e+18	11.200000000000001
2.2638172105249846e+18	11.3
2.1724838257806326e+18	11.4
2.1013915166401633e+18	11.5
1.9881989602375176e+18	11.600000000000001
1.9035500604216061e+18	11.700000000000001
1.804272086144133e+18	11.8
1.7308300544767954e+18	11.9
1.6408786365131343e+18	12.0
1.548376686164809e+18	12.100000000000001
1.475089705736537e+18	12.200000000000001
1.3889276872682066e+18	12.3
1.3047691758679775e+18	12.4
1.2391159636988733e+18	12.5
1.1655492583710868e+18	12.600000000000001
1.0872918944252355e+18	12.700000000000001
1.0218750316171899e+18	12.8
9.531583427424566e+17	12.9
8.89336915244958e+17	13.0
8.300851861731629e+17	13.100000000000001
7.717523413685165e+17	13.200000000000001
7.18834012674303e+17	13.3
6.666795248034698e+17	13.4
6.133637766445409e+17	13.5
5.6681818295391834e+17	13.600000000000001
5.254498391257716e+17	13.700000000000001
4.8081504516115296e+17	13.8
4.447498371010364e+17	13.9
4.0566397320325984e+17	14.0
3.726174739524624e+17	14.100000000000001
3.4320339769364506e+17	14.200000000000001
3.132948547387969e+17	14.3
2.830015642654081e+17	14.4
2.5998481610356058e+17	14.5
2.3481623675727517e+17	14.600000000000001
2.1422233874775792e+17	14.700000000000001
1.9442474114402582e+17	14.8
1.7559637593225782e+17	14.9
1.574669346176684e+17	15.0
1.4286256773567227e+17	15.100000000000001
1.2817473726901605e+17	15.200000000000001
1.1559471937113258e+17	15.3
1.0306430548528925e+17	15.4
9.2252894346933e+16	15.5
8.280053668884238e+16	15.600000000000001
7.381175848525309e+16	15.700000000000001
6.5765818229805016e+16	15.8
5.8290277875475384e+16	15.9
5.1574254206092504e+16	16.0
4.563582605387424e+16	16.1
4.034411297515857e+16	16.2
3.5593145349898804e+16	16.3
3.1328079449458236e+16	16.400000000000002
2.7421306398525732e+16	16.5
2.3956954455718964e+16	16.6
2.091958628960644e+16	16.7
1.811742798149837e+16	16.8
1.5704841971843634e+16	16.900000000000002
1.3472314272144118e+16	17.0
1.151167734347495e+16	17.1
9711413047858760.0	17.2
8088657367547602.0	17.3
6632835126370368.0	17.400000000000002
5203686849420277.0	17.5
3799027821662575.5	17.6
2216940929696263.0	17.7
0.0	17.8
0.0	17.900000000000002
0.0	18.0
0.0	18.1
0.0	18.2
0.0	18.3
0.0	18.400000000000002
0.0	18.5
0.0	18.6
0.0	18.7
0.0	18.8
0.0	18.900000000000002
0.0	19.0
0.0	19.1
0.0	19.200000000000003
0.0	19.3
0.0	19.400000000000002
0.0	19.5
0.0	19.6
