a = 12553.57452875759 м
b = 13311.765271884362 м
x0 = 8076.940969348427 м
vr = 2192.881359804077 м/с
A0 = 2.125024913369993 м
Xmax = 11306.136816882734 м
sigmaX = 4388.137141431828 м
sigmaY = 4951.065323283193 м
M0 = 4.890097648771623e+19 Н*м - интегральное значение сейсмического момента
Mr_max = 1.3024861112944953e+19 Н*м/с - максимальное значение функции источника
1-ый столбец - источника
2-ой столбец - время
0.0	0.0
5334574383084057.0	0.1
9.382912066778747e+17	0.2
1.8614441108481618e+18	0.30000000000000004
2.755524525453041e+18	0.4
3.666297589369997e+18	0.5
4.5458808511171405e+18	0.6000000000000001
5.382592747536132e+18	0.7000000000000001
6.156123978624061e+18	0.8
6.925204826168177e+18	0.9
7.684613480623872e+18	1.0
8.371319304001273e+18	1.1
9.072910991639665e+18	1.2000000000000002
9.636618890614442e+18	1.3
1.0234876064270563e+19	1.4000000000000001
1.0755717502771591e+19	1.5
1.1177032713321517e+19	1.6
1.1610790203169511e+19	1.7000000000000002
1.1944950324096838e+19	1.8
1.2351712229289589e+19	1.9000000000000001
1.258444517401937e+19	2.0
1.2708279518112666e+19	2.1
1.292478170211681e+19	2.2
1.2937616460033657e+19	2.3000000000000003
1.2962329191569644e+19	2.4000000000000004
1.3024861112944953e+19	2.5
1.2955574129245356e+19	2.6
1.2819078652263557e+19	2.7
1.2796012843906513e+19	2.8000000000000003
1.2555203174752252e+19	2.9000000000000004
1.2438575414787334e+19	3.0
1.2168121712958478e+19	3.1
1.1888286934686427e+19	3.2
1.1518239140849762e+19	3.3000000000000003
1.1286411056324983e+19	3.4000000000000004
1.0882386354550954e+19	3.5
1.0564206959138294e+19	3.6
1.0152417421793055e+19	3.7
9.678194899880135e+18	3.8000000000000003
9.175249122711987e+18	3.9000000000000004
8.813211573069103e+18	4.0
8.360304955695628e+18	4.1000000000000005
7.96530912686204e+18	4.2
7.505291035483041e+18	4.3
7.074826691312656e+18	4.4
6.677144147366725e+18	4.5
6.204815601806445e+18	4.6000000000000005
5.857840556520561e+18	4.7
5.468702435057165e+18	4.800000000000001
5.068974847885505e+18	4.9
4.691989809710476e+18	5.0
4.365978056240435e+18	5.1000000000000005
4.037875519153556e+18	5.2
3.687429424825577e+18	5.300000000000001
3.3840671819124777e+18	5.4
3.103795546639279e+18	5.5
2.7607005188090383e+18	5.6000000000000005
2.585215033080004e+18	5.7
2.3202156474979067e+18	5.800000000000001
2.1137771004820488e+18	5.9
1.8882920470940833e+18	6.0
1.6974330509147203e+18	6.1000000000000005
1.501536068231311e+18	6.2
1.3351272056809585e+18	6.300000000000001
1.1810736588980892e+18	6.4
1.0430866825384172e+18	6.5
9.085219289710683e+17	6.6000000000000005
7.90292248237934e+17	6.7
6.825083610901788e+17	6.800000000000001
5.851989365740952e+17	6.9
4.9797030115920045e+17	7.0
4.179462270073437e+17	7.1000000000000005
3.492083238893759e+17	7.2
2.871025231906228e+17	7.300000000000001
2.3227934416257178e+17	7.4
1.8191859999360003e+17	7.5
1.367306169366864e+17	7.6000000000000005
9.53529188769744e+16	7.7
5.321393368265827e+16	7.800000000000001
0.0	7.9
0.0	8.0
0.0	8.1
0.0	8.200000000000001
0.0	8.3
0.0	8.4
0.0	8.5
0.0	8.6
0.0	8.700000000000001
0.0	8.8
0.0	8.9
0.0	9.0
0.0	9.1
0.0	9.200000000000001
0.0	9.3
0.0	9.4
