a = 10796.689067342208 м
b = 7238.465233821958 м
x0 = 6889.270563275916 м
vr = 1536.3838329750017 м/с
A0 = 2.186882053130106 м
Xmax = 13141.548696017206 м
sigmaX = 4328.224999392565 м
sigmaY = 4967.854444363804 м
M0 = 3.8669319025475805e+19 Н*м - интегральное значение сейсмического момента
Mr_max = 7.493691856410998e+18 Н*м/с - максимальное значение функции источника
1-ый столбец - источника
2-ой столбец - время
0.0	0.0
1775841300673320.5	0.1
2.1685717338366317e+17	0.2
4.3765596850856115e+17	0.30000000000000004
6.586248423575181e+17	0.4
8.72041900466419e+17	0.5
1.0854968919475789e+18	0.6000000000000001
1.2950914545463186e+18	0.7000000000000001
1.491290182115995e+18	0.8
1.723643484804961e+18	0.9
1.9370494467604063e+18	1.0
2.1566490681228498e+18	1.1
2.374877840225655e+18	1.2000000000000002
2.5658991778345697e+18	1.3
2.7815616073983293e+18	1.4000000000000001
3.023105392129509e+18	1.5
3.204498538235496e+18	1.6
3.39443659756139e+18	1.7000000000000002
3.639839526269609e+18	1.8
3.811504338683063e+18	1.9000000000000001
4.0469329146320425e+18	2.0
4.2468142176002724e+18	2.1
4.445563793539949e+18	2.2
4.629023405451597e+18	2.3000000000000003
4.809811354092195e+18	2.4000000000000004
5.073711242562763e+18	2.5
5.213491384899507e+18	2.6
5.395704292635493e+18	2.7
5.584574388315708e+18	2.8000000000000003
5.808458351178053e+18	2.9000000000000004
5.924937465783963e+18	3.0
6.11123359492326e+18	3.1
6.264233626531012e+18	3.2
6.431193027947536e+18	3.3000000000000003
6.522531954129689e+18	3.4000000000000004
6.66031735172604e+18	3.5
6.876175703267321e+18	3.6
6.973554556825196e+18	3.7
7.031972890515565e+18	3.8000000000000003
7.159514764893373e+18	3.9000000000000004
7.28389348535519e+18	4.0
7.296086126778988e+18	4.1000000000000005
7.493691856410998e+18	4.2
7.301144055413666e+18	4.3
7.142431027752388e+18	4.4
7.08640272725967e+18	4.5
7.140735627161238e+18	4.6000000000000005
7.142230230948516e+18	4.7
7.022194047155971e+18	4.800000000000001
6.99437901121628e+18	4.9
6.878415777817244e+18	5.0
6.801753958651169e+18	5.1000000000000005
6.650833303557585e+18	5.2
6.675727702438054e+18	5.300000000000001
6.447484833853682e+18	5.4
6.338312739669195e+18	5.5
6.270979683864514e+18	5.6000000000000005
6.071877560902451e+18	5.7
5.896722676701584e+18	5.800000000000001
5.798858421070938e+18	5.9
5.646813075962626e+18	6.0
5.509765398936892e+18	6.1000000000000005
5.362998186577966e+18	6.2
5.182992201215906e+18	6.300000000000001
5.016469666616675e+18	6.4
4.791672007217152e+18	6.5
4.642738530172683e+18	6.6000000000000005
4.4076709428505595e+18	6.7
4.2702905352509594e+18	6.800000000000001
4.0469023400514017e+18	6.9
3.9241326789197036e+18	7.0
3.731720932387221e+18	7.1000000000000005
3.5525436498308475e+18	7.2
3.3740541626131543e+18	7.300000000000001
3.1384562941390776e+18	7.4
2.9655474696349696e+18	7.5
2.821370965657311e+18	7.6000000000000005
2.6796287427598853e+18	7.7
2.49664083810807e+18	7.800000000000001
2.327310454410046e+18	7.9
2.1730825690553692e+18	8.0
2.0226483673738156e+18	8.1
1.8794271429656443e+18	8.200000000000001
1.7331388253101665e+18	8.3
1.5943379402608215e+18	8.4
1.457587933823873e+18	8.5
1.3220909916172495e+18	8.6
1.2053363897899228e+18	8.700000000000001
1.089566769399514e+18	8.8
9.653089565075108e+17	8.9
8.557963249432987e+17	9.0
7.487496084029147e+17	9.1
6.400985194228163e+17	9.200000000000001
5.404946280168588e+17	9.3
4.3462160791156806e+17	9.4
3.264267291410214e+17	9.5
1.9895346942001098e+17	9.600000000000001
0.0	9.700000000000001
0.0	9.8
0.0	9.9
0.0	10.0
0.0	10.100000000000001
0.0	10.200000000000001
0.0	10.3
0.0	10.4
0.0	10.5
