a = 12020.360901810049 м
b = 12227.42549813543 м
x0 = 1224.3507279053856 м
vr = 2158.0406879196357 м/с
A0 = 0.4297348639880983 м
Xmax = 8517.653471206919 м
sigmaX = 4301.6441491566 м
sigmaY = 4976.558761169268 м
M0 = 9.2697893414767e+18 Н*м - интегральное значение сейсмического момента
Mr_max = 2.0634150804161718e+18 Н*м/с - максимальное значение функции источника
1-ый столбец - источника
2-ой столбец - время
0.0	0.0
330558351198453.06	0.1
5.766266137416649e+16	0.2
1.1487882708250106e+17	0.30000000000000004
1.724651232327324e+17	0.4
2.2867977589390122e+17	0.5
2.870204122854537e+17	0.6000000000000001
3.2715319172600774e+17	0.7000000000000001
3.5716862907607955e+17	0.8
4.078082762375054e+17	0.9
4.536334143909034e+17	1.0
5.058759939519495e+17	1.1
5.616007147817319e+17	1.2000000000000002
6.246006277294911e+17	1.3
6.866031268176256e+17	1.4000000000000001
7.528358854355647e+17	1.5
8.202554800296707e+17	1.6
8.872537313641082e+17	1.7000000000000002
9.608574169677665e+17	1.8
1.026014898269893e+18	1.9000000000000001
1.1047588210664631e+18	2.0
1.1653932780034537e+18	2.1
1.252479288207385e+18	2.2
1.3083072568266435e+18	2.3000000000000003
1.3829803389446874e+18	2.4000000000000004
1.4508396780795886e+18	2.5
1.5317842689056177e+18	2.6
1.5780272903011745e+18	2.7
1.652943925225902e+18	2.8000000000000003
1.687712391177062e+18	2.9000000000000004
1.7769779413349773e+18	3.0
1.8012142900461583e+18	3.1
1.857551694104744e+18	3.2
1.8710192236051474e+18	3.3000000000000003
1.9298095124615457e+18	3.4000000000000004
1.9502429601283704e+18	3.5
1.989649443955809e+18	3.6
1.9946794086807657e+18	3.7
2.043762357566243e+18	3.8000000000000003
2.035167695548667e+18	3.9000000000000004
2.0634150804161718e+18	4.0
2.0512881581893688e+18	4.1000000000000005
2.0557411809777085e+18	4.2
2.0298783914688364e+18	4.3
2.0311398056604285e+18	4.4
1.9896687564390858e+18	4.5
1.987699900311125e+18	4.6000000000000005
1.9239287323447363e+18	4.7
1.8914021310553175e+18	4.800000000000001
1.8334918595319926e+18	4.9
1.8024265247970465e+18	5.0
1.742563870941213e+18	5.1000000000000005
1.6940808590566492e+18	5.2
1.6242855830638605e+18	5.300000000000001
1.580176921976059e+18	5.4
1.4998259857666173e+18	5.5
1.4417241942328694e+18	5.6000000000000005
1.3708644925114737e+18	5.7
1.3113599231326659e+18	5.800000000000001
1.2482998284831974e+18	5.9
1.1870446250085765e+18	6.0
1.1108200538606287e+18	6.1000000000000005
1.0541655497778541e+18	6.2
9.918630367430254e+17	6.300000000000001
9.283459373337507e+17	6.4
8.780151384226285e+17	6.5
8.158435865280452e+17	6.6000000000000005
7.557483194258808e+17	6.7
7.013052799034408e+17	6.800000000000001
6.522395527420457e+17	6.9
5.994343805811473e+17	7.0
5.513536073316328e+17	7.1000000000000005
5.017702651476032e+17	7.2
4.5994899760144154e+17	7.300000000000001
4.1647185353898694e+17	7.4
3.8472757014217254e+17	7.5
3.4206712614039386e+17	7.6000000000000005
3.138820453296047e+17	7.7
2.7899632629389635e+17	7.800000000000001
2.5333204043018512e+17	7.9
2.2302754034965014e+17	8.0
2.0107805087959965e+17	8.1
1.7896258231390074e+17	8.200000000000001
1.5972894602358733e+17	8.3
1.4047383256506142e+17	8.4
1.2436926904781736e+17	8.5
1.0735689859121014e+17	8.6
9.497824360091162e+16	8.700000000000001
8.214546078310837e+16	8.8
7.102212983494566e+16	8.9
6.124343925376094e+16	9.0
5.306487233521006e+16	9.1
4.513993713284558e+16	9.200000000000001
3.850638237400434e+16	9.3
3.2427953318099176e+16	9.4
2.756466769015754e+16	9.5
2.2970437734871172e+16	9.600000000000001
1.907162914345714e+16	9.700000000000001
1.5696407742424568e+16	9.8
1.285408838741394e+16	9.9
1.038880879737172e+16	10.0
8284571156093424.0	10.100000000000001
6496097032688408.0	10.200000000000001
4931830625522541.0	10.3
3626783465705735.0	10.4
2471728363795739.5	10.5
1373544415768783.5	10.600000000000001
0.0	10.700000000000001
0.0	10.8
0.0	10.9
0.0	11.0
0.0	11.100000000000001
0.0	11.200000000000001
0.0	11.3
0.0	11.4
0.0	11.5
0.0	11.600000000000001
0.0	11.700000000000001
