a = 10545.13693864047 м
b = 7280.641509239346 м
x0 = 6470.788659734135 м
vr = 1873.3529606475981 м/с
A0 = 1.3228792740442905 м
Xmax = 7385.724006039469 м
sigmaX = 4819.0152804250565 м
sigmaY = 4485.710103145891 м
M0 = 2.431907305281525e+19 Н*м - интегральное значение сейсмического момента
Mr_max = 7.702580644409464e+18 Н*м/с - максимальное значение функции источника
1-ый столбец - источника
2-ой столбец - время
0.0	0.0
3651535742401594.5	0.1
5.5091481312824896e+17	0.2
1.0847574935202273e+18	0.30000000000000004
1.6242180523028342e+18	0.4
2.137826265798867e+18	0.5
2.626354824137787e+18	0.6000000000000001
3.1177248818368486e+18	0.7000000000000001
3.6007347263574733e+18	0.8
4.0358923681352356e+18	0.9
4.508356897322853e+18	1.0
4.886342759460308e+18	1.1
5.295789443738732e+18	1.2000000000000002
5.620350824227201e+18	1.3
5.981143765597272e+18	1.4000000000000001
6.239858949303953e+18	1.5
6.565764243928627e+18	1.6
6.765625693585848e+18	1.7000000000000002
6.997499264430258e+18	1.8
7.179262739722101e+18	1.9000000000000001
7.340142255000897e+18	2.0
7.423127663903303e+18	2.1
7.56198410470056e+18	2.2
7.611740687030388e+18	2.3000000000000003
7.661825899609375e+18	2.4000000000000004
7.701568846115263e+18	2.5
7.702580644409464e+18	2.6
7.596895807225006e+18	2.7
7.569216463905568e+18	2.8000000000000003
7.435200825143308e+18	2.9000000000000004
7.298694484514655e+18	3.0
7.251274168907568e+18	3.1
7.102164538740791e+18	3.2
6.925972755696177e+18	3.3000000000000003
6.164764481705914e+18	3.4000000000000004
4.833333262121901e+18	3.5
3.91734531660246e+18	3.6
3.5957575797609733e+18	3.7
3.3699385305177236e+18	3.8000000000000003
3.1460404137546163e+18	3.9000000000000004
2.944736055871477e+18	4.0
2.738838811655044e+18	4.1000000000000005
2.522934200554568e+18	4.2
2.3711682997658327e+18	4.3
2.196207292566032e+18	4.4
2.0382303316454313e+18	4.5
1.8897818506617848e+18	4.6000000000000005
1.7400090998159332e+18	4.7
1.618268043031211e+18	4.800000000000001
1.485180011941349e+18	4.9
1.370423162970633e+18	5.0
1.2595724005393818e+18	5.1000000000000005
1.1499464788947067e+18	5.2
1.0544265211107462e+18	5.300000000000001
9.69834242156834e+17	5.4
8.804119156075167e+17	5.5
7.926533148780072e+17	5.6000000000000005
7.222584569555882e+17	5.7
6.533474283429327e+17	5.800000000000001
5.876577909350473e+17	5.9
5.311744432441931e+17	6.0
4.8510410666677414e+17	6.1000000000000005
4.320464105963818e+17	6.2
3.89012243475429e+17	6.300000000000001
3.4748989469108666e+17	6.4
3.067903267958831e+17	6.5
2.7123190490291178e+17	6.6000000000000005
2.407777518400059e+17	6.7
2.0818302937505197e+17	6.800000000000001
1.8288170936963286e+17	6.9
1.5935587266392227e+17	7.0
1.3609900160439526e+17	7.1000000000000005
1.1579957066409827e+17	7.2
9.803403449941414e+16	7.300000000000001
8.123486933155926e+16	7.4
6.613302651604287e+16	7.5
5.2464725653657864e+16	7.6000000000000005
3.897700462295356e+16	7.7
2.5189396537151384e+16	7.800000000000001
5227223558985196.0	7.9
0.0	8.0
0.0	8.1
0.0	8.200000000000001
0.0	8.3
0.0	8.4
0.0	8.5
0.0	8.6
0.0	8.700000000000001
0.0	8.8
