a = 11267.39466467436 м
b = 6761.622070426394 м
x0 = 2682.10734083272 м
vr = 2107.0822637302213 м/с
A0 = 0.5526567169811896 м
Xmax = 11184.515411351407 м
sigmaX = 4979.644941556768 м
sigmaY = 4227.791354590316 м
M0 = 1.005637221628666e+19 Н*м - интегральное значение сейсмического момента
Mr_max = 1.9645671099808018e+18 Н*м/с - максимальное значение функции источника
1-ый столбец - источника
2-ой столбец - время
0.0	0.0
407008867988449.8	0.1
6.880207847103224e+16	0.2
1.3653127636645133e+17	0.30000000000000004
2.0543020892771917e+17	0.4
2.729949870012471e+17	0.5
3.428295983293128e+17	0.6000000000000001
4.0767197682616685e+17	0.7000000000000001
4.785689569315843e+17	0.8
5.459253853079029e+17	0.9
6.169214951061798e+17	1.0
6.826732074510171e+17	1.1
7.472765463643516e+17	1.2000000000000002
8.231160282025581e+17	1.3
8.59895832718749e+17	1.4000000000000001
8.823395314503318e+17	1.5
9.295850684848346e+17	1.6
9.769123273551756e+17	1.7000000000000002
1.031791767953394e+18	1.8
1.0714151985603434e+18	1.9000000000000001
1.1464789259443487e+18	2.0
1.2060987155628065e+18	2.1
1.2657514663221926e+18	2.2
1.3128986216022973e+18	2.3000000000000003
1.360332602875985e+18	2.4000000000000004
1.440847346016388e+18	2.5
1.483432062311885e+18	2.6
1.5189149613381693e+18	2.7
1.5832128456927365e+18	2.8000000000000003
1.6453455595436536e+18	2.9000000000000004
1.6783778523457329e+18	3.0
1.7178459001972805e+18	3.1
1.7440235324697098e+18	3.2
1.7983193549172726e+18	3.3000000000000003
1.824494507796263e+18	3.4000000000000004
1.837346658384122e+18	3.5
1.8730445286820726e+18	3.6
1.911961422094723e+18	3.7
1.9196763043744228e+18	3.8000000000000003
1.9259439288033523e+18	3.9000000000000004
1.9549531266432668e+18	4.0
1.9344411966745236e+18	4.1000000000000005
1.9645671099808018e+18	4.2
1.9613367275322586e+18	4.3
1.936499079011332e+18	4.4
1.9362852383541696e+18	4.5
1.9237401730962273e+18	4.6000000000000005
1.913722765106462e+18	4.7
1.8957184194275261e+18	4.800000000000001
1.8363789643940319e+18	4.9
1.8183154787081805e+18	5.0
1.7951925119389394e+18	5.1000000000000005
1.7773097837546499e+18	5.2
1.7162664211860244e+18	5.300000000000001
1.699972416175726e+18	5.4
1.6542280649232438e+18	5.5
1.6024934686564774e+18	5.6000000000000005
1.5520213676283791e+18	5.7
1.523588251837321e+18	5.800000000000001
1.4544472472191951e+18	5.9
1.4103776039490184e+18	6.0
1.3520360878013473e+18	6.1000000000000005
1.3022643014595003e+18	6.2
1.24223090726461e+18	6.300000000000001
1.2010955922965353e+18	6.4
1.1334495708857628e+18	6.5
1.0883493237227419e+18	6.6000000000000005
1.0391993848380763e+18	6.7
9.77127668097479e+17	6.800000000000001
9.196465465019921e+17	6.9
8.696275473897903e+17	7.0
8.265192877477734e+17	7.1000000000000005
7.608585055416769e+17	7.2
7.182416821580111e+17	7.300000000000001
6.73811829650992e+17	7.4
6.296155019742061e+17	7.5
5.871451286870653e+17	7.6000000000000005
5.397008962459119e+17	7.7
4.987510523657719e+17	7.800000000000001
4.5697974276086144e+17	7.9
4.161266895969228e+17	8.0
3.8153143318786765e+17	8.1
3.489688959257416e+17	8.200000000000001
3.1464521813737126e+17	8.3
2.834973008925179e+17	8.4
2.541793955479491e+17	8.5
2.2563370363088214e+17	8.6
1.9958075739099085e+17	8.700000000000001
1.751901077969287e+17	8.8
1.5146925397623386e+17	8.9
1.2931905779338469e+17	9.0
1.0853019842498973e+17	9.1
8.79544695986984e+16	9.200000000000001
6.790394027813055e+16	9.3
4.659518691212851e+16	9.4
1.8655002236237124e+16	9.5
0.0	9.600000000000001
0.0	9.700000000000001
0.0	9.8
0.0	9.9
0.0	10.0
0.0	10.100000000000001
0.0	10.200000000000001
0.0	10.3
0.0	10.4
