a = 16250.104707907165 м
b = 11829.3045600942 м
x0 = 13660.657137953478 м
vr = 2147.021553904236 м/с
A0 = 0.6000364859866582 м
Xmax = 15858.469800275212 м
sigmaX = 4588.221126506881 м
sigmaY = 4794.054771494025 м
M0 = 1.4272562867058403e+19 Н*м - интегральное значение сейсмического момента
Mr_max = 3.9101494519885025e+18 Н*м/с - максимальное значение функции источника
1-ый столбец - источника
2-ой столбец - время
0.0	0.0
1723761089926101.0	0.1
2.962209152254773e+17	0.2
5.839323548703584e+17	0.30000000000000004
8.735837555979169e+17	0.4
1.1529812327236137e+18	0.5
1.4287262758903255e+18	0.6000000000000001
1.6803068395207652e+18	0.7000000000000001
1.9304948582435039e+18	0.8
2.1810695083713467e+18	0.9
2.406240900784806e+18	1.0
2.613709046411162e+18	1.1
2.8067537809574825e+18	1.2000000000000002
3.005426967404645e+18	1.3
3.176293376097389e+18	1.4000000000000001
3.2978444870502364e+18	1.5
3.427154475239627e+18	1.6
3.585970277924511e+18	1.7000000000000002
3.6488884694791695e+18	1.8
3.7342846810995415e+18	1.9000000000000001
3.807201430701688e+18	2.0
3.8680725583179366e+18	2.1
3.905611112375334e+18	2.2
3.8856846992445563e+18	2.3000000000000003
3.9101494519885025e+18	2.4000000000000004
3.8929943395956434e+18	2.5
3.8553015514269164e+18	2.6
3.8020118625094354e+18	2.7
3.788669277753441e+18	2.8000000000000003
3.700276515554276e+18	2.9000000000000004
3.6108917778279255e+18	3.0
3.5347164072110996e+18	3.1
3.44917952305162e+18	3.2
3.3347968248605926e+18	3.3000000000000003
3.2252470221897487e+18	3.4000000000000004
3.125027102817046e+18	3.5
2.9775331949084897e+18	3.6
2.855116798389603e+18	3.7
2.721466079118284e+18	3.8000000000000003
2.616134038713777e+18	3.9000000000000004
2.495138601566156e+18	4.0
2.3459699055008307e+18	4.1000000000000005
2.231951424060419e+18	4.2
2.1248345345188923e+18	4.3
1.990226747511907e+18	4.4
1.863378797652155e+18	4.5
1.7474282731475674e+18	4.6000000000000005
1.6441446065784724e+18	4.7
1.5186264019649047e+18	4.800000000000001
1.4133858376913746e+18	4.9
1.3156374008112005e+18	5.0
1.2245313798065027e+18	5.1000000000000005
1.123114970736164e+18	5.2
1.0324558120681871e+18	5.300000000000001
9.571129000257898e+17	5.4
8.140380415204361e+17	5.5
6.95537505321743e+17	5.6000000000000005
6.06675229925379e+17	5.7
5.28393941248574e+17	5.800000000000001
4.616969845167145e+17	5.9
4.0145284723417344e+17	6.0
3.51450839953611e+17	6.1000000000000005
3.078333511321217e+17	6.2
2.63792344076351e+17	6.300000000000001
2.3385882726049565e+17	6.4
1.998052220667746e+17	6.5
1.709311065858856e+17	6.6000000000000005
1.501021828806933e+17	6.7
1.2920919496857173e+17	6.800000000000001
1.118301889420611e+17	6.9
9.58983918530403e+16	7.0
8.09606056399398e+16	7.1000000000000005
6.948396606930755e+16	7.2
5.8814514731548216e+16	7.300000000000001
4.990115848957685e+16	7.4
4.206053636067163e+16	7.5
3.509888969782638e+16	7.6000000000000005
2.925124430200631e+16	7.7
2.416101615201354e+16	7.800000000000001
2.001909412902235e+16	7.9
1.6317121673241562e+16	8.0
1.3367963586953138e+16	8.1
1.0621012432572362e+16	8.200000000000001
8414180885006989.0	8.3
6540132770759157.0	8.4
4975552947830795.0	8.5
3643871929455340.0	8.6
2480455449991965.0	8.700000000000001
1386027671481483.5	8.8
0.0	8.9
0.0	9.0
0.0	9.1
0.0	9.200000000000001
0.0	9.3
0.0	9.4
0.0	9.5
0.0	9.600000000000001
0.0	9.700000000000001
