a = 5311.89953226945 м
b = 3432.0821319501792 м
x0 = 1086.2802606295006 м
vr = 2052.229894799485 м/с
A0 = 1.900110892544013 м
Xmax = 6664.694538528823 м
sigmaX = 4028.194612810127 м
sigmaY = 4784.078940980012 м
M0 = 1.3388192932612817e+19 Н*м - интегральное значение сейсмического момента
Mr_max = 4.2576524094432466e+18 Н*м/с - максимальное значение функции источника
1-ый столбец - источника
2-ой столбец - время
0.0	0.0
2244961995651948.0	0.1
3.707112159979395e+17	0.2
7.39413125420196e+17	0.30000000000000004
1.1010487053795346e+18	0.4
1.4593143081711025e+18	0.5
1.807936040766536e+18	0.6000000000000001
1.8446918536104195e+18	0.7000000000000001
1.9954956068150495e+18	0.8
2.1467908989720113e+18	0.9
2.3159209754109297e+18	1.0
2.530209121794674e+18	1.1
2.697340544521627e+18	1.2000000000000002
2.949991599304891e+18	1.3
3.12378562072152e+18	1.4000000000000001
3.2888091160171863e+18	1.5
3.373658856404597e+18	1.6
3.5838127574410844e+18	1.7000000000000002
3.726316954290242e+18	1.8
3.809115743328297e+18	1.9000000000000001
3.9012301548684564e+18	2.0
4.0573126926382863e+18	2.1
4.1331591318090435e+18	2.2
4.235348302199517e+18	2.3000000000000003
4.2150817131867965e+18	2.4000000000000004
4.2495923066823864e+18	2.5
4.2289314327470715e+18	2.6
4.243022506647313e+18	2.7
4.2576524094432466e+18	2.8000000000000003
4.1737806278243415e+18	2.9000000000000004
4.129980372582131e+18	3.0
4.062574942995358e+18	3.1
3.9818151624222075e+18	3.2
3.8158218338901366e+18	3.3000000000000003
3.702482943405027e+18	3.4000000000000004
3.5829938909171343e+18	3.5
3.3618371456258314e+18	3.6
3.224595831083937e+18	3.7
3.0315176188225603e+18	3.8000000000000003
2.7921186411562977e+18	3.9000000000000004
2.609747633467768e+18	4.0
2.4013356268370744e+18	4.1000000000000005
2.1469542468787766e+18	4.2
1.9091834921708516e+18	4.3
1.6467633195897812e+18	4.4
1.3440155573460861e+18	4.5
1.0126351261855654e+18	4.6000000000000005
5.638366563416148e+17	4.7
0.0	4.800000000000001
0.0	4.9
0.0	5.0
0.0	5.1000000000000005
0.0	5.2
0.0	5.300000000000001
0.0	5.4
0.0	5.5
0.0	5.6000000000000005
