a = 15422.254082382155 м
b = 18484.239677821 м
x0 = 2350.846363356953 м
vr = 1763.5908615712337 м/с
A0 = 1.8599827844731243 м
Xmax = 13303.783586760142 м
sigmaX = 4796.887523453983 м
sigmaY = 4953.009270832335 м
M0 = 4.6581963872467935e+19 Н*м - интегральное значение сейсмического момента
Mr_max = 7.206389571300997e+18 Н*м/с - максимальное значение функции источника
1-ый столбец - источника
2-ой столбец - время
0.0	0.0
363685639884453.0	0.1
5.204463130353327e+16	0.2
1.0226873378303114e+17	0.30000000000000004
1.5501483885115357e+17	0.4
2.083429570790095e+17	0.5
2.6118218356167728e+17	0.6000000000000001
3.1805637803857594e+17	0.7000000000000001
3.749264663412715e+17	0.8
4.36586627384576e+17	0.9
4.930161080125784e+17	1.0
5.572185982119842e+17	1.1
6.312409168151007e+17	1.2000000000000002
6.993441581661716e+17	1.3
7.75789895679704e+17	1.4000000000000001
8.30396979750941e+17	1.5
9.00532308774969e+17	1.6
9.83045946574424e+17	1.7000000000000002
1.0566166112681943e+18	1.8
1.1506093212354266e+18	1.9000000000000001
1.2511492905699446e+18	2.0
1.3597696490171372e+18	2.1
1.4570266248298954e+18	2.2
1.5707510617309527e+18	2.3000000000000003
1.683840362369197e+18	2.4000000000000004
1.7937425517009782e+18	2.5
1.9285077165058104e+18	2.6
2.0519535137099328e+18	2.7
2.1900659150306918e+18	2.8000000000000003
2.361559502402418e+18	2.9000000000000004
2.468625512789748e+18	3.0
2.654034627223872e+18	3.1
2.783684515213004e+18	3.2
2.912820755119982e+18	3.3000000000000003
3.0724713909862103e+18	3.4000000000000004
3.2811538487938565e+18	3.5
3.43090805307923e+18	3.6
3.6149728293206963e+18	3.7
3.776367571140246e+18	3.8000000000000003
3.925980149463742e+18	3.9000000000000004
4.111270855151837e+18	4.0
4.24592903592766e+18	4.1000000000000005
4.43785107997925e+18	4.2
4.616968413506029e+18	4.3
4.791791140372393e+18	4.4
4.920716716676406e+18	4.5
5.121851564972e+18	4.6000000000000005
5.278884529009504e+18	4.7
5.44302514656392e+18	4.800000000000001
5.647176022183496e+18	4.9
5.742910103239084e+18	5.0
5.915950714706913e+18	5.1000000000000005
5.985793076402782e+18	5.2
6.141394564071355e+18	5.300000000000001
6.262988050981884e+18	5.4
6.409932669782898e+18	5.5
6.526686341850279e+18	5.6000000000000005
6.61748395872643e+18	5.7
6.723510182622329e+18	5.800000000000001
6.843905182824157e+18	5.9
6.87114379501512e+18	6.0
6.982808844570055e+18	6.1000000000000005
7.034140663877296e+18	6.2
7.05550198722976e+18	6.300000000000001
7.137269666534586e+18	6.4
7.122849005626421e+18	6.5
7.206389571300997e+18	6.6000000000000005
7.122850285011867e+18	6.7
7.187377614062808e+18	6.800000000000001
7.138682826800354e+18	6.9
7.130537098229136e+18	7.0
7.103692942898449e+18	7.1000000000000005
7.053231446746742e+18	7.2
7.044328336132705e+18	7.300000000000001
6.890982385526486e+18	7.4
6.867299671639356e+18	7.5
6.792509804122406e+18	7.6000000000000005
6.735732715331962e+18	7.7
6.630751176124899e+18	7.800000000000001
6.50180511496956e+18	7.9
6.387734092296102e+18	8.0
6.269760999987377e+18	8.1
6.166257048846795e+18	8.200000000000001
6.080334038586879e+18	8.3
5.960495436406577e+18	8.4
5.724314472153584e+18	8.5
5.544521641247902e+18	8.6
5.423360041229719e+18	8.700000000000001
5.309826701363207e+18	8.8
5.111479571326409e+18	8.9
5.001070381499337e+18	9.0
4.802328932583574e+18	9.1
4.686149043465055e+18	9.200000000000001
4.4873334005059845e+18	9.3
4.318209738517213e+18	9.4
4.1424196056960737e+18	9.5
4.0385342483837343e+18	9.600000000000001
3.876673580509739e+18	9.700000000000001
3.694959783344803e+18	9.8
3.542377719009286e+18	9.9
3.3726372816193664e+18	10.0
3.2429257541501225e+18	10.100000000000001
3.0717400969789e+18	10.200000000000001
2.907649003485631e+18	10.3
2.775588332716887e+18	10.4
2.642067376892795e+18	10.5
2.493151348845079e+18	10.600000000000001
2.379346107451689e+18	10.700000000000001
2.2368505465829379e+18	10.8
2.1028501255897226e+18	10.9
1.9641774923613711e+18	11.0
1.8658149302284833e+18	11.100000000000001
1.7611416794543145e+18	11.200000000000001
1.649572581476133e+18	11.3
1.5440407613112084e+18	11.4
1.4529468503748104e+18	11.5
1.3528567257175782e+18	11.600000000000001
1.2680194683122755e+18	11.700000000000001
1.1739652173469617e+18	11.8
1.0827876810464938e+18	11.9
1.0126007199091916e+18	12.0
9.429424796646885e+17	12.100000000000001
8.818079554072721e+17	12.200000000000001
8.114832018070075e+17	12.3
7.544698202840443e+17	12.4
6.961576059077486e+17	12.5
6.372734103089098e+17	12.600000000000001
5.833144753414127e+17	12.700000000000001
5.3865850916880224e+17	12.8
4.953474681590199e+17	12.9
4.5473018866112e+17	13.0
4.1645465761488346e+17	13.100000000000001
3.7747185922807334e+17	13.200000000000001
3.4586017738812416e+17	13.3
3.139880635535127e+17	13.4
2.8621488465757162e+17	13.5
2.5968247343504643e+17	13.600000000000001
2.364903376741301e+17	13.700000000000001
2.1349012450079648e+17	13.8
1.9350541246129642e+17	13.9
1.751255319393392e+17	14.0
1.577282491678852e+17	14.100000000000001
1.425224779369829e+17	14.200000000000001
1.2821842279891176e+17	14.3
1.1505941714545466e+17	14.4
1.0315205222900646e+17	14.5
9.176758920718808e+16	14.600000000000001
8.2243293476192e+16	14.700000000000001
7.335156898426677e+16	14.8
6.530190626338601e+16	14.9
5.797453347654896e+16	15.0
5.1316217652185096e+16	15.100000000000001
4.521410236909902e+16	15.200000000000001
3.99858605526544e+16	15.3
3.4965421573120084e+16	15.4
3.0540614481366212e+16	15.5
2.6559937253430292e+16	15.600000000000001
2.2793910167461524e+16	15.700000000000001
1.935422872780574e+16	15.8
1.6125310845519586e+16	15.9
1.294771201454997e+16	16.0
9659195869297780.0	16.1
5630417741708818.0	16.2
0.0	16.3
0.0	16.400000000000002
0.0	16.5
0.0	16.6
0.0	16.7
0.0	16.8
0.0	16.900000000000002
0.0	17.0
0.0	17.1
0.0	17.2
0.0	17.3
0.0	17.400000000000002
0.0	17.5
0.0	17.6
0.0	17.7
0.0	17.8
0.0	17.900000000000002
0.0	18.0
0.0	18.1
0.0	18.2
0.0	18.3
0.0	18.400000000000002
0.0	18.5
0.0	18.6
0.0	18.7
0.0	18.8
0.0	18.900000000000002
0.0	19.0
0.0	19.1
0.0	19.200000000000003
0.0	19.3
0.0	19.400000000000002
0.0	19.5
0.0	19.6
0.0	19.700000000000003
0.0	19.8
0.0	19.900000000000002
0.0	20.0
0.0	20.1
0.0	20.200000000000003
0.0	20.3
0.0	20.400000000000002
0.0	20.5
0.0	20.6
