a = 16847.481248050797 м
b = 20781.065855090492 м
x0 = 16315.573013453215 м
vr = 1512.904485476908 м/с
A0 = 1.2074002879347001 м
Xmax = 12573.241034606184 м
sigmaX = 4697.431606701576 м
sigmaY = 4825.143005777789 м
M0 = 2.943374896072011e+19 Н*м - интегральное значение сейсмического момента
Mr_max = 5.098116191550823e+18 Н*м/с - максимальное значение функции источника
1-ый столбец - источника
2-ой столбец - время
0.0	0.0
1993452774110542.0	0.1
2.4515127791513494e+17	0.2
4.757954282267109e+17	0.30000000000000004
7.136977925334888e+17	0.4
9.551062495968109e+17	0.5
1.1820598407456256e+18	0.6000000000000001
1.4047112259995894e+18	0.7000000000000001
1.6488012836343406e+18	0.8
1.853205398254743e+18	0.9
2.0612846261334922e+18	1.0
2.2911919803457556e+18	1.1
2.50094267982566e+18	1.2000000000000002
2.6875399531932247e+18	1.3
2.8778188003243233e+18	1.4000000000000001
3.05514442558496e+18	1.5
3.2336426593359616e+18	1.6
3.4180141672651735e+18	1.7000000000000002
3.5587451726064824e+18	1.8
3.7110489616765174e+18	1.9000000000000001
3.87745503789515e+18	2.0
4.031257301965012e+18	2.1
4.1676103533099576e+18	2.2
4.269585005653538e+18	2.3000000000000003
4.339341020597846e+18	2.4000000000000004
4.4945314727061494e+18	2.5
4.5902197819754527e+18	2.6
4.688271825104013e+18	2.7
4.771425967576624e+18	2.8000000000000003
4.834564479228596e+18	2.9000000000000004
4.898802400171312e+18	3.0
4.973744863555128e+18	3.1
5.009548354860411e+18	3.2
5.038759211625402e+18	3.3000000000000003
5.035733090540336e+18	3.4000000000000004
5.059212051873545e+18	3.5
5.078602918778315e+18	3.6
5.098116191550823e+18	3.7
5.038859756120006e+18	3.8000000000000003
5.069365453643563e+18	3.9000000000000004
5.081146544947539e+18	4.0
4.998613514023602e+18	4.1000000000000005
5.013525854700048e+18	4.2
4.9406058770835e+18	4.3
4.858786380763776e+18	4.4
4.864300752907655e+18	4.5
4.795715565981538e+18	4.6000000000000005
4.695374292650886e+18	4.7
4.620240939180225e+18	4.800000000000001
4.564492308349403e+18	4.9
4.4739287079607706e+18	5.0
4.42871335133626e+18	5.1000000000000005
4.347581711943037e+18	5.2
4.171935343330169e+18	5.300000000000001
4.145178078017781e+18	5.4
4.0505323960428646e+18	5.5
3.9320882993195525e+18	5.6000000000000005
3.828892095446431e+18	5.7
3.7195363116990766e+18	5.800000000000001
3.606867714298799e+18	5.9
3.501534255591141e+18	6.0
3.4182594756858383e+18	6.1000000000000005
3.3082706595139343e+18	6.2
3.2131991771321585e+18	6.300000000000001
3.1048268483756964e+18	6.4
2.998232519735051e+18	6.5
2.8715531912821786e+18	6.6000000000000005
2.755148971033393e+18	6.7
2.640017403636268e+18	6.800000000000001
2.5600628413507374e+18	6.9
2.453866035709065e+18	7.0
2.346959464301019e+18	7.1000000000000005
2.2482561174632105e+18	7.2
2.1495501923332477e+18	7.300000000000001
2.0629452813961539e+18	7.4
1.9765773432552212e+18	7.5
1.8687547057086525e+18	7.6000000000000005
1.777692831717328e+18	7.7
1.6948261001731886e+18	7.800000000000001
1.6182512557346547e+18	7.9
1.5373980381538447e+18	8.0
1.450174771006461e+18	8.1
1.3735566882732434e+18	8.200000000000001
1.32737635462606e+18	8.3
1.229163979908769e+18	8.4
1.163746086853621e+18	8.5
1.095003407901478e+18	8.6
1.0292779860972248e+18	8.700000000000001
9.771221614599958e+17	8.8
9.183482898959259e+17	8.9
8.606091214058971e+17	9.0
8.022147714007448e+17	9.1
7.522221409334062e+17	9.200000000000001
7.074715667983432e+17	9.3
6.618451185498669e+17	9.4
6.143302772565153e+17	9.5
5.7282329695386157e+17	9.600000000000001
5.3040182615662266e+17	9.700000000000001
4.9449861648761056e+17	9.8
4.6158292900311955e+17	9.9
4.2779540744242534e+17	10.0
3.973208285820956e+17	10.100000000000001
3.6872471770340966e+17	10.200000000000001
3.423600431698483e+17	10.3
3.174573323411309e+17	10.4
2.9207914032292486e+17	10.5
2.6861458946505965e+17	10.600000000000001
2.4964467784671274e+17	10.700000000000001
2.284464703589687e+17	10.8
1.867202872837126e+17	10.9
1.3800283764743491e+17	11.0
1.1128600965943664e+17	11.100000000000001
8.975966417935405e+16	11.200000000000001
7.384095468815104e+16	11.3
6.04143875465203e+16	11.4
4.9764819305636664e+16	11.5
4.122645270361873e+16	11.600000000000001
3.432291588284726e+16	11.700000000000001
2.8220433607395316e+16	11.8
2.3366201796941884e+16	11.9
1.9277390306546424e+16	12.0
1.5891816557796706e+16	12.100000000000001
1.3136683212191004e+16	12.200000000000001
1.067388798650833e+16	12.3
8753648272854056.0	12.4
7164124147905726.0	12.5
5822095683026832.0	12.600000000000001
4690990032959459.0	12.700000000000001
3764719875349778.0	12.8
3009038324504996.5	12.9
2372003577466663.5	13.0
1862633145216661.2	13.100000000000001
1441002542305811.8	13.200000000000001
1102921841603164.5	13.3
826592074979125.4	13.4
603384127732635.6	13.5
421833211214709.1	13.600000000000001
268739516677670.34	13.700000000000001
127876293698082.52	13.8
0.0	13.9
0.0	14.0
0.0	14.100000000000001
0.0	14.200000000000001
0.0	14.3
0.0	14.4
0.0	14.5
0.0	14.600000000000001
0.0	14.700000000000001
0.0	14.8
0.0	14.9
0.0	15.0
0.0	15.100000000000001
0.0	15.200000000000001
0.0	15.3
0.0	15.4
0.0	15.5
0.0	15.600000000000001
0.0	15.700000000000001
0.0	15.8
0.0	15.9
0.0	16.0
0.0	16.1
0.0	16.2
0.0	16.3
0.0	16.400000000000002
0.0	16.5
0.0	16.6
0.0	16.7
0.0	16.8
0.0	16.900000000000002
0.0	17.0
0.0	17.1
0.0	17.2
0.0	17.3
0.0	17.400000000000002
0.0	17.5
0.0	17.6
