a = 16955.84933846492 м
b = 19049.506253471627 м
x0 = 4580.725223165985 м
vr = 1717.6770144526536 м/с
A0 = 1.716729801157389 м
Xmax = 17930.660071326314 м
sigmaX = 4777.801236517557 м
sigmaY = 4868.992730212527 м
M0 = 4.13780942186372e+19 Н*м - интегральное значение сейсмического момента
Mr_max = 6.123378329425142e+18 Н*м/с - максимальное значение функции источника
1-ый столбец - источника
2-ой столбец - время
0.0	0.0
89429676512637.4	0.1
1.2446982016690776e+16	0.2
2.4765644325156524e+16	0.30000000000000004
3.765879087026827e+16	0.4
5.067647437423176e+16	0.5
6.357308192480254e+16	0.6000000000000001
7.81970484165097e+16	0.7000000000000001
9.334747349301566e+16	0.8
1.092622717928857e+17	0.9
1.2622824103658518e+17	1.0
1.4323718634203672e+17	1.1
1.6319376044308144e+17	1.2000000000000002
1.8454201141361446e+17	1.3
2.0885690128164474e+17	1.4000000000000001
2.312201788982208e+17	1.5
2.594781425991079e+17	1.6
2.8562209488772525e+17	1.7000000000000002
3.13699575769265e+17	1.8
3.505133799159426e+17	1.9000000000000001
3.8461319152134906e+17	2.0
4.23373871433488e+17	2.1
4.622444443469085e+17	2.2
5.048450074601308e+17	2.3000000000000003
5.503303834021911e+17	2.4000000000000004
5.996220432018342e+17	2.5
6.577609162100074e+17	2.6
7.120406973949796e+17	2.7
7.756777953545276e+17	2.8000000000000003
8.344604505942716e+17	2.9000000000000004
8.964581923214415e+17	3.0
9.794682812066894e+17	3.1
1.0386740067329834e+18	3.2
1.1217098000372938e+18	3.3000000000000003
1.201214096014639e+18	3.4000000000000004
1.283535118389483e+18	3.5
1.3858874965895142e+18	3.6
1.4704151061604495e+18	3.7
1.5604511355285225e+18	3.8000000000000003
1.6689654244234212e+18	3.9000000000000004
1.7701162650413448e+18	4.0
1.8817108775089638e+18	4.1000000000000005
1.9789819349307167e+18	4.2
2.1153712907430474e+18	4.3
2.231106526374916e+18	4.4
2.3403725545937085e+18	4.5
2.4547004372095785e+18	4.6000000000000005
2.5990953941675244e+18	4.7
2.738662857149424e+18	4.800000000000001
2.8621404008270515e+18	4.9
2.994593100646801e+18	5.0
3.109892510793638e+18	5.1000000000000005
3.2563490055160325e+18	5.2
3.41953058973137e+18	5.300000000000001
3.5138921472422456e+18	5.4
3.682749437504056e+18	5.5
3.785522419565828e+18	5.6000000000000005
3.9241363547515095e+18	5.7
4.0929800717631923e+18	5.800000000000001
4.212682924243961e+18	5.9
4.3884505583025956e+18	6.0
4.496201461928364e+18	6.1000000000000005
4.614549826308534e+18	6.2
4.752901514925176e+18	6.300000000000001
4.894507880218363e+18	6.4
5.04801969187504e+18	6.5
5.164172098876301e+18	6.6000000000000005
5.181552051469918e+18	6.7
5.306761656789023e+18	6.800000000000001
5.426666824691663e+18	6.9
5.52105750498934e+18	7.0
5.630054993956446e+18	7.1000000000000005
5.712579037553523e+18	7.2
5.733259009651361e+18	7.300000000000001
5.881282896751668e+18	7.4
5.913115194079756e+18	7.5
5.917572635272301e+18	7.6000000000000005
6.048276858824385e+18	7.7
6.02471170482291e+18	7.800000000000001
6.084175289733081e+18	7.9
6.109008402185081e+18	8.0
6.097768781991968e+18	8.1
6.088934149524453e+18	8.200000000000001
6.123378329425142e+18	8.3
6.096072099520368e+18	8.4
6.073033447765761e+18	8.5
6.07756437803402e+18	8.6
6.004120152019529e+18	8.700000000000001
6.03272065469527e+18	8.8
5.922647284420103e+18	8.9
5.885456066009752e+18	9.0
5.800433845705495e+18	9.1
5.716170156731664e+18	9.200000000000001
5.639355032573356e+18	9.3
5.552783135605814e+18	9.4
5.422764942335227e+18	9.5
5.349668223803807e+18	9.600000000000001
5.310869423745734e+18	9.700000000000001
5.163921209728577e+18	9.8
5.05442242506929e+18	9.9
4.96132293200493e+18	10.0
4.814663420149665e+18	10.100000000000001
4.721444895145816e+18	10.200000000000001
4.5868404559162557e+18	10.3
4.4227306890587305e+18	10.4
4.320819500706871e+18	10.5
4.158660787698459e+18	10.600000000000001
4.050962453832349e+18	10.700000000000001
3.950957376052835e+18	10.8
3.8002670940994324e+18	10.9
3.6363893796913797e+18	11.0
3.515779573255272e+18	11.100000000000001
3.3619753622668687e+18	11.200000000000001
3.26764360964749e+18	11.3
3.093354871179997e+18	11.4
2.984099537647944e+18	11.5
2.8420826497040594e+18	11.600000000000001
2.728671682368161e+18	11.700000000000001
2.6026708992384195e+18	11.8
2.479590929293128e+18	11.9
2.350399083521741e+18	12.0
2.2279032901199867e+18	12.100000000000001
2.1306556638396467e+18	12.200000000000001
2.008136722901664e+18	12.3
1.9006019713370765e+18	12.4
1.8053340404852692e+18	12.5
1.692078572799105e+18	12.600000000000001
1.5926735361090043e+18	12.700000000000001
1.5119686625111393e+18	12.8
1.4156898546891756e+18	12.9
1.3281068581123118e+18	13.0
1.2505809285929454e+18	13.100000000000001
1.1714736713405975e+18	13.200000000000001
1.0886576807255316e+18	13.3
1.0169887531794944e+18	13.4
9.575122838060614e+17	13.5
8.885014715782422e+17	13.600000000000001
8.299759133797414e+17	13.700000000000001
7.684857359420055e+17	13.8
7.088272344617501e+17	13.9
6.611300556500888e+17	14.0
6.12660037233306e+17	14.100000000000001
5.645293867921925e+17	14.200000000000001
5.232325368801835e+17	14.3
4.801155955571858e+17	14.4
4.438895242612818e+17	14.5
4.0671652844507584e+17	14.600000000000001
3.739707675966221e+17	14.700000000000001
3.423027310498077e+17	14.8
3.134988756114288e+17	14.9
2.866472025199717e+17	15.0
2.6204305662293248e+17	15.100000000000001
2.389275670477448e+17	15.200000000000001
2.1672659087219795e+17	15.3
1.970802444794167e+17	15.4
1.7985612610909654e+17	15.5
1.6178795992668266e+17	15.600000000000001
1.4738255712489034e+17	15.700000000000001
1.3272800748709966e+17	15.8
1.1896086931641898e+17	15.9
1.0713891044661626e+17	16.0
9.573656361011269e+16	16.1
8.566458353630648e+16	16.2
7.623599066957874e+16	16.3
6.7516059491174856e+16	16.400000000000002
5.95552979683641e+16	16.5
5.209911136985076e+16	16.6
4.480132275916038e+16	16.7
3.804676374688009e+16	16.8
3.1188204095525204e+16	16.900000000000002
2.4034830187226676e+16	17.0
1.5354239500403796e+16	17.1
0.0	17.2
0.0	17.3
0.0	17.400000000000002
0.0	17.5
0.0	17.6
0.0	17.7
0.0	17.8
0.0	17.900000000000002
0.0	18.0
0.0	18.1
0.0	18.2
0.0	18.3
0.0	18.400000000000002
0.0	18.5
0.0	18.6
0.0	18.7
0.0	18.8
0.0	18.900000000000002
0.0	19.0
0.0	19.1
0.0	19.200000000000003
0.0	19.3
0.0	19.400000000000002
0.0	19.5
0.0	19.6
0.0	19.700000000000003
0.0	19.8
0.0	19.900000000000002
0.0	20.0
0.0	20.1
0.0	20.200000000000003
0.0	20.3
0.0	20.400000000000002
0.0	20.5
