a = 10575.916168479587 м
b = 9426.210419237077 м
x0 = 2285.6405302794305 м
vr = 2100.0440968115463 м/с
A0 = 2.04677531343591 м
Xmax = 12076.766531412806 м
sigmaX = 4990.6796265604235 м
sigmaY = 4820.967853936245 м
M0 = 4.393333799428675e+19 Н*м - интегральное значение сейсмического момента
Mr_max = 8.620939374105163e+18 Н*м/с - максимальное значение функции источника
1-ый столбец - источника
2-ой столбец - время
0.0	0.0
942623139537781.2	0.1
1.6039187969292467e+17	0.2
3.1854565122241184e+17	0.30000000000000004
4.7262656377286e+17	0.4
6.392285162890988e+17	0.5
7.979665929983566e+17	0.6000000000000001
9.647982995739107e+17	0.7000000000000001
1.1343502222088145e+18	0.8
1.3005549315196093e+18	0.9
1.48013053058936e+18	1.0
1.6497931186378665e+18	1.1
1.813073748031428e+18	1.2000000000000002
1.949460778048671e+18	1.3
2.0517128332488868e+18	1.4000000000000001
2.2644229039051704e+18	1.5
2.407588700866444e+18	1.6
2.664717806405e+18	1.7000000000000002
2.857159476519318e+18	1.8
3.0272894974726257e+18	1.9000000000000001
3.3160191212844754e+18	2.0
3.4815315989853916e+18	2.1
3.7484865878617416e+18	2.2
3.9775587696209244e+18	2.3000000000000003
4.2135791149508244e+18	2.4000000000000004
4.445891708644849e+18	2.5
4.618638454735117e+18	2.6
4.944112829510519e+18	2.7
5.126227223549464e+18	2.8000000000000003
5.451396399511032e+18	2.9000000000000004
5.702618900977907e+18	3.0
5.898505285907577e+18	3.1
6.208747475868564e+18	3.2
6.405346053579728e+18	3.3000000000000003
6.61843773776049e+18	3.4000000000000004
6.836496609951847e+18	3.5
7.013248884613492e+18	3.6
7.213574039302385e+18	3.7
7.447905732665253e+18	3.8000000000000003
7.521925625320744e+18	3.9000000000000004
7.724242364183733e+18	4.0
7.834855484621414e+18	4.1000000000000005
8.05535506540949e+18	4.2
8.323707753228782e+18	4.3
8.34198089558306e+18	4.4
8.482159852204513e+18	4.5
8.435137835767971e+18	4.6000000000000005
8.517318131610758e+18	4.7
8.547653618366953e+18	4.800000000000001
8.61160122707124e+18	4.9
8.592903293729228e+18	5.0
8.560818176584701e+18	5.1000000000000005
8.620939374105163e+18	5.2
8.595334377534514e+18	5.300000000000001
8.452869282119618e+18	5.4
8.420334639753873e+18	5.5
8.237293689270273e+18	5.6000000000000005
8.165822135433155e+18	5.7
8.065897334533942e+18	5.800000000000001
7.923847366723927e+18	5.9
7.833344889017975e+18	6.0
7.508446568805494e+18	6.1000000000000005
7.354154181490604e+18	6.2
7.213643696142071e+18	6.300000000000001
6.984617573488817e+18	6.4
6.809279820201736e+18	6.5
6.653852371001088e+18	6.6000000000000005
6.334053973544017e+18	6.7
6.144201210192063e+18	6.800000000000001
5.894526675404846e+18	6.9
5.655221052147565e+18	7.0
5.392845426894969e+18	7.1000000000000005
5.155764533981662e+18	7.2
4.881334124287412e+18	7.300000000000001
4.643922489711933e+18	7.4
4.367343827521176e+18	7.5
4.113904258636411e+18	7.6000000000000005
3.875599699560213e+18	7.7
3.6391499840064236e+18	7.800000000000001
3.363576486918021e+18	7.9
3.114695903600407e+18	8.0
2.8723933779838147e+18	8.1
2.645571286499416e+18	8.200000000000001
2.377675789078518e+18	8.3
2.1428633126225068e+18	8.4
1.9075847286141716e+18	8.5
1.668132967761767e+18	8.6
1.4321020494845048e+18	8.700000000000001
1.1847198385887299e+18	8.8
9.182657713363747e+17	8.9
5.955173477619695e+17	9.0
0.0	9.1
0.0	9.200000000000001
0.0	9.3
0.0	9.4
0.0	9.5
0.0	9.600000000000001
0.0	9.700000000000001
0.0	9.8
0.0	9.9
