a = 10810.78164948257 м
b = 7108.461496931752 м
x0 = 7242.687427791044 м
vr = 1998.607810003672 м/с
A0 = 0.5798735757871851 м
Xmax = 8219.671009895206 м
sigmaX = 4439.04855871656 м
sigmaY = 4130.177817648809 м
M0 = 9.7550426050569e+18 Н*м - интегральное значение сейсмического момента
Mr_max = 3.299595640632573e+18 Н*м/с - максимальное значение функции источника
1-ый столбец - источника
2-ой столбец - время
0.0	0.0
1697006514563048.2	0.1
2.7124558304031917e+17	0.2
5.3736315198796934e+17	0.30000000000000004
7.983530429668618e+17	0.4
1.0495018504609092e+18	0.5
1.301942623786377e+18	0.6000000000000001
1.5362854126749676e+18	0.7000000000000001
1.7621492692376604e+18	0.8
1.960092877029428e+18	0.9
2.1712493576082683e+18	1.0
2.3701476088700826e+18	1.1
2.521193690906532e+18	1.2000000000000002
2.6725302922836966e+18	1.3
2.813114282290205e+18	1.4000000000000001
2.9326826629449667e+18	1.5
3.047141773697402e+18	1.6
3.1048186555665275e+18	1.7000000000000002
3.1877380086481244e+18	1.8
3.218454407055335e+18	1.9000000000000001
3.281618500643804e+18	2.0
3.281710574960191e+18	2.1
3.2901859186107566e+18	2.2
3.299595640632573e+18	2.3000000000000003
3.2782124064565105e+18	2.4000000000000004
3.1950180090078305e+18	2.5
3.198505515336658e+18	2.6
3.105241132166929e+18	2.7
3.073644601757198e+18	2.8000000000000003
2.9853310612883866e+18	2.9000000000000004
2.8788042065939395e+18	3.0
2.7991986086624435e+18	3.1
2.6997550348670223e+18	3.2
2.5270246283332623e+18	3.3000000000000003
2.0051702447010783e+18	3.4000000000000004
1.7243540332561713e+18	3.5
1.495816419011814e+18	3.6
1.2596953958986542e+18	3.7
1.0827806632116929e+18	3.8000000000000003
9.9983397869918e+17	3.9000000000000004
9.04406502142273e+17	4.0
8.226306568350476e+17	4.1000000000000005
7.625462034933677e+17	4.2
6.899551684812956e+17	4.3
6.22982529143597e+17	4.4
5.7113019158491424e+17	4.5
5.1834758116431795e+17	4.6000000000000005
4.662902461269051e+17	4.7
4.186524268802659e+17	4.800000000000001
3.7778132957942944e+17	4.9
3.396159934461978e+17	5.0
3.0474138357910214e+17	5.1000000000000005
2.7218233471403286e+17	5.2
2.4468774548630662e+17	5.300000000000001
2.1435191561830643e+17	5.4
1.8984524907768672e+17	5.5
1.6566731540858854e+17	5.6000000000000005
1.468003073956707e+17	5.7
1.2817590286809402e+17	5.800000000000001
1.1276472475926661e+17	5.9
9.803130593346862e+16	6.0
8.410395701278986e+16	6.1000000000000005
7.281796748414653e+16	6.2
6.188262038290271e+16	6.300000000000001
5.234360134537756e+16	6.4
4.427361645273e+16	6.5
3.6895858237261336e+16	6.6000000000000005
3.0402441613757776e+16	6.7
2.4757424204150464e+16	6.800000000000001
1.9573985804765964e+16	6.9
1.503499831543939e+16	7.0
1.0848117173417672e+16	7.1000000000000005
6706317157755891.0	7.2
0.0	7.300000000000001
0.0	7.4
0.0	7.5
0.0	7.6000000000000005
0.0	7.7
0.0	7.800000000000001
0.0	7.9
0.0	8.0
0.0	8.1
