a = 17171.86075895392 м
b = 20800.419202535024 м
x0 = 6082.2380784611805 м
vr = 1535.426054297499 м/с
A0 = 0.48746276009097506 м
Xmax = 21544.457083710753 м
sigmaX = 4788.022559980187 м
sigmaY = 4563.764945306237 м
M0 = 1.070088746307509e+19 Н*м - интегральное значение сейсмического момента
Mr_max = 1.4098750625862036e+18 Н*м/с - максимальное значение функции источника
1-ый столбец - источника
2-ой столбец - время
0.0	0.0
6116478198250.015	0.1
760732129648248.4	0.2
1513493679641344.2	0.30000000000000004
2308414964429705.0	0.4
3083160039130673.5	0.5
3947315725641914.0	0.6000000000000001
4847939949709768.0	0.7000000000000001
5768210480053083.0	0.8
6763637127179756.0	0.9
7873562886806658.0	1.0
9031632159000730.0	1.1
1.0270477900147414e+16	1.2000000000000002
1.1700837329126308e+16	1.3
1.310627955979764e+16	1.4000000000000001
1.489000742408443e+16	1.5
1.6797055246940054e+16	1.6
1.850812560110902e+16	1.7000000000000002
2.0688168168549764e+16	1.8
2.302297779104128e+16	1.9000000000000001
2.5565463536540764e+16	2.0
2.8330368741732704e+16	2.1
3.1317975230868684e+16	2.2
3.4687672832530604e+16	2.3000000000000003
3.7968693263495784e+16	2.4000000000000004
4.1848169291817416e+16	2.5
4.560001284650621e+16	2.6
4.98636568064294e+16	2.7
5.426352897412465e+16	2.8000000000000003
6.003563731647724e+16	2.9000000000000004
6.5279145059776136e+16	3.0
7.100358811310918e+16	3.1
7.76559364631057e+16	3.2
8.36386614733471e+16	3.3000000000000003
9.078490895643358e+16	3.4000000000000004
9.77580388256908e+16	3.5
1.0660730076064987e+17	3.6
1.1531896116996203e+17	3.7
1.239033728074974e+17	3.8000000000000003
1.3419550876090984e+17	3.9000000000000004
1.439109703695301e+17	4.0
1.5525190421156192e+17	4.1000000000000005
1.6501088159553222e+17	4.2
1.779329172777779e+17	4.3
1.8878459915699594e+17	4.4
2.0270041875490435e+17	4.5
2.1825788708075904e+17	4.6000000000000005
2.3131400495208605e+17	4.7
2.4791061230650576e+17	4.800000000000001
2.6094293917587315e+17	4.9
2.8142163910705946e+17	5.0
2.968743456095641e+17	5.1000000000000005
3.103395561323942e+17	5.2
3.3307011375635475e+17	5.300000000000001
3.479815590469018e+17	5.4
3.6977751292760346e+17	5.5
3.905570495771653e+17	5.6000000000000005
4.104350983021376e+17	5.7
4.35997574721753e+17	5.800000000000001
4.628887575250334e+17	5.9
4.821405041862982e+17	6.0
5.0467963310308166e+17	6.1000000000000005
5.263915502430583e+17	6.2
5.5104159031189146e+17	6.300000000000001
5.7584662884827565e+17	6.4
6.036404065379428e+17	6.5
6.302267611451808e+17	6.6000000000000005
6.617376865268616e+17	6.7
6.870283699187944e+17	6.800000000000001
7.121727979378706e+17	6.9
7.434124063879899e+17	7.0
7.640854010726839e+17	7.1000000000000005
7.951365959263858e+17	7.2
8.192895916259611e+17	7.300000000000001
8.54907781901705e+17	7.4
8.753084879538705e+17	7.5
9.065551764146342e+17	7.6000000000000005
9.39071665932247e+17	7.7
9.544728513001408e+17	7.800000000000001
9.88434053320955e+17	7.9
1.0166279220766959e+18	8.0
1.0363162662013787e+18	8.1
1.069632325865663e+18	8.200000000000001
1.0942184510001464e+18	8.3
1.1152223105308444e+18	8.4
1.1448585286406353e+18	8.5
1.1708066869664543e+18	8.6
1.196526287526668e+18	8.700000000000001
1.211264521869689e+18	8.8
1.2368596389251284e+18	8.9
1.253963888135874e+18	9.0
1.2742297904351844e+18	9.1
1.2905312398671304e+18	9.200000000000001
1.3078583575177388e+18	9.3
1.324910343257424e+18	9.4
1.3419662568504694e+18	9.5
1.3629899988097262e+18	9.600000000000001
1.3677199169220846e+18	9.700000000000001
1.371604539590518e+18	9.8
1.3698864844691756e+18	9.9
1.3881530320401416e+18	10.0
1.3871496252350065e+18	10.100000000000001
1.3981092340362204e+18	10.200000000000001
1.4083980270166938e+18	10.3
1.404399240097992e+18	10.4
1.400329697270876e+18	10.5
1.4045115678273418e+18	10.600000000000001
1.4098750625862036e+18	10.700000000000001
1.3910839565977956e+18	10.8
1.3843754824095437e+18	10.9
1.378214208107313e+18	11.0
1.3662945952514194e+18	11.100000000000001
1.3602412485128596e+18	11.200000000000001
1.3591518370817236e+18	11.3
1.335587873592106e+18	11.4
1.3239539981078036e+18	11.5
1.3096145052863567e+18	11.600000000000001
1.2913046695279857e+18	11.700000000000001
1.280466494875994e+18	11.8
1.250578771607396e+18	11.9
1.2316389307027244e+18	12.0
1.2147297376334426e+18	12.100000000000001
1.1858205555599114e+18	12.200000000000001
1.1762767636079588e+18	12.3
1.1541695942614019e+18	12.4
1.128507595804904e+18	12.5
1.0968574292295224e+18	12.600000000000001
1.068296356584702e+18	12.700000000000001
1.0505114994156554e+18	12.8
1.0215981557416538e+18	12.9
1.0037061977956195e+18	13.0
9.717654989901364e+17	13.100000000000001
9.41402186108733e+17	13.200000000000001
9.123170475015255e+17	13.3
8.877068579148927e+17	13.4
8.530301560873595e+17	13.5
8.322592567874258e+17	13.600000000000001
8.056585535561633e+17	13.700000000000001
7.71493735025497e+17	13.8
7.486997330883972e+17	13.9
7.214092133823004e+17	14.0
7.019520466420938e+17	14.100000000000001
6.713591157243084e+17	14.200000000000001
6.407774850744599e+17	14.3
6.191796403748657e+17	14.4
5.911196375587405e+17	14.5
5.693731655894062e+17	14.600000000000001
5.431162238683741e+17	14.700000000000001
5.14757180776081e+17	14.8
4.971654741486485e+17	14.9
4.73946308986746e+17	15.0
4.503656437602302e+17	15.100000000000001
4.300154240922489e+17	15.200000000000001
4.082369345770613e+17	15.3
3.883742055484578e+17	15.4
3.6895960043319814e+17	15.5
3.480007998506068e+17	15.600000000000001
3.3008507722217286e+17	15.700000000000001
3.1065858191585075e+17	15.8
2.9372546651978304e+17	15.9
2.7829730860022938e+17	16.0
2.6243091506221133e+17	16.1
2.470971860104919e+17	16.2
2.3190883530352822e+17	16.3
2.1844508981462877e+17	16.400000000000002
2.060765637563116e+17	16.5
1.924186734059131e+17	16.6
1.7991123712124397e+17	16.7
1.6885074748080262e+17	16.8
1.577434044287698e+17	16.900000000000002
1.4736114937282694e+17	17.0
1.374993190422591e+17	17.1
1.2781325719714542e+17	17.2
1.1930238949118749e+17	17.3
1.1100940881687763e+17	17.400000000000002
1.0287542523232787e+17	17.5
9.577013981035662e+16	17.6
8.876468388150566e+16	17.7
8.206101226883254e+16	17.8
7.583319949308704e+16	17.900000000000002
6.9760684076753656e+16	18.0
6.404156230456606e+16	18.1
5.817924050093098e+16	18.2
5.1831237056204376e+16	18.3
4.268813209341482e+16	18.400000000000002
1.463885110329478e+16	18.5
0.0	18.6
0.0	18.7
0.0	18.8
0.0	18.900000000000002
0.0	19.0
0.0	19.1
0.0	19.200000000000003
0.0	19.3
0.0	19.400000000000002
0.0	19.5
0.0	19.6
0.0	19.700000000000003
0.0	19.8
0.0	19.900000000000002
0.0	20.0
0.0	20.1
0.0	20.200000000000003
0.0	20.3
0.0	20.400000000000002
0.0	20.5
0.0	20.6
0.0	20.700000000000003
0.0	20.8
0.0	20.900000000000002
0.0	21.0
0.0	21.1
0.0	21.200000000000003
0.0	21.3
0.0	21.400000000000002
0.0	21.5
0.0	21.6
0.0	21.700000000000003
0.0	21.8
0.0	21.900000000000002
0.0	22.0
0.0	22.1
0.0	22.200000000000003
0.0	22.3
0.0	22.400000000000002
0.0	22.5
0.0	22.6
0.0	22.700000000000003
0.0	22.8
0.0	22.900000000000002
0.0	23.0
0.0	23.1
0.0	23.200000000000003
0.0	23.3
0.0	23.400000000000002
0.0	23.5
0.0	23.6
0.0	23.700000000000003
0.0	23.8
0.0	23.900000000000002
0.0	24.0
0.0	24.1
