a = 14773.11306522188 м
b = 14939.457331232856 м
x0 = 7690.9813251697515 м
vr = 1526.1382211854539 м/с
A0 = 0.6639881292402201 м
Xmax = 18383.276726214437 м
sigmaX = 4697.015627341169 м
sigmaY = 4834.086794770459 м
M0 = 1.525633861267137e+19 Н*м - интегральное значение сейсмического момента
Mr_max = 2.1278158087780306e+18 Н*м/с - максимальное значение функции источника
1-ый столбец - источника
2-ой столбец - время
0.0	0.0
114138692531926.84	0.1
1.4046614319768596e+16	0.2
2.8179728926929948e+16	0.30000000000000004
4.1984490054600984e+16	0.4
5.657130227060461e+16	0.5
7.074378477497008e+16	0.6000000000000001
8.610786467297102e+16	0.7000000000000001
1.0035876472583574e+17	0.8
1.1600450459990928e+17	0.9
1.322694457636313e+17	1.0
1.4933881196341773e+17	1.1
1.6428966067564115e+17	1.2000000000000002
1.8325247881579645e+17	1.3
2.021953248648006e+17	1.4000000000000001
2.217337449140326e+17	1.5
2.4202567762653258e+17	1.6
2.6164236586859312e+17	1.7000000000000002
2.813839030827574e+17	1.8
3.07677648964046e+17	1.9000000000000001
3.2993708264849517e+17	2.0
3.5659779463473344e+17	2.1
3.828628725198577e+17	2.2
4.0852546146593414e+17	2.3000000000000003
4.3563002392880026e+17	2.4000000000000004
4.6242608671497075e+17	2.5
4.952825353810499e+17	2.6
5.3153298770507424e+17	2.7
5.578618281851682e+17	2.8000000000000003
5.904981383890883e+17	2.9000000000000004
6.269989881840352e+17	3.0
6.563335178107354e+17	3.1
6.931075677068238e+17	3.2
7.353616897430477e+17	3.3000000000000003
7.669468605426387e+17	3.4000000000000004
8.151707381870143e+17	3.5
8.430038639148448e+17	3.6
8.936858214476672e+17	3.7
9.357557221082451e+17	3.8000000000000003
9.650722558151791e+17	3.9000000000000004
1.01303993168922e+18	4.0
1.0665072596626026e+18	4.1000000000000005
1.0969302279315569e+18	4.2
1.1378452006073774e+18	4.3
1.1811388185637455e+18	4.4
1.225578011635124e+18	4.5
1.283470147772021e+18	4.6000000000000005
1.33191615045662e+18	4.7
1.3645267970044905e+18	4.800000000000001
1.4020692997870116e+18	4.9
1.4479158348656044e+18	5.0
1.5006236333067853e+18	5.1000000000000005
1.5293794638250317e+18	5.2
1.572913195746249e+18	5.300000000000001
1.6233887986746906e+18	5.4
1.6624560460327785e+18	5.5
1.6938943416817508e+18	5.6000000000000005
1.7400169151335398e+18	5.7
1.7647792717913838e+18	5.800000000000001
1.8154721897754166e+18	5.9
1.8329045768673196e+18	6.0
1.85866996093145e+18	6.1000000000000005
1.9096855804169674e+18	6.2
1.932748936118172e+18	6.300000000000001
1.959801176831721e+18	6.4
1.9845306189135293e+18	6.5
2.0164007810276677e+18	6.6000000000000005
2.012624811581106e+18	6.7
2.0445064845622835e+18	6.800000000000001
2.0515632196811272e+18	6.9
2.0770981728175537e+18	7.0
2.079590196987937e+18	7.1000000000000005
2.0576896355629824e+18	7.2
2.0966493609604099e+18	7.300000000000001
2.1278158087780306e+18	7.4
2.0956727980073874e+18	7.5
2.1201683996854648e+18	7.6000000000000005
2.1052929428565852e+18	7.7
2.0980885263666834e+18	7.800000000000001
2.077639530005077e+18	7.9
2.069015592871217e+18	8.0
2.0714928000404188e+18	8.1
2.0686221741157768e+18	8.200000000000001
2.0381971432318802e+18	8.3
2.0154775742809825e+18	8.4
1.9975154049193395e+18	8.5
1.9999616157944945e+18	8.6
1.9744747491248202e+18	8.700000000000001
1.9386472637103877e+18	8.8
1.9110570261640143e+18	8.9
1.865987167012184e+18	9.0
1.8435677867220419e+18	9.1
1.792581917919008e+18	9.200000000000001
1.7797387445582024e+18	9.3
1.73735139057021e+18	9.4
1.7038786488767813e+18	9.5
1.6584537393323866e+18	9.600000000000001
1.6275089105558367e+18	9.700000000000001
1.5978644008088448e+18	9.8
1.552342388824395e+18	9.9
1.511385059687402e+18	10.0
1.4776327226940078e+18	10.100000000000001
1.4334349494002363e+18	10.200000000000001
1.3792076836798833e+18	10.3
1.3267328876504525e+18	10.4
1.3112225889439258e+18	10.5
1.2665649607445883e+18	10.600000000000001
1.2246098701318072e+18	10.700000000000001
1.1685192488499912e+18	10.8
1.1309131446959142e+18	10.9
1.0864199639805594e+18	11.0
1.0419387199273819e+18	11.100000000000001
1.0086543084496518e+18	11.200000000000001
9.704366427936498e+17	11.3
9.31399430376904e+17	11.4
8.840788072735259e+17	11.5
8.437828728424397e+17	11.600000000000001
8.068174048070161e+17	11.700000000000001
7.717759139345645e+17	11.8
7.349118476890761e+17	11.9
7.011171386320356e+17	12.0
6.674735750426237e+17	12.100000000000001
6.306947506791665e+17	12.200000000000001
5.999860318114748e+17	12.3
5.6337145316050963e+17	12.4
5.3335216202259757e+17	12.5
5.038476055986376e+17	12.600000000000001
4.74370527180421e+17	12.700000000000001
4.4490330469799546e+17	12.8
4.168935008519229e+17	12.9
3.9100746962311354e+17	13.0
3.6398863945623456e+17	13.100000000000001
3.39505909449792e+17	13.200000000000001
3.161874043038296e+17	13.3
2.9262032900822304e+17	13.4
2.686368983811011e+17	13.5
2.4617961191614058e+17	13.600000000000001
2.2450193217855254e+17	13.700000000000001
2.0210661601926262e+17	13.8
1.8025583386890768e+17	13.9
1.5718874754430397e+17	14.0
1.343678744495529e+17	14.100000000000001
1.088341088914897e+17	14.200000000000001
7.915449526987622e+16	14.3
3.3149591176569376e+16	14.4
0.0	14.5
0.0	14.600000000000001
0.0	14.700000000000001
0.0	14.8
0.0	14.9
0.0	15.0
0.0	15.100000000000001
0.0	15.200000000000001
0.0	15.3
0.0	15.4
0.0	15.5
