a = 15301.786722681949 м
b = 19389.470502523123 м
x0 = 8244.105155069683 м
vr = 1776.3892688368378 м/с
A0 = 1.7018422270474114 м
Xmax = 19803.88413835792 м
sigmaX = 4538.387489034114 м
sigmaY = 4525.57328006103 м
M0 = 3.534572480937753e+19 Н*м - интегральное значение сейсмического момента
Mr_max = 5.791163331334349e+18 Н*м/с - максимальное значение функции источника
1-ый столбец - источника
2-ой столбец - время
0.0	0.0
176996190807715.25	0.1
2.5400794233586096e+16	0.2
5.082415293015012e+16	0.30000000000000004
7.653684110851464e+16	0.4
1.0250993087509787e+17	0.5
1.3052008657142144e+17	0.6000000000000001
1.5795452460406253e+17	0.7000000000000001
1.889056695309218e+17	0.8
2.1968683078993325e+17	0.9
2.5286015826837667e+17	1.0
2.881319411686837e+17	1.1
3.291524113828016e+17	1.2000000000000002
3.670868153463659e+17	1.3
4.101973800154739e+17	1.4000000000000001
4.5709178031833645e+17	1.5
5.0327606652503206e+17	1.6
5.635475230152337e+17	1.7000000000000002
6.098638941820787e+17	1.8
6.74079155261153e+17	1.9000000000000001
7.357822066710881e+17	2.0
8.05918865881139e+17	2.1
8.837672615808109e+17	2.2
9.610003540358048e+17	2.3000000000000003
1.0364573268347594e+18	2.4000000000000004
1.1179077531584198e+18	2.5
1.2065142562171715e+18	2.6
1.2925053213715057e+18	2.7
1.4016099045762268e+18	2.8000000000000003
1.4859562867460657e+18	2.9000000000000004
1.6107355007186245e+18	3.0
1.7158651748277565e+18	3.1
1.8353855992817236e+18	3.2
1.9752161398833226e+18	3.3000000000000003
2.080318936178172e+18	3.4000000000000004
2.1918288220990938e+18	3.5
2.315928544216374e+18	3.6
2.472743780347066e+18	3.7
2.5642360498240056e+18	3.8000000000000003
2.71072949797591e+18	3.9000000000000004
2.857022372787764e+18	4.0
3.01647225597106e+18	4.1000000000000005
3.1627397190179533e+18	4.2
3.2747288108934134e+18	4.3
3.4327023976123576e+18	4.4
3.5575057509009633e+18	4.5
3.7270994363351905e+18	4.6000000000000005
3.857296481878555e+18	4.7
3.9609937600163574e+18	4.800000000000001
4.1461964391265695e+18	4.9
4.2863828608073477e+18	5.0
4.4260799470166016e+18	5.1000000000000005
4.528661151634936e+18	5.2
4.69388226401362e+18	5.300000000000001
4.780821503400249e+18	5.4
4.926502737400814e+18	5.5
5.027187570949823e+18	5.6000000000000005
5.123421739572453e+18	5.7
5.193991518841907e+18	5.800000000000001
5.287888615961356e+18	5.9
5.398493605056915e+18	6.0
5.505387032903502e+18	6.1000000000000005
5.587134770958123e+18	6.2
5.576837835631349e+18	6.300000000000001
5.674752045115325e+18	6.4
5.678137562186504e+18	6.5
5.747975727077256e+18	6.6000000000000005
5.775143451624468e+18	6.7
5.769560065518383e+18	6.800000000000001
5.791163331334349e+18	6.9
5.761431207253715e+18	7.0
5.741578386545235e+18	7.1000000000000005
5.709210904519351e+18	7.2
5.709917111092909e+18	7.300000000000001
5.673394334368878e+18	7.4
5.622087210269843e+18	7.5
5.580777529438876e+18	7.6000000000000005
5.460157559492939e+18	7.7
5.407840234184041e+18	7.800000000000001
5.349777016351026e+18	7.9
5.247347414617258e+18	8.0
5.145199451706763e+18	8.1
5.122470782947407e+18	8.200000000000001
4.915334668118855e+18	8.3
4.843985080910235e+18	8.4
4.720258844806035e+18	8.5
4.593074707035403e+18	8.6
4.49986806593313e+18	8.700000000000001
4.354965743064991e+18	8.8
4.212162015614143e+18	8.9
4.095801284078972e+18	9.0
3.968986361204187e+18	9.1
3.8523968354375516e+18	9.200000000000001
3.678278667898738e+18	9.3
3.542157424962141e+18	9.4
3.390947206426031e+18	9.5
3.253847043961917e+18	9.600000000000001
3.1242682739072307e+18	9.700000000000001
2.9944904992604355e+18	9.8
2.8351281859420165e+18	9.9
2.7203496499720724e+18	10.0
2.576184330633917e+18	10.100000000000001
2.466454512137492e+18	10.200000000000001
2.330575353482501e+18	10.3
2.211525817910037e+18	10.4
2.0793419440062287e+18	10.5
1.9861256509133906e+18	10.600000000000001
1.8685205879874348e+18	10.700000000000001
1.745687203120029e+18	10.8
1.6347066515453804e+18	10.9
1.535753690026891e+18	11.0
1.4370396143027072e+18	11.100000000000001
1.3462616407288172e+18	11.200000000000001
1.2602947974498002e+18	11.3
1.1782948003326223e+18	11.4
1.0905279584777544e+18	11.5
1.0153642309511031e+18	11.600000000000001
9.40204175994545e+17	11.700000000000001
8.74269951003594e+17	11.8
8.047871500657185e+17	11.9
7.460909666841862e+17	12.0
6.876791255876895e+17	12.100000000000001
6.334677280776518e+17	12.200000000000001
5.817792437514871e+17	12.3
5.340753353376656e+17	12.4
4.912071008889685e+17	12.5
4.483326623933911e+17	12.600000000000001
2.4483287237345462e+17	12.700000000000001
0.0	12.8
0.0	12.9
0.0	13.0
0.0	13.100000000000001
0.0	13.200000000000001
0.0	13.3
0.0	13.4
0.0	13.5
0.0	13.600000000000001
0.0	13.700000000000001
0.0	13.8
0.0	13.9
0.0	14.0
0.0	14.100000000000001
0.0	14.200000000000001
0.0	14.3
0.0	14.4
0.0	14.5
0.0	14.600000000000001
0.0	14.700000000000001
0.0	14.8
0.0	14.9
0.0	15.0
0.0	15.100000000000001
0.0	15.200000000000001
0.0	15.3
0.0	15.4
0.0	15.5
0.0	15.600000000000001
0.0	15.700000000000001
0.0	15.8
0.0	15.9
0.0	16.0
0.0	16.1
0.0	16.2
0.0	16.3
0.0	16.400000000000002
0.0	16.5
0.0	16.6
0.0	16.7
0.0	16.8
0.0	16.900000000000002
0.0	17.0
0.0	17.1
0.0	17.2
0.0	17.3
0.0	17.400000000000002
0.0	17.5
0.0	17.6
0.0	17.7
0.0	17.8
0.0	17.900000000000002
0.0	18.0
0.0	18.1
