a = 14696.24281524316 м
b = 11496.894340581603 м
x0 = 9064.243120212488 м
vr = 2110.566209213285 м/с
A0 = 0.8400840087337595 м
Xmax = 10756.311107174104 м
sigmaX = 4657.501555179019 м
sigmaY = 4975.174445238133 м
M0 = 2.044131896276702e+19 Н*м - интегральное значение сейсмического момента
Mr_max = 5.672688738945556e+18 Н*м/с - максимальное значение функции источника
1-ый столбец - источника
2-ой столбец - время
0.0	0.0
2489878080935689.5	0.1
4.254951107098703e+17	0.2
8.412488780569004e+17	0.30000000000000004
1.2351857654497815e+18	0.4
1.6450029881715732e+18	0.5
2.0433331080894472e+18	0.6000000000000001
2.398427305499836e+18	0.7000000000000001
2.768580507711817e+18	0.8
3.1191311867943183e+18	0.9
3.4299071177354045e+18	1.0
3.739467936540282e+18	1.1
4.0401798646321275e+18	1.2000000000000002
4.2877215348280525e+18	1.3
4.5385112923167447e+18	1.4000000000000001
4.752511056780798e+18	1.5
4.983048794923951e+18	1.6
5.118011012092109e+18	1.7000000000000002
5.29299915249064e+18	1.8
5.406097324704503e+18	1.9000000000000001
5.470247396986169e+18	2.0
5.566462482631985e+18	2.1
5.662049327772364e+18	2.2
5.672688738945556e+18	2.3000000000000003
5.66431933524306e+18	2.4000000000000004
5.604889122935625e+18	2.5
5.608031605796401e+18	2.6
5.579751359352898e+18	2.7
5.504213175468071e+18	2.8000000000000003
5.383389404123652e+18	2.9000000000000004
5.271997813790797e+18	3.0
5.184582775590975e+18	3.1
5.10359230058392e+18	3.2
4.898802278856145e+18	3.3000000000000003
4.776653885830175e+18	3.4000000000000004
4.621271781372206e+18	3.5
4.449444858426369e+18	3.6
4.300636714963046e+18	3.7
4.112955589171512e+18	3.8000000000000003
3.9217570296427177e+18	3.9000000000000004
3.749456400343622e+18	4.0
3.578812184652206e+18	4.1000000000000005
3.4008691244388296e+18	4.2
3.206774900588409e+18	4.3
2.8685807750367196e+18	4.4
2.4957089531504287e+18	4.5
2.2270647035813376e+18	4.6000000000000005
2.0564916694855212e+18	4.7
1.8665803902859448e+18	4.800000000000001
1.6973334335296689e+18	4.9
1.5599771916740257e+18	5.0
1.4250322740294385e+18	5.1000000000000005
1.283651031147351e+18	5.2
1.1676287790490335e+18	5.300000000000001
1.0651095242914282e+18	5.4
9.598607166821946e+17	5.5
8.525935554950885e+17	5.6000000000000005
7.892460631229453e+17	5.7
6.966357176875375e+17	5.800000000000001
6.169832951421976e+17	5.9
5.509923400095335e+17	6.0
4.9749209088681754e+17	6.1000000000000005
4.3723012736412134e+17	6.2
3.866920306400638e+17	6.300000000000001
3.405000389562315e+17	6.4
3.031349796464075e+17	6.5
2.6529611236840858e+17	6.6000000000000005
2.3471862368611866e+17	6.7
2.010596286963902e+17	6.800000000000001
1.7650739052521142e+17	6.9
1.5233980601625258e+17	7.0
1.3281834684793138e+17	7.1000000000000005
1.1476888099015102e+17	7.2
9.963474712508501e+16	7.300000000000001
8.432445503640198e+16	7.4
7.294719019047322e+16	7.5
6.225221535614949e+16	7.6000000000000005
5.277111531848188e+16	7.7
4.51381569994771e+16	7.800000000000001
3.784082189662611e+16	7.9
3.1921013207968416e+16	8.0
2.6818945306981868e+16	8.1
2.2361618618834108e+16	8.200000000000001
1.8621375715012844e+16	8.3
1.5422640281884504e+16	8.4
1.2691154727803184e+16	8.5
1.0452860225552402e+16	8.6
8471981443486819.0	8.700000000000001
6882660234166829.0	8.8
5502582643450875.0	8.9
4372852538417320.5	9.0
3465997117164316.5	9.1
2690120359213269.0	9.200000000000001
2042981868152380.8	9.3
1515736791002305.8	9.4
1060886468845187.9	9.5
675209067766329.5	9.600000000000001
282435991585117.1	9.700000000000001
0.0	9.8
0.0	9.9
0.0	10.0
0.0	10.100000000000001
0.0	10.200000000000001
0.0	10.3
0.0	10.4
0.0	10.5
0.0	10.600000000000001
