a = 10308.299834319409 м
b = 8912.761936259772 м
x0 = 4190.5944568310315 м
vr = 1561.906748001113 м/с
A0 = 1.322912029500046 м
Xmax = 9189.704637056455 м
sigmaX = 4561.502669867902 м
sigmaY = 4762.366389390185 м
M0 = 2.6814824130878767e+19 Н*м - интегральное значение сейсмического момента
Mr_max = 4.667681431247704e+18 Н*м/с - максимальное значение функции источника
1-ый столбец - источника
2-ой столбец - время
0.0	0.0
1701872546405283.5	0.1
2.1603739350373734e+17	0.2
4.251190676590512e+17	0.30000000000000004
6.283401039964353e+17	0.4
8.416225518720602e+17	0.5
1.0468158137660321e+18	0.6000000000000001
1.2505133591070925e+18	0.7000000000000001
1.4413335526585044e+18	0.8
1.6521051379991788e+18	0.9
1.8501004236092403e+18	1.0
2.0348189488570726e+18	1.1
2.219910678393138e+18	1.2000000000000002
2.3868401189049027e+18	1.3
2.590195155666529e+18	1.4000000000000001
2.759727295858915e+18	1.5
2.938007351198374e+18	1.6
3.1068994405843763e+18	1.7000000000000002
3.248015497548564e+18	1.8
3.409897920700338e+18	1.9000000000000001
3.532381432884118e+18	2.0
3.6883109714755297e+18	2.1
3.84894298837143e+18	2.2
3.962432188985091e+18	2.3000000000000003
4.095229729690654e+18	2.4000000000000004
4.2057383197408046e+18	2.5
4.304992097520209e+18	2.6
4.429559158282007e+18	2.7
4.4356074071503585e+18	2.8000000000000003
4.4163176812646774e+18	2.9000000000000004
4.4805619627908e+18	3.0
4.502510363559759e+18	3.1
4.5402294446062024e+18	3.2
4.6050002423728236e+18	3.3000000000000003
4.5270683960236513e+18	3.4000000000000004
4.590371381198333e+18	3.5
4.63535055414632e+18	3.6
4.636612126417183e+18	3.7
4.667681431247704e+18	3.8000000000000003
4.622064119901328e+18	3.9000000000000004
4.595518662332472e+18	4.0
4.602943724489838e+18	4.1000000000000005
4.6105779727212733e+18	4.2
4.598332219333813e+18	4.3
4.5674890141151995e+18	4.4
4.549217454723263e+18	4.5
4.4995787090679516e+18	4.6000000000000005
4.437405836939534e+18	4.7
4.3460191986248955e+18	4.800000000000001
4.339529264833584e+18	4.9
4.27677166867775e+18	5.0
4.232382305545639e+18	5.1000000000000005
4.0998619324695055e+18	5.2
4.05611193241338e+18	5.300000000000001
4.0030658340693734e+18	5.4
3.8725237198372756e+18	5.5
3.7971467774601825e+18	5.6000000000000005
3.6930506011267415e+18	5.7
3.6004677735526794e+18	5.800000000000001
3.502966737602163e+18	5.9
3.410650779822556e+18	6.0
3.3213820533322696e+18	6.1000000000000005
3.1874762456231255e+18	6.2
3.0718491378320635e+18	6.300000000000001
2.96701492443231e+18	6.4
2.874365032529731e+18	6.5
2.7311593547716756e+18	6.6000000000000005
2.6310044020990003e+18	6.7
2.53216698602562e+18	6.800000000000001
2.4110516082045343e+18	6.9
2.3201357509465236e+18	7.0
2.2292382031776297e+18	7.1000000000000005
2.1177305610008745e+18	7.2
2.0075757372681544e+18	7.300000000000001
1.8976829774925146e+18	7.4
1.7869026021748442e+18	7.5
1.698351486846216e+18	7.6000000000000005
1.6227307248991255e+18	7.7
1.5176151174793738e+18	7.800000000000001
1.459611572484942e+18	7.9
1.3581654989978678e+18	8.0
1.2618686078265247e+18	8.1
1.179621341675265e+18	8.200000000000001
1.102636673963402e+18	8.3
1.0372135265515165e+18	8.4
9.677861046128163e+17	8.5
8.980990190347974e+17	8.6
8.206225647247251e+17	8.700000000000001
7.607243274379066e+17	8.8
7.041330671768374e+17	8.9
6.428536539754065e+17	9.0
5.905819162952685e+17	9.1
5.422252235998466e+17	9.200000000000001
4.9059893013571603e+17	9.3
4.443725491345603e+17	9.4
4.001846429516739e+17	9.5
3.600102151537754e+17	9.600000000000001
3.210151527725899e+17	9.700000000000001
2.845559160645579e+17	9.8
2.496866178022706e+17	9.9
2.1732354951904058e+17	10.0
1.8715548018518966e+17	10.100000000000001
1.5579034277336515e+17	10.200000000000001
1.2766945670452453e+17	10.3
9.884821214177226e+16	10.4
6.785568610838807e+16	10.5
2.5022751029587652e+16	10.600000000000001
0.0	10.700000000000001
0.0	10.8
0.0	10.9
0.0	11.0
0.0	11.100000000000001
0.0	11.200000000000001
0.0	11.3
0.0	11.4
0.0	11.5
