a = 17208.757042128396 м
b = 13831.739704849937 м
x0 = 12816.733381189659 м
vr = 2196.6626481124167 м/с
A0 = 1.2531036151409252 м
Xmax = 17358.064742960913 м
sigmaX = 4726.530190265655 м
sigmaY = 4136.530404678501 м
M0 = 2.6922801459082756e+19 Н*м - интегральное значение сейсмического момента
Mr_max = 6.652774897317876e+18 Н*м/с - максимальное значение функции источника
1-ый столбец - источника
2-ой столбец - время
0.0	0.0
2604150953676695.5	0.1
4.553749496524216e+17	0.2
9.115781212951278e+17	0.30000000000000004
1.340886465689337e+18	0.4
1.7964801226226586e+18	0.5
2.225593542837912e+18	0.6000000000000001
2.6254891448730824e+18	0.7000000000000001
3.021385788371468e+18	0.8
3.436326229866763e+18	0.9
3.798970850064905e+18	1.0
4.141472546702481e+18	1.1
4.470736908021964e+18	1.2000000000000002
4.773521937039223e+18	1.3
5.047755546906839e+18	1.4000000000000001
5.330525700182396e+18	1.5
5.580634966609203e+18	1.6
5.797189591632265e+18	1.7000000000000002
6.009042503299797e+18	1.8
6.137110768620532e+18	1.9000000000000001
6.311055265612333e+18	2.0
6.384775552449646e+18	2.1
6.496678319854148e+18	2.2
6.546418794939721e+18	2.3000000000000003
6.645246844842154e+18	2.4000000000000004
6.630541499744855e+18	2.5
6.652774897317876e+18	2.6
6.630146734252218e+18	2.7
6.616327148044579e+18	2.8000000000000003
6.516061347754281e+18	2.9000000000000004
6.504862674900235e+18	3.0
6.38637979936172e+18	3.1
6.283494986920061e+18	3.2
6.173544887463655e+18	3.3000000000000003
6.056635193003508e+18	3.4000000000000004
5.888242060039932e+18	3.5
5.704815895165969e+18	3.6
5.527585917745265e+18	3.7
5.371034610196097e+18	3.8000000000000003
5.194937439242072e+18	3.9000000000000004
4.996200823355409e+18	4.0
4.754163557565236e+18	4.1000000000000005
4.589372378411917e+18	4.2
4.4060836730116204e+18	4.3
4.187964853789935e+18	4.4
3.939629492083597e+18	4.5
3.773677032255196e+18	4.6000000000000005
3.625134571286115e+18	4.7
3.393951753974547e+18	4.800000000000001
3.2136211206955505e+18	4.9
3.01997943513251e+18	5.0
2.836172406500672e+18	5.1000000000000005
2.638606093977431e+18	5.2
2.466864295926122e+18	5.300000000000001
2.3128841937416325e+18	5.4
2.152948114578969e+18	5.5
1.9883967786738493e+18	5.6000000000000005
1.8384103744248612e+18	5.7
1.7061351277323328e+18	5.800000000000001
1.5523817647354714e+18	5.9
1.4320936582253919e+18	6.0
1.3092526813312397e+18	6.1000000000000005
1.1954086445964477e+18	6.2
1.0929220257560557e+18	6.300000000000001
1.0105251184203882e+18	6.4
9.163041359932442e+17	6.5
8.309739093120188e+17	6.6000000000000005
7.482152847398652e+17	6.7
6.759122614848993e+17	6.800000000000001
6.09966836530621e+17	6.9
5.463441668232047e+17	7.0
4.880882643523053e+17	7.1000000000000005
4.4155403230862035e+17	7.2
3.953408086614361e+17	7.300000000000001
3.487189477295298e+17	7.4
3.111876661381105e+17	7.5
2.77490600069024e+17	7.6000000000000005
2.4438015849612202e+17	7.7
2.172298931362357e+17	7.800000000000001
1.8967617003641123e+17	7.9
1.658805365250132e+17	8.0
1.4584269080992586e+17	8.1
1.268943375617464e+17	8.200000000000001
1.1080196114901282e+17	8.3
9.549443658577123e+16	8.4
8.289255722047406e+16	8.5
7.098467424287337e+16	8.6
6.097959752694649e+16	8.700000000000001
5.228527381184387e+16	8.8
4.3839053798952936e+16	8.9
3.716817339880145e+16	9.0
3.139273244560167e+16	9.1
2.59687113873948e+16	9.200000000000001
2.1476698088404796e+16	9.3
1.7416944657322258e+16	9.4
1.383717521713808e+16	9.5
1.077243059952771e+16	9.600000000000001
7974553968427450.0	9.700000000000001
5323503578266385.0	9.8
2385738167642704.5	9.9
0.0	10.0
0.0	10.100000000000001
0.0	10.200000000000001
0.0	10.3
0.0	10.4
0.0	10.5
0.0	10.600000000000001
0.0	10.700000000000001
0.0	10.8
