a = 16591.24788151146 м
b = 11753.600349048851 м
x0 = 8698.533995675058 м
vr = 2231.676574799601 м/с
A0 = 1.885510900987353 м
Xmax = 18992.024663876 м
sigmaX = 4985.306811973155 м
sigmaY = 4960.620876143095 м
M0 = 4.7470230907930935e+19 Н*м - интегральное значение сейсмического момента
Mr_max = 9.252385039171066e+18 Н*м/с - максимальное значение функции источника
1-ый столбец - источника
2-ой столбец - время
0.0	0.0
749308442818726.8	0.1
1.3372950812043286e+17	0.2
2.6660341108517632e+17	0.30000000000000004
4.0381326875963456e+17	0.4
5.419921287867275e+17	0.5
6.802397027345403e+17	0.6000000000000001
8.217741996539213e+17	0.7000000000000001
9.681422025210984e+17	0.8
1.1283883164118362e+18	0.9
1.2916894918804204e+18	1.0
1.4510231600561984e+18	1.1
1.6108557736319222e+18	1.2000000000000002
1.790729770898412e+18	1.3
1.9778626380202012e+18	1.4000000000000001
2.184590874294685e+18	1.5
2.387154391408148e+18	1.6
2.586087573570771e+18	1.7000000000000002
2.8204394458644096e+18	1.8
3.0376085665724703e+18	1.9000000000000001
3.2738661974187377e+18	2.0
3.480016703193726e+18	2.1
3.744519268832948e+18	2.2
4.001453013575225e+18	2.3000000000000003
4.260538001462291e+18	2.4000000000000004
4.5544735369619425e+18	2.5
4.803890109586375e+18	2.6
5.078689619193486e+18	2.7
5.278722493193015e+18	2.8000000000000003
5.606861290859404e+18	2.9000000000000004
5.865905315737215e+18	3.0
6.115248906506679e+18	3.1
6.425630058947195e+18	3.2
6.655353737534393e+18	3.3000000000000003
6.948054745556382e+18	3.4000000000000004
7.177778493745481e+18	3.5
7.381300778754823e+18	3.6
7.575143857008295e+18	3.7
7.803533891716634e+18	3.8000000000000003
8.033345815078173e+18	3.9000000000000004
8.340878504223708e+18	4.0
8.40901847318791e+18	4.1000000000000005
8.542124002105357e+18	4.2
8.682042183478963e+18	4.3
8.784645039616056e+18	4.4
8.889790272116431e+18	4.5
9.042816416085076e+18	4.6000000000000005
9.152881479015932e+18	4.7
9.066303361886234e+18	4.800000000000001
9.190447966677034e+18	4.9
9.218403356990062e+18	5.0
9.252385039171066e+18	5.1000000000000005
9.209882327346213e+18	5.2
9.057568678914426e+18	5.300000000000001
9.044783057219386e+18	5.4
8.945814854603032e+18	5.5
8.87929893417328e+18	5.6000000000000005
8.749488619163828e+18	5.7
8.597803817854884e+18	5.800000000000001
8.453071842863101e+18	5.9
8.296616689260428e+18	6.0
8.110373060354981e+18	6.1000000000000005
7.850956062936813e+18	6.2
7.549591815279062e+18	6.300000000000001
7.400856049542972e+18	6.4
7.180829845117739e+18	6.5
6.980480159963238e+18	6.6000000000000005
6.721033658583197e+18	6.7
6.444759370227244e+18	6.800000000000001
6.160641678739996e+18	6.9
5.861949855612255e+18	7.0
5.636174392704195e+18	7.1000000000000005
5.363998864720625e+18	7.2
5.118168934331306e+18	7.300000000000001
4.863274939664185e+18	7.4
4.612361519090439e+18	7.5
4.370745903567377e+18	7.6000000000000005
4.0837128533665183e+18	7.7
3.815167650747151e+18	7.800000000000001
3.5981778825590257e+18	7.9
3.383666009295912e+18	8.0
3.133006136696435e+18	8.1
2.9098904706114273e+18	8.200000000000001
2.726924139646514e+18	8.3
2.504245155704243e+18	8.4
2.3082542925350917e+18	8.5
2.1383517548801656e+18	8.6
1.9708551568737759e+18	8.700000000000001
1.8133217502856735e+18	8.8
1.6497666140304975e+18	8.9
1.4947806233728064e+18	9.0
1.363527300464174e+18	9.1
1.23583183502464e+18	9.200000000000001
1.11929732465432e+18	9.3
1.0019825117645047e+18	9.4
9.017499019728292e+17	9.5
8.008032021159279e+17	9.600000000000001
7.156182290628599e+17	9.700000000000001
6.331198597078483e+17	9.8
5.597934189035901e+17	9.9
4.882570662229981e+17	10.0
4.236016568894366e+17	10.100000000000001
3.682499126645229e+17	10.200000000000001
3.138596671524723e+17	10.3
2.6728878651095597e+17	10.4
2.2393777534154922e+17	10.5
1.8342952534943648e+17	10.600000000000001
1.4788998960374634e+17	10.700000000000001
1.1409224214951362e+17	10.8
8.187573030714443e+16	10.9
4.792205887756054e+16	11.0
0.0	11.100000000000001
0.0	11.200000000000001
0.0	11.3
0.0	11.4
0.0	11.5
0.0	11.600000000000001
0.0	11.700000000000001
0.0	11.8
0.0	11.9
