a = 9831.98640834705 м
b = 10959.422292683104 м
x0 = 5953.292588035478 м
vr = 1588.550359297397 м/с
A0 = 1.4555609984251119 м
Xmax = 12225.341648754615 м
sigmaX = 4577.547840903368 м
sigmaY = 4718.121609196605 м
M0 = 2.8937026887409553e+19 Н*м - интегральное значение сейсмического момента
Mr_max = 5.075460452572955e+18 Н*м/с - максимальное значение функции источника
1-ый столбец - источника
2-ой столбец - время
0.0	0.0
1357299935333555.8	0.1
1.7381584790036182e+17	0.2
3.4513043223341843e+17	0.30000000000000004
5.145039289228816e+17	0.4
6.816904121855721e+17	0.5
8.514356718452e+17	0.6000000000000001
1.0227983292436288e+18	0.7000000000000001
1.1899335155564593e+18	0.8
1.343167353512669e+18	0.9
1.4932027699859548e+18	1.0
1.6679710172593487e+18	1.1
1.8297598145345756e+18	1.2000000000000002
1.9962040234310328e+18	1.3
2.1474829595384704e+18	1.4000000000000001
2.3236765737217234e+18	1.5
2.461323688040329e+18	1.6
2.603892368470503e+18	1.7000000000000002
2.7559037506041293e+18	1.8
2.8802729983985254e+18	1.9000000000000001
3.028354802548448e+18	2.0
3.1573144477593375e+18	2.1
3.332088665843759e+18	2.2
3.443729607858097e+18	2.3000000000000003
3.5819722040759747e+18	2.4000000000000004
3.705880497678548e+18	2.5
3.8651032259395456e+18	2.6
3.9868031813132534e+18	2.7
4.128634260964781e+18	2.8000000000000003
4.187592063871152e+18	2.9000000000000004
4.2861005616062807e+18	3.0
4.399247033184265e+18	3.1
4.539972903610859e+18	3.2
4.5890507016849106e+18	3.3000000000000003
4.688200708821904e+18	3.4000000000000004
4.765035238633165e+18	3.5
4.828460024472828e+18	3.6
4.83480028935179e+18	3.7
4.914214969894895e+18	3.8000000000000003
4.936252911781221e+18	3.9000000000000004
4.961615692032433e+18	4.0
4.963800269526102e+18	4.1000000000000005
5.054406237691273e+18	4.2
5.022330829817671e+18	4.3
5.037488299659862e+18	4.4
5.075460452572955e+18	4.5
5.057392015619599e+18	4.6000000000000005
5.037306099307301e+18	4.7
5.046600088949709e+18	4.800000000000001
4.967128051424903e+18	4.9
4.953865564714798e+18	5.0
4.96415093788974e+18	5.1000000000000005
4.881128547036809e+18	5.2
4.870995179511333e+18	5.300000000000001
4.797585899281567e+18	5.4
4.774315501314737e+18	5.5
4.717283206729197e+18	5.6000000000000005
4.608498633024812e+18	5.7
4.575451140304533e+18	5.800000000000001
4.5243192312940017e+18	5.9
4.3604231751730913e+18	6.0
4.2671717149222973e+18	6.1000000000000005
4.204392777733593e+18	6.2
4.0696200679619553e+18	6.300000000000001
4.0212870580563057e+18	6.4
3.8813708842482504e+18	6.5
3.8193767992038917e+18	6.6000000000000005
3.692783812252018e+18	6.7
3.6023519526590776e+18	6.800000000000001
3.467085078556888e+18	6.9
3.343377980545367e+18	7.0
3.238368892411618e+18	7.1000000000000005
3.122474453880329e+18	7.2
3.017548655433054e+18	7.300000000000001
2.877773337907465e+18	7.4
2.776116008112315e+18	7.5
2.6502748857446687e+18	7.6000000000000005
2.5279442537189084e+18	7.7
2.3913853754434094e+18	7.800000000000001
2.277038260883417e+18	7.9
2.1495537321102295e+18	8.0
2.0036358692540188e+18	8.1
1.8755697412980398e+18	8.200000000000001
1.729097350508227e+18	8.3
1.5517740971594499e+18	8.4
1.373827150250712e+18	8.5
1.1005672277755108e+18	8.6
6.0462534697294e+17	8.700000000000001
0.0	8.8
0.0	8.9
0.0	9.0
0.0	9.1
0.0	9.200000000000001
0.0	9.3
0.0	9.4
0.0	9.5
0.0	9.600000000000001
0.0	9.700000000000001
0.0	9.8
0.0	9.9
0.0	10.0
0.0	10.100000000000001
0.0	10.200000000000001
0.0	10.3
0.0	10.4
0.0	10.5
0.0	10.600000000000001
0.0	10.700000000000001
0.0	10.8
0.0	10.9
0.0	11.0
