a = 16636.209375760183 м
b = 10794.459985340904 м
x0 = 3167.309278201865 м
vr = 1617.2857316655372 м/с
A0 = 1.6788350030058723 м
Xmax = 11663.648781354095 м
sigmaX = 4449.393347742587 м
sigmaY = 4498.319960565786 м
M0 = 3.5212357630799454e+19 Н*м - интегральное значение сейсмического момента
Mr_max = 5.526347887972726e+18 Н*м/с - максимальное значение функции источника
1-ый столбец - источника
2-ой столбец - время
0.0	0.0
658545468508624.0	0.1
8.569916256823464e+16	0.2
1.7105013395517523e+17	0.30000000000000004
2.576583827191085e+17	0.4
3.4374079429194035e+17	0.5
4.298624790726536e+17	0.6000000000000001
5.1898859667751456e+17	0.7000000000000001
6.067041687288367e+17	0.8
6.994761041362838e+17	0.9
7.963943059979913e+17	1.0
8.902667112382387e+17	1.1
9.826489664701306e+17	1.2000000000000002
1.0877247012894445e+18	1.3
1.1824322839889654e+18	1.4000000000000001
1.2838769100139308e+18	1.5
1.38919820667609e+18	1.6
1.5031223189238374e+18	1.7000000000000002
1.6072259646675133e+18	1.8
1.7338188261066952e+18	1.9000000000000001
1.858711421427841e+18	2.0
1.9384072019506166e+18	2.1
2.0386422285635395e+18	2.2
2.1664239103489987e+18	2.3000000000000003
2.2531279112137754e+18	2.4000000000000004
2.394876242893969e+18	2.5
2.4792292662851707e+18	2.6
2.63002979074214e+18	2.7
2.751965007601454e+18	2.8000000000000003
2.882126983105287e+18	2.9000000000000004
3.0269522106711905e+18	3.0
3.161763673226666e+18	3.1
3.2522244475992566e+18	3.2
3.4235571597194317e+18	3.3000000000000003
3.5569669449558e+18	3.4000000000000004
3.656090647081443e+18	3.5
3.8306057905713336e+18	3.6
3.940193244512479e+18	3.7
4.0504679499860106e+18	3.8000000000000003
4.19763255943012e+18	3.9000000000000004
4.324214224423987e+18	4.0
4.442619383506165e+18	4.1000000000000005
4.537665632324593e+18	4.2
4.652077409841426e+18	4.3
4.750475506455047e+18	4.4
4.865012302756838e+18	4.5
4.957595883238855e+18	4.6000000000000005
5.019495643161337e+18	4.7
5.087658281696013e+18	4.800000000000001
5.184732916796107e+18	4.9
5.260679645521052e+18	5.0
5.340750560602228e+18	5.1000000000000005
5.352325207068191e+18	5.2
5.387889457595145e+18	5.300000000000001
5.452583079126289e+18	5.4
5.513576490075297e+18	5.5
5.51831327222877e+18	5.6000000000000005
5.479966913931867e+18	5.7
5.526347887972726e+18	5.800000000000001
5.518747664222133e+18	5.9
5.503231018183345e+18	6.0
5.476712274536031e+18	6.1000000000000005
5.475608169307059e+18	6.2
5.406067744874763e+18	6.300000000000001
5.39763162710791e+18	6.4
5.306043382888004e+18	6.5
5.240117043267064e+18	6.6000000000000005
5.177750174389538e+18	6.7
5.159064219844365e+18	6.800000000000001
5.049612640415833e+18	6.9
4.987209026510964e+18	7.0
4.885943030690353e+18	7.1000000000000005
4.807251518632567e+18	7.2
4.687349184169329e+18	7.300000000000001
4.638216829391351e+18	7.4
4.4807429422393764e+18	7.5
4.3753720198252017e+18	7.6000000000000005
4.2712904640262287e+18	7.7
4.1395906079398794e+18	7.800000000000001
4.03353818664759e+18	7.9
3.887479309524883e+18	8.0
3.759779489500209e+18	8.1
3.681443495391178e+18	8.200000000000001
3.5341725683036314e+18	8.3
3.396813619663908e+18	8.4
3.270767751700315e+18	8.5
3.19603391452274e+18	8.6
3.0072721922442286e+18	8.700000000000001
2.900845601392729e+18	8.8
2.7759948386491387e+18	8.9
2.6712992777166106e+18	9.0
2.5139868814848087e+18	9.1
2.436949983157968e+18	9.200000000000001
2.288697642637609e+18	9.3
2.1904844734055076e+18	9.4
2.0800837347016028e+18	9.5
1.9665172993168773e+18	9.600000000000001
1.8615313404320763e+18	9.700000000000001
1.7587583541881416e+18	9.8
1.6731787725140316e+18	9.9
1.5695473901720978e+18	10.0
1.4768621410748403e+18	10.100000000000001
1.402000559374214e+18	10.200000000000001
1.2931343447563953e+18	10.3
1.219996304559664e+18	10.4
1.1364957383191689e+18	10.5
1.0667809087465464e+18	10.600000000000001
1.0031266318377801e+18	10.700000000000001
9.301620547918758e+17	10.8
8.660298601593738e+17	10.9
8.123397083458423e+17	11.0
7.485223984541802e+17	11.100000000000001
6.896762461585773e+17	11.200000000000001
6.447336607918865e+17	11.3
5.953513975308516e+17	11.4
5.486021339464657e+17	11.5
5.065936901497359e+17	11.600000000000001
4.63898742235718e+17	11.700000000000001
4.294668934642506e+17	11.8
3.9478717732459194e+17	11.9
3.592081139486809e+17	12.0
3.278328179777588e+17	12.100000000000001
2.999626015496092e+17	12.200000000000001
2.7384094775492694e+17	12.3
2.490287811863794e+17	12.4
2.2732572068719795e+17	12.5
2.0677293089186355e+17	12.600000000000001
1.870697331256832e+17	12.700000000000001
1.705477869823302e+17	12.8
1.5485527076667066e+17	12.9
1.3890619076111686e+17	13.0
1.2585960986565488e+17	13.100000000000001
1.1323947878262256e+17	13.200000000000001
1.0107640038054896e+17	13.3
9.090785374342016e+16	13.4
8.203768035697776e+16	13.5
7.305517620772104e+16	13.600000000000001
6.5580328462553976e+16	13.700000000000001
5.857649346193062e+16	13.8
5.237139010031537e+16	13.9
4.632107934701864e+16	14.0
4.145235212481369e+16	14.100000000000001
3.6704919563891144e+16	14.200000000000001
3.2286537749153292e+16	14.3
2.8775017367095056e+16	14.4
2.5404609571659468e+16	14.5
2.23857747007238e+16	14.600000000000001
1.9640645520733456e+16	14.700000000000001
1.7408842942953886e+16	14.8
1.512612636305382e+16	14.9
1.3185194109861984e+16	15.0
1.1570998565401434e+16	15.100000000000001
1.0132367535057394e+16	15.200000000000001
8861178285809604.0	15.3
7726900791719499.0	15.4
6708790404666378.0	15.5
5792306237343099.0	15.600000000000001
5020199385829574.0	15.700000000000001
4336380532344622.5	15.8
3755531374760366.0	15.9
3220067409214278.0	16.0
2771475063146360.5	16.1
2373363449768042.5	16.2
2032377322601003.2	16.3
1734254688903784.2	16.400000000000002
1476362863723805.8	16.5
1258445490511899.2	16.6
1062770021027089.0	16.7
900299811244021.1	16.8
756406475007139.8	16.900000000000002
640675097770391.6	17.0
535282325682252.25	17.1
447747479086440.8	17.2
372905137163223.3	17.3
309171151075503.25	17.400000000000002
256279086901941.53	17.5
210343481231414.9	17.6
171675491884491.47	17.7
140050458875800.28	17.8
112898631975550.0	17.900000000000002
90687705571812.33	18.0
71373969968380.62	18.1
55656173004359.7	18.2
42620299398749.08	18.3
31598971467260.766	18.400000000000002
22252808224556.33	18.5
13783082113641.967	18.6
4279629325528.508	18.7
0.0	18.8
0.0	18.900000000000002
0.0	19.0
0.0	19.1
0.0	19.200000000000003
0.0	19.3
0.0	19.400000000000002
0.0	19.5
0.0	19.6
