a = 16037.299295939094 м
b = 14708.31306778234 м
x0 = 7500.958805159001 м
vr = 2259.132109403328 м/с
A0 = 0.362967523058827 м
Xmax = 15461.808704509605 м
sigmaX = 4075.6001810845723 м
sigmaY = 4180.101614607234 м
M0 = 6.673199247251909e+18 Н*м - интегральное значение сейсмического момента
Mr_max = 1.581080977288945e+18 Н*м/с - максимальное значение функции источника
1-ый столбец - источника
2-ой столбец - время
0.0	0.0
182913728082246.22	0.1
3.3346802773007644e+16	0.2
6.6597866996790664e+16	0.30000000000000004
9.963612962313222e+16	0.4
1.3418554487338232e+17	0.5
1.7001576169184976e+17	0.6000000000000001
2.060579164569486e+17	0.7000000000000001
2.4397274466053088e+17	0.8
2.8276527172644685e+17	0.9
3.254870367197535e+17	1.0
3.668679714676929e+17	1.1
4.102333869470113e+17	1.2000000000000002
4.57508332541362e+17	1.3
5.0309042349895834e+17	1.4000000000000001
5.5806859750247194e+17	1.5
6.076764572703043e+17	1.6
6.566181536592914e+17	1.7000000000000002
7.193451120225012e+17	1.8
7.637343899526926e+17	1.9000000000000001
8.243892263660689e+17	2.0
8.78708158799286e+17	2.1
9.323770311037724e+17	2.2
9.904732961640626e+17	2.3000000000000003
1.0543496313268463e+18	2.4000000000000004
1.110645437108682e+18	2.5
1.1609130011834604e+18	2.6
1.2089214389536768e+18	2.7
1.2658859588065393e+18	2.8000000000000003
1.3100898523510054e+18	2.9000000000000004
1.3482328070816794e+18	3.0
1.3962487413387983e+18	3.1
1.4218240604397714e+18	3.2
1.4771732486234084e+18	3.3000000000000003
1.504452857076895e+18	3.4000000000000004
1.5280516562490012e+18	3.5
1.5415813902021476e+18	3.6
1.570424846271253e+18	3.7
1.5662565453295795e+18	3.8000000000000003
1.578684154930914e+18	3.9000000000000004
1.5724696288154637e+18	4.0
1.581080977288945e+18	4.1000000000000005
1.5642480002141084e+18	4.2
1.5479533772101012e+18	4.3
1.526957014965571e+18	4.4
1.502708130503384e+18	4.5
1.4694368609282857e+18	4.6000000000000005
1.4334064657030797e+18	4.7
1.3987964968224381e+18	4.800000000000001
1.3612684192856712e+18	4.9
1.2996344846919002e+18	5.0
1.257641484581375e+18	5.1000000000000005
1.2146300617702574e+18	5.2
1.1565145177716518e+18	5.300000000000001
1.109420408561092e+18	5.4
1.05808018797998e+18	5.5
9.996166473533903e+17	5.6000000000000005
9.506094080006913e+17	5.7
8.914108117008845e+17	5.800000000000001
8.379369140081267e+17	5.9
7.861817864011962e+17	6.0
7.350796592179004e+17	6.1000000000000005
6.850499653484335e+17	6.2
6.368506444584067e+17	6.300000000000001
5.911986452787756e+17	6.4
5.4665478787883456e+17	6.5
4.999635117038861e+17	6.6000000000000005
4.5879965737707936e+17	6.7
4.1634452511259155e+17	6.800000000000001
3.7918167381182355e+17	6.9
3.424025642831791e+17	7.0
3.1020522395828186e+17	7.1000000000000005
2.8186669169123594e+17	7.2
2.5203937695789482e+17	7.300000000000001
2.257810713563708e+17	7.4
2.0336709393118224e+17	7.5
1.796951343576542e+17	7.6000000000000005
1.585323806679743e+17	7.7
1.4111808882936016e+17	7.800000000000001
1.2466207889469411e+17	7.9
1.075309877777571e+17	8.0
9.503986122993941e+16	8.1
8.327259135728566e+16	8.200000000000001
7.241987913613038e+16	8.3
6.259612501682483e+16	8.4
5.396046738544707e+16	8.5
4.681055418263507e+16	8.6
4.016027117505954e+16	8.700000000000001
3.4465353615591424e+16	8.8
2.9125228325189364e+16	8.9
2.4787158914744484e+16	9.0
2.1018886318111944e+16	9.1
1.763121839414559e+16	9.200000000000001
1.4792046654257004e+16	9.3
1.233396926805599e+16	9.4
1.0317089967037622e+16	9.5
8497553644829107.0	9.600000000000001
7038600757266454.0	9.700000000000001
5753167039196508.0	9.8
4676073923588606.0	9.9
3801216136484783.5	10.0
3043171859057867.0	10.100000000000001
2416122719980289.0	10.200000000000001
1914506960648612.2	10.3
1486031459906225.2	10.4
1133496906927483.0	10.5
851188335513892.5	10.600000000000001
611494958772658.2	10.700000000000001
411348976667405.44	10.8
227796629813041.62	10.9
0.0	11.0
0.0	11.100000000000001
0.0	11.200000000000001
0.0	11.3
0.0	11.4
0.0	11.5
0.0	11.600000000000001
0.0	11.700000000000001
0.0	11.8
