a = 12571.539583432148 м
b = 7805.277951150734 м
x0 = 9533.47025456786 м
vr = 2183.459286773127 м/с
A0 = 1.8869596365453782 м
Xmax = 14962.46465456579 м
sigmaX = 4611.567042065749 м
sigmaY = 4153.988775251874 м
M0 = 3.4408358201531343e+19 Н*м - интегральное значение сейсмического момента
Mr_max = 8.95331965193662e+18 Н*м/с - максимальное значение функции источника
1-ый столбец - источника
2-ой столбец - время
0.0	0.0
3091842513676396.5	0.1
5.4123286061262554e+17	0.2
1.0805950819616215e+18	0.30000000000000004
1.6077120948088248e+18	0.4
2.104340170206043e+18	0.5
2.6538753348130043e+18	0.6000000000000001
3.1358123820194237e+18	0.7000000000000001
3.5916190152489293e+18	0.8
4.077831562823865e+18	0.9
4.521433810102624e+18	1.0
4.948877376264607e+18	1.1
5.407359542320204e+18	1.2000000000000002
5.833117988887402e+18	1.3
6.17423000889074e+18	1.4000000000000001
6.547218024310719e+18	1.5
6.845866223254392e+18	1.6
7.219543477394141e+18	1.7000000000000002
7.504897972725264e+18	1.8
7.766166107203619e+18	1.9000000000000001
7.958717047185025e+18	2.0
8.223921906044221e+18	2.1
8.371970438469818e+18	2.2
8.501369511616514e+18	2.3000000000000003
8.597720787250173e+18	2.4000000000000004
8.744933586041915e+18	2.5
8.896568605085819e+18	2.6
8.875605250385871e+18	2.7
8.887114079801534e+18	2.8000000000000003
8.95331965193662e+18	2.9000000000000004
8.916244815648653e+18	3.0
8.873516913714546e+18	3.1
8.810863344493127e+18	3.2
8.672198120467488e+18	3.3000000000000003
8.563972870573237e+18	3.4000000000000004
8.459934132779022e+18	3.5
7.890636554581129e+18	3.6
7.581218356198804e+18	3.7
7.289810631677348e+18	3.8000000000000003
6.974014237465772e+18	3.9000000000000004
6.758920272144434e+18	4.0
6.400673831760265e+18	4.1000000000000005
6.186934512959937e+18	4.2
5.920588713064514e+18	4.3
5.520237315770323e+18	4.4
5.270540908343755e+18	4.5
5.031022580277732e+18	4.6000000000000005
4.700030085159581e+18	4.7
4.475433176220568e+18	4.800000000000001
4.209900758180857e+18	4.9
3.9473557228741135e+18	5.0
3.680385321949326e+18	5.1000000000000005
3.481054889886507e+18	5.2
3.1547475490716974e+18	5.300000000000001
2.970206594453688e+18	5.4
2.719631179614359e+18	5.5
2.504772413717062e+18	5.6000000000000005
2.3235346705688305e+18	5.7
2.073140542131879e+18	5.800000000000001
1.9051572928860442e+18	5.9
1.7231463758683988e+18	6.0
1.5412778192300398e+18	6.1000000000000005
1.382602562983052e+18	6.2
1.2147416107337336e+18	6.300000000000001
1.0856319636155174e+18	6.4
9.410881141324844e+17	6.5
8.219338550625696e+17	6.6000000000000005
7.003258887368586e+17	6.7
5.823054433668196e+17	6.800000000000001
4.728087595460777e+17	6.9
3.707948168155569e+17	7.0
2.643173927026726e+17	7.1000000000000005
1.398673637056945e+17	7.2
0.0	7.300000000000001
0.0	7.4
0.0	7.5
0.0	7.6000000000000005
0.0	7.7
0.0	7.800000000000001
0.0	7.9
0.0	8.0
0.0	8.1
