a = 11955.173598649995 м
b = 7450.4910795401665 м
x0 = 5863.86234147835 м
vr = 2081.1205264581804 м/с
A0 = 1.0387891985453717 м
Xmax = 14826.88344317914 м
sigmaX = 4142.529494260308 м
sigmaY = 4948.136603138114 м
M0 = 1.7907635020287656e+19 Н*м - интегральное значение сейсмического момента
Mr_max = 4.1740050857565164e+18 Н*м/с - максимальное значение функции источника
1-ый столбец - источника
2-ой столбец - время
0.0	0.0
312332007314763.6	0.1
5.20534166415341e+16	0.2
1.0523418525382403e+17	0.30000000000000004
1.5871302894065245e+17	0.4
2.1263825016925037e+17	0.5
2.7006806127943958e+17	0.6000000000000001
3.2715469538518483e+17	0.7000000000000001
3.8865497138238765e+17	0.8
4.531635188293594e+17	0.9
5.2415809471850336e+17	1.0
5.934254498995094e+17	1.1
6.761528997304588e+17	1.2000000000000002
7.592917309177775e+17	1.3
8.468555602018602e+17	1.4000000000000001
9.428519126747596e+17	1.5
1.0439449127648216e+18	1.6
1.1420137399830543e+18	1.7000000000000002
1.2599526587804124e+18	1.8
1.367034665192074e+18	1.9000000000000001
1.4790574524974822e+18	2.0
1.606012686598918e+18	2.1
1.728138513676388e+18	2.2
1.8605081177845778e+18	2.3000000000000003
2.0118775447746081e+18	2.4000000000000004
2.1366358775840064e+18	2.5
2.2864784800448973e+18	2.6
2.430360223668376e+18	2.7
2.5755722807977866e+18	2.8000000000000003
2.7092873655507604e+18	2.9000000000000004
2.8539574912218696e+18	3.0
2.9996754631910707e+18	3.1
3.0997106307257784e+18	3.2
3.246317319199325e+18	3.3000000000000003
3.357964121946092e+18	3.4000000000000004
3.450642754555608e+18	3.5
3.520334000166513e+18	3.6
3.6729890652320113e+18	3.7
3.7800573516496476e+18	3.8000000000000003
3.887420460724449e+18	3.9000000000000004
3.9179262667177907e+18	4.0
4.000964208525442e+18	4.1000000000000005
4.078975070598688e+18	4.2
4.104028739047005e+18	4.3
4.124262070028056e+18	4.4
4.1326364834369884e+18	4.5
4.1740050857565164e+18	4.6000000000000005
4.1164536813115505e+18	4.7
4.080944612110044e+18	4.800000000000001
4.035827370700542e+18	4.9
3.979878948639387e+18	5.0
3.9126463803026744e+18	5.1000000000000005
3.8608942623391754e+18	5.2
3.7883747760800046e+18	5.300000000000001
3.684343019266606e+18	5.4
3.605173685650392e+18	5.5
3.478148892184507e+18	5.6000000000000005
3.3744819591303137e+18	5.7
3.2393351282140513e+18	5.800000000000001
3.0934768363657124e+18	5.9
3.013217802814776e+18	6.0
2.852175801448801e+18	6.1000000000000005
2.7143817408252375e+18	6.2
2.5501870221210803e+18	6.300000000000001
2.388904306690132e+18	6.4
2.294164343157213e+18	6.5
2.0964386427545021e+18	6.6000000000000005
1.9976135584528294e+18	6.7
1.8355064034224612e+18	6.800000000000001
1.7235451106630582e+18	6.9
1.57001295654735e+18	7.0
1.4531938977903951e+18	7.1000000000000005
1.3250438851444045e+18	7.2
1.2055014345539633e+18	7.300000000000001
1.1027476808450516e+18	7.4
9.811260304146348e+17	7.5
8.804814369844563e+17	7.6000000000000005
7.945370271048387e+17	7.7
6.981681911401284e+17	7.800000000000001
6.070737490081106e+17	7.9
5.2910151910215674e+17	8.0
4.598655860373668e+17	8.1
3.8490484522793286e+17	8.200000000000001
3.2068670324951123e+17	8.3
2.6098297311923306e+17	8.4
2.0272017048529718e+17	8.5
1.476272929238669e+17	8.6
8.69913281000101e+16	8.700000000000001
0.0	8.8
0.0	8.9
0.0	9.0
0.0	9.1
0.0	9.200000000000001
0.0	9.3
0.0	9.4
0.0	9.5
0.0	9.600000000000001
