a = 13256.056506022318 м
b = 8702.084353576543 м
x0 = 7314.122135239086 м
vr = 1590.2424211095247 м/с
A0 = 1.4489825642497325 м
Xmax = 12669.34530234983 м
sigmaX = 4333.65924267995 м
sigmaY = 4356.396837988626 м
M0 = 2.7822040444187857e+19 Н*м - интегральное значение сейсмического момента
Mr_max = 5.147767505164612e+18 Н*м/с - максимальное значение функции источника
1-ый столбец - источника
2-ой столбец - время
0.0	0.0
1611155979045428.5	0.1
2.047735639036819e+17	0.2
4.075970731654513e+17	0.30000000000000004
6.100196835290106e+17	0.4
8.176939426950232e+17	0.5
1.0133509988450995e+18	0.6000000000000001
1.2122453380148296e+18	0.7000000000000001
1.3992064366208422e+18	0.8
1.5913374854322458e+18	0.9
1.7943200843691264e+18	1.0
1.9725123080713382e+18	1.1
2.1635584458895905e+18	1.2000000000000002
2.3549717891089725e+18	1.3
2.5213852667324165e+18	1.4000000000000001
2.7047796529099105e+18	1.5
2.87673411849249e+18	1.6
3.044730064197172e+18	1.7000000000000002
3.1842577360582815e+18	1.8
3.380422517093247e+18	1.9000000000000001
3.535385874792135e+18	2.0
3.6147711659324063e+18	2.1
3.787572533402561e+18	2.2
3.9459622782880184e+18	2.3000000000000003
4.0805444893326525e+18	2.4000000000000004
4.2275749495470756e+18	2.5
4.312866761177738e+18	2.6
4.42209551402144e+18	2.7
4.513411117123162e+18	2.8000000000000003
4.5966595406130345e+18	2.9000000000000004
4.674233074098367e+18	3.0
4.766023012974596e+18	3.1
4.847938650076213e+18	3.2
4.918957145467262e+18	3.3000000000000003
5.016603946409299e+18	3.4000000000000004
5.00127978427021e+18	3.5
5.035187387251736e+18	3.6
5.110275984789391e+18	3.7
5.085083098629854e+18	3.8000000000000003
5.130835781422938e+18	3.9000000000000004
5.141838202991523e+18	4.0
5.147767505164612e+18	4.1000000000000005
5.147519494552934e+18	4.2
5.141933054972943e+18	4.3
5.114662794546424e+18	4.4
5.072088134523461e+18	4.5
4.907283878804475e+18	4.6000000000000005
4.792453841649736e+18	4.7
4.68115563859455e+18	4.800000000000001
4.620487352209018e+18	4.9
4.5611333933198454e+18	5.0
4.451043983196724e+18	5.1000000000000005
4.380486623998584e+18	5.2
4.2554971048638597e+18	5.300000000000001
4.162126875413547e+18	5.4
4.110884438434605e+18	5.5
3.9258560859236977e+18	5.6000000000000005
3.8590099225770373e+18	5.7
3.7407987597767977e+18	5.800000000000001
3.6245529552999076e+18	5.9
3.497198823910514e+18	6.0
3.3657279444098135e+18	6.1000000000000005
3.249333294906314e+18	6.2
3.149859626101326e+18	6.300000000000001
2.986715838520744e+18	6.4
2.872084883094071e+18	6.5
2.7706476256540713e+18	6.6000000000000005
2.656864764820684e+18	6.7
2.5330803198731597e+18	6.800000000000001
2.400980331368752e+18	6.9
2.2970484958701916e+18	7.0
2.195767275334978e+18	7.1000000000000005
2.0574803600820052e+18	7.2
1.9432169687186422e+18	7.300000000000001
1.8481393457378767e+18	7.4
1.7540013413907965e+18	7.5
1.6602588067794304e+18	7.6000000000000005
1.572288646725007e+18	7.7
1.4764767288155533e+18	7.800000000000001
1.379817801489505e+18	7.9
1.29069539261754e+18	8.0
1.208395487328785e+18	8.1
1.116159937206143e+18	8.200000000000001
1.0565331499701455e+18	8.3
9.827081774041349e+17	8.4
9.189185556785531e+17	8.5
8.453095983091059e+17	8.6
7.868713072111131e+17	8.700000000000001
7.224635966172197e+17	8.8
6.598114115753307e+17	8.9
6.12600515944494e+17	9.0
5.658590611532228e+17	9.1
5.192712879493205e+17	9.200000000000001
4.76092493995117e+17	9.3
4.3340606840989914e+17	9.4
4.0001843468689824e+17	9.5
3.6182206976210336e+17	9.600000000000001
3.282603420448168e+17	9.700000000000001
2.9654585229888166e+17	9.8
2.714766154696882e+17	9.9
2.432619187100686e+17	10.0
2.183360621228881e+17	10.100000000000001
1.9721563368566186e+17	10.200000000000001
1.7551412968533434e+17	10.3
1.5857643786270288e+17	10.4
1.412398591808983e+17	10.5
1.2600365732964435e+17	10.600000000000001
1.107838037534735e+17	10.700000000000001
9.802106892679088e+16	10.8
8.590841310143126e+16	10.9
7.526993061331872e+16	11.0
6.536008324836339e+16	11.100000000000001
5.6607158136057944e+16	11.200000000000001
4.888362616415094e+16	11.3
4.161059414331065e+16	11.4
3.532624162472339e+16	11.5
2.9473424503828196e+16	11.600000000000001
2.411540952123731e+16	11.700000000000001
1.937789892415002e+16	11.8
1.4927227984576344e+16	11.9
1.073356294263157e+16	12.0
6299928935225300.0	12.100000000000001
0.0	12.200000000000001
0.0	12.3
0.0	12.4
0.0	12.5
0.0	12.600000000000001
0.0	12.700000000000001
0.0	12.8
0.0	12.9
0.0	13.0
