a = 14161.820717263929 м
b = 8832.468055335732 м
x0 = 6021.62929529148 м
vr = 1910.2717306240088 м/с
A0 = 1.921376058833391 м
Xmax = 14076.687398783544 м
sigmaX = 4855.237538429209 м
sigmaY = 4209.255316340064 м
M0 = 3.951106710111602e+19 Н*м - интегральное значение сейсмического момента
Mr_max = 7.013930390750424e+18 Н*м/с - максимальное значение функции источника
1-ый столбец - источника
2-ой столбец - время
0.0	0.0
1391926041003700.0	0.1
2.1311707096620938e+17	0.2
4.2603731554813677e+17	0.30000000000000004
6.365354201397548e+17	0.4
8.44758753564206e+17	0.5
1.0667427524975803e+18	0.6000000000000001
1.2690930504624e+18	0.7000000000000001
1.4810477921826437e+18	0.8
1.6881827502496957e+18	0.9
1.8964283418026422e+18	1.0
2.1139959300250186e+18	1.1
2.3180464176766464e+18	1.2000000000000002
2.5395603722053176e+18	1.3
2.7691444445485665e+18	1.4000000000000001
2.9733226836414904e+18	1.5
3.187884208210085e+18	1.6
3.384164085665892e+18	1.7000000000000002
3.603402649540868e+18	1.8
3.7962409053354706e+18	1.9000000000000001
4.035712139132355e+18	2.0
4.216806311218643e+18	2.1
4.4076893488129106e+18	2.2
4.5864929003239916e+18	2.3000000000000003
4.819906275978979e+18	2.4000000000000004
4.946706308736744e+18	2.5
5.160554833513735e+18	2.6
5.348709335000379e+18	2.7
5.509245086177151e+18	2.8000000000000003
5.717372969298576e+18	2.9000000000000004
5.875728833760311e+18	3.0
6.03453355917198e+18	3.1
6.19705789300951e+18	3.2
6.155754348350112e+18	3.3000000000000003
6.325407848352138e+18	3.4000000000000004
6.423999012956589e+18	3.5
6.592683497535764e+18	3.6
6.576718592779238e+18	3.7
6.693973769458142e+18	3.8000000000000003
6.745401205272789e+18	3.9000000000000004
6.870514106565217e+18	4.0
6.911961635936841e+18	4.1000000000000005
6.922564115979988e+18	4.2
6.984556448624568e+18	4.3
6.942613371260919e+18	4.4
7.013930390750424e+18	4.5
6.982124905209123e+18	4.6000000000000005
6.997441249373372e+18	4.7
6.930934031934086e+18	4.800000000000001
6.850922356938442e+18	4.9
6.801570820475309e+18	5.0
6.698426474108121e+18	5.1000000000000005
6.657371602517358e+18	5.2
6.573023259424887e+18	5.300000000000001
6.483271912757647e+18	5.4
6.352701184923322e+18	5.5
6.177745191541572e+18	5.6000000000000005
6.097697954769145e+18	5.7
5.985292188221735e+18	5.800000000000001
5.906087070163229e+18	5.9
5.650759598939182e+18	6.0
5.544372007950339e+18	6.1000000000000005
5.386817969932175e+18	6.2
5.214430083662324e+18	6.300000000000001
5.117032998020847e+18	6.4
4.888986935672686e+18	6.5
4.727353124479121e+18	6.6000000000000005
4.5641253509764675e+18	6.7
4.4691443698722417e+18	6.800000000000001
4.2537011980121626e+18	6.9
4.0536111435085486e+18	7.0
3.8956741918104545e+18	7.1000000000000005
3.7078462591734303e+18	7.2
3.522848852364029e+18	7.300000000000001
3.381888123058611e+18	7.4
3.2015317806531656e+18	7.5
3.046678773577117e+18	7.6000000000000005
2.8559479366857697e+18	7.7
2.7345560806489236e+18	7.800000000000001
2.58440877251888e+18	7.9
2.4424754010261386e+18	8.0
2.273470866401971e+18	8.1
2.1490147606916833e+18	8.200000000000001
2.0126982532084695e+18	8.3
1.881605707642932e+18	8.4
1.749944721726917e+18	8.5
1.645048232891875e+18	8.6
1.513321492143334e+18	8.700000000000001
1.3977456197992522e+18	8.8
1.3065657180950013e+18	8.9
1.2165218125698985e+18	9.0
1.1172372357046435e+18	9.1
1.0309571124365367e+18	9.200000000000001
9.406035695323982e+17	9.3
8.669905356121217e+17	9.4
7.939315752168125e+17	9.5
7.254650257418534e+17	9.600000000000001
6.525612431862042e+17	9.700000000000001
5.947892331503913e+17	9.8
5.417764104232401e+17	9.9
4.8769022315248986e+17	10.0
4.4295641185285606e+17	10.100000000000001
3.9639364241967354e+17	10.200000000000001
3.5402898775307136e+17	10.3
3.155814571902876e+17	10.4
2.7944269350803834e+17	10.5
2.4822474314054016e+17	10.600000000000001
2.1751299556503875e+17	10.700000000000001
1.90128255631333e+17	10.8
1.6584218519324304e+17	10.9
1.4284788050971989e+17	11.0
1.2174221041025528e+17	11.100000000000001
1.0277068114287912e+17	11.200000000000001
8.496577587962834e+16	11.3
6.900170107924388e+16	11.4
5.399923187647643e+16	11.5
3.935729973532123e+16	11.600000000000001
2.344334578289162e+16	11.700000000000001
0.0	11.8
0.0	11.9
0.0	12.0
0.0	12.100000000000001
0.0	12.200000000000001
0.0	12.3
0.0	12.4
0.0	12.5
0.0	12.600000000000001
