a = 14930.231656331325 м
b = 8965.806312789131 м
x0 = 7326.094934327588 м
vr = 2155.371569162173 м/с
A0 = 1.6143520211534295 м
Xmax = 18227.2249566491 м
sigmaX = 4129.974657179581 м
sigmaY = 4824.532839953256 м
M0 = 3.0287702099445535e+19 Н*м - интегральное значение сейсмического момента
Mr_max = 6.876993006857211e+18 Н*м/с - максимальное значение функции источника
1-ый столбец - источника
2-ой столбец - время
0.0	0.0
160628267725048.9	0.1
2.805956014629384e+16	0.2
5.620707070923463e+16	0.30000000000000004
8.540894228916206e+16	0.4
1.1553086428185597e+17	0.5
1.492385071748453e+17	0.6000000000000001
1.8347080826588963e+17	0.7000000000000001
2.241601776689725e+17	0.8
2.6712289251237264e+17	0.9
3.1485575253048474e+17	1.0
3.6641308313429677e+17	1.1
4.233398140909573e+17	1.2000000000000002
4.899953213608521e+17	1.3
5.6365423436105485e+17	1.4000000000000001
6.354680966913827e+17	1.5
7.205816948112027e+17	1.6
8.217508564748426e+17	1.7000000000000002
9.163697064322716e+17	1.8
1.0302942147281719e+18	1.9000000000000001
1.1588578547728835e+18	2.0
1.2761630432944026e+18	2.1
1.425887103554063e+18	2.2
1.5572730896131208e+18	2.3000000000000003
1.709843664715422e+18	2.4000000000000004
1.889898554891783e+18	2.5
2.0605835961212168e+18	2.6
2.2387003887538934e+18	2.7
2.4223961485907835e+18	2.8000000000000003
2.635775184721902e+18	2.9000000000000004
2.8378912426904346e+18	3.0
3.0060603222974444e+18	3.1
3.2622635610236943e+18	3.2
3.471226431148755e+18	3.3000000000000003
3.699688452601379e+18	3.4000000000000004
3.9752800889486833e+18	3.5
4.1654565008977874e+18	3.6
4.4101168353453e+18	3.7
4.673045359189564e+18	3.8000000000000003
4.906564234390602e+18	3.9000000000000004
5.107994563615682e+18	4.0
5.240361196799365e+18	4.1000000000000005
5.498550747493419e+18	4.2
5.683073281934548e+18	4.3
5.865595436328216e+18	4.4
6.093073973983448e+18	4.5
6.180148607596887e+18	4.6000000000000005
6.318859786260023e+18	4.7
6.433023250797686e+18	4.800000000000001
6.547672426816457e+18	4.9
6.739823269962538e+18	5.0
6.705673375315279e+18	5.1000000000000005
6.763329393639033e+18	5.2
6.808234462649081e+18	5.300000000000001
6.876993006857211e+18	5.4
6.818775486657839e+18	5.5
6.706169373778657e+18	5.6000000000000005
6.689306556436254e+18	5.7
6.586004372259336e+18	5.800000000000001
6.51091825691296e+18	5.9
6.388158918279416e+18	6.0
6.346165492394195e+18	6.1000000000000005
6.171363993515449e+18	6.2
6.006294384085433e+18	6.300000000000001
5.822431443409786e+18	6.4
5.653787754967153e+18	6.5
5.390964102303966e+18	6.6000000000000005
5.226928273838652e+18	6.7
4.937160157092318e+18	6.800000000000001
4.778378088698257e+18	6.9
4.5390978817440763e+18	7.0
4.308706769363423e+18	7.1000000000000005
4.0581058805729695e+18	7.2
3.830876430744551e+18	7.300000000000001
3.586598402555304e+18	7.4
3.3611136347757327e+18	7.5
3.159200127427006e+18	7.6000000000000005
2.9154211991631237e+18	7.7
2.7195806767627996e+18	7.800000000000001
2.4954783458757693e+18	7.9
2.314579986779155e+18	8.0
2.1179673577107835e+18	8.1
1.9227812726989668e+18	8.200000000000001
1.7684469383531287e+18	8.3
1.6040783755263808e+18	8.4
1.4403864171394967e+18	8.5
1.3021556993309857e+18	8.6
1.158051277717354e+18	8.700000000000001
1.038818255850221e+18	8.8
9.274270692371002e+17	8.9
8.129637212851304e+17	9.0
7.154399921851341e+17	9.1
6.334292231078034e+17	9.200000000000001
5.44903294263498e+17	9.3
4.7432725833891725e+17	9.4
4.070082556241413e+17	9.5
3.462228554390593e+17	9.600000000000001
2.926154890797547e+17	9.700000000000001
2.4545017523562675e+17	9.8
2.0343963911674323e+17	9.9
1.662759219464469e+17	10.0
1.3317754836312379e+17	10.100000000000001
1.036673178420264e+17	10.200000000000001
7.758566494629138e+16	10.3
5.326759412035817e+16	10.4
2.8107726059311556e+16	10.5
0.0	10.600000000000001
0.0	10.700000000000001
0.0	10.8
0.0	10.9
0.0	11.0
0.0	11.100000000000001
0.0	11.200000000000001
0.0	11.3
0.0	11.4
