a = 9065.323058283204 м
b = 10130.533802521413 м
x0 = 5725.19182134775 м
vr = 2138.9920088547356 м/с
A0 = 1.235640118123044 м
Xmax = 11642.079296449097 м
sigmaX = 4755.837055039727 м
sigmaY = 4226.096500748945 м
M0 = 2.1809061427296207e+19 Н*м - интегральное значение сейсмического момента
Mr_max = 5.488037898519813e+18 Н*м/с - максимальное значение функции источника
1-ый столбец - источника
2-ой столбец - время
0.0	0.0
1830729397441717.5	0.1
3.109487838448747e+17	0.2
6.189400066352356e+17	0.30000000000000004
9.283279080652403e+17	0.4
1.229597522411377e+18	0.5
1.5134548315000274e+18	0.6000000000000001
1.8039389991262602e+18	0.7000000000000001
2.1058048261884716e+18	0.8
2.3477446746427976e+18	0.9
2.6332423862993485e+18	1.0
2.878986695772826e+18	1.1
3.140989746851526e+18	1.2000000000000002
3.3797917396363146e+18	1.3
3.6184700302007424e+18	1.4000000000000001
3.778715635026744e+18	1.5
4.0495003391724355e+18	1.6
4.2150084996816225e+18	1.7000000000000002
4.4135956642640246e+18	1.8
4.5636306882409605e+18	1.9000000000000001
4.76325422980277e+18	2.0
4.826057051268036e+18	2.1
4.983773519766898e+18	2.2
5.115899746084438e+18	2.3000000000000003
5.1927326587331e+18	2.4000000000000004
5.302016633476022e+18	2.5
5.433922090512113e+18	2.6
5.380602789743157e+18	2.7
5.488037898519813e+18	2.8000000000000003
5.361323301866697e+18	2.9000000000000004
5.36123918051957e+18	3.0
5.359736927871323e+18	3.1
5.366887240354588e+18	3.2
5.277896546131534e+18	3.3000000000000003
5.315113828659241e+18	3.4000000000000004
5.208342132227579e+18	3.5
5.150199136982417e+18	3.6
5.045468456342599e+18	3.7
5.04667652722315e+18	3.8000000000000003
4.861063512364799e+18	3.9000000000000004
4.824498812296338e+18	4.0
4.648216736334405e+18	4.1000000000000005
4.560246952219921e+18	4.2
4.4982126817314345e+18	4.3
4.340222717413918e+18	4.4
4.1552135237983667e+18	4.5
4.0116886192812646e+18	4.6000000000000005
3.871045352592378e+18	4.7
3.734808244753661e+18	4.800000000000001
3.5829978076024305e+18	4.9
3.432120933606971e+18	5.0
3.2707192727005793e+18	5.1000000000000005
3.1090818035229993e+18	5.2
2.923761768486767e+18	5.300000000000001
2.743400224012049e+18	5.4
2.5757272438569805e+18	5.5
2.377242815915733e+18	5.6000000000000005
2.1217610282769539e+18	5.7
1.7409010644918835e+18	5.800000000000001
1.9598355465897296e+17	5.9
0.0	6.0
0.0	6.1000000000000005
0.0	6.2
0.0	6.300000000000001
0.0	6.4
0.0	6.5
0.0	6.6000000000000005
0.0	6.7
0.0	6.800000000000001
0.0	6.9
0.0	7.0
0.0	7.1000000000000005
0.0	7.2
0.0	7.300000000000001
0.0	7.4
0.0	7.5
0.0	7.6000000000000005
0.0	7.7
