a = 13613.60892807324 м
b = 14169.527655244412 м
x0 = 582.617024591903 м
vr = 2255.7315001209945 м/с
A0 = 2.1127406229347008 м
Xmax = 13851.624019987587 м
sigmaX = 4414.493029665526 м
sigmaY = 4542.136776855883 м
M0 = 4.3048732886542705e+19 Н*м - интегральное значение сейсмического момента
Mr_max = 9.124410921102633e+18 Н*м/с - максимальное значение функции источника
1-ый столбец - источника
2-ой столбец - время
0.0	0.0
78174077715000.34	0.1
1.422315205258642e+16	0.2
2.8749393256918776e+16	0.30000000000000004
3.958211340179047e+16	0.4
5.0613564058355736e+16	0.5
6.5901986860874136e+16	0.6000000000000001
8.273911697650539e+16	0.7000000000000001
1.025458478595896e+17	0.8
1.2682069974594544e+17	0.9
1.537149815006053e+17	1.0
1.8449550560670502e+17	1.1
2.2045343796119968e+17	1.2000000000000002
2.5867753222931648e+17	1.3
3.0579517624701434e+17	1.4000000000000001
3.576250674184526e+17	1.5
4.1347786882574426e+17	1.6
4.781039010778816e+17	1.7000000000000002
5.5083634240240525e+17	1.8
6.336999264376109e+17	1.9000000000000001
7.127474031262734e+17	2.0
8.152690353112484e+17	2.1
9.158455032425084e+17	2.2
1.0285346179569289e+18	2.3000000000000003
1.1603915630379773e+18	2.4000000000000004
1.2904175006932733e+18	2.5
1.438491102482375e+18	2.6
1.5966422595179587e+18	2.7
1.7685610784998577e+18	2.8000000000000003
1.9348292256855557e+18	2.9000000000000004
2.1319706894659825e+18	3.0
2.3220232555477366e+18	3.1
2.5425271277210117e+18	3.2
2.778994914284467e+18	3.3000000000000003
2.9909680446532347e+18	3.4000000000000004
3.24261201253257e+18	3.5
3.507328782541861e+18	3.6
3.768986103394268e+18	3.7
3.998462660924655e+18	3.8000000000000003
4.3090579530371625e+18	3.9000000000000004
4.592950264615322e+18	4.0
4.793609941715965e+18	4.1000000000000005
5.14775973346408e+18	4.2
5.431936201963196e+18	4.3
5.708904774753723e+18	4.4
6.074702319928479e+18	4.5
6.336693394614865e+18	4.6000000000000005
6.625286541221473e+18	4.7
6.901332788880858e+18	4.800000000000001
7.095282110802505e+18	4.9
7.369543258694822e+18	5.0
7.587141340546355e+18	5.1000000000000005
7.872382255509117e+18	5.2
8.039362516090204e+18	5.300000000000001
8.321443197911492e+18	5.4
8.451523908061729e+18	5.5
8.589687688137324e+18	5.6000000000000005
8.697613339318841e+18	5.7
8.780847509599201e+18	5.800000000000001
8.919950987978105e+18	5.9
8.951259803802703e+18	6.0
8.993712951334042e+18	6.1000000000000005
9.044874475333625e+18	6.2
9.124410921102633e+18	6.300000000000001
8.9837104895955e+18	6.4
8.967655972432556e+18	6.5
8.886781493680175e+18	6.6000000000000005
8.686407543881631e+18	6.7
8.632972541616041e+18	6.800000000000001
8.479947714156804e+18	6.9
8.350061259578137e+18	7.0
8.165145172544182e+18	7.1000000000000005
8.013762743736412e+18	7.2
7.75151629356873e+18	7.300000000000001
7.493309707052935e+18	7.4
7.209397379837749e+18	7.5
6.950623709459905e+18	7.6000000000000005
6.672901071399195e+18	7.7
6.451783514776436e+18	7.800000000000001
6.195892402157988e+18	7.9
5.907284232848262e+18	8.0
5.572547836504509e+18	8.1
5.301024414111626e+18	8.200000000000001
5.017030691282944e+18	8.3
4.739678471277832e+18	8.4
4.490733518394453e+18	8.5
4.1717008628405914e+18	8.6
3.948131247741273e+18	8.700000000000001
3.6691217302827453e+18	8.8
3.4064100932703923e+18	8.9
3.1822388172186624e+18	9.0
2.9163250000281533e+18	9.1
2.7052502018830674e+18	9.200000000000001
2.5025666953054807e+18	9.3
2.2903873281908948e+18	9.4
2.105494575751636e+18	9.5
1.9263614174934019e+18	9.600000000000001
1.758228481149e+18	9.700000000000001
1.5993342490633672e+18	9.8
1.4458782782455882e+18	9.9
1.298919797865405e+18	10.0
1.1719979561211333e+18	10.100000000000001
1.0536894608527395e+18	10.200000000000001
9.368513928282766e+17	10.3
8.401940624209129e+17	10.4
7.469700417159444e+17	10.5
6.588352193726899e+17	10.600000000000001
5.813068087864623e+17	10.700000000000001
5.084514652140974e+17	10.8
4.45044447358648e+17	10.9
3.8483110506063475e+17	11.0
3.316733854175067e+17	11.100000000000001
2.845985899895406e+17	11.200000000000001
2.4044812904764976e+17	11.3
2.0057983105791952e+17	11.4
1.6481474213878874e+17	11.5
1.3059559284099936e+17	11.600000000000001
9.858836961086955e+16	11.700000000000001
6.5824610354109736e+16	11.8
2.0509857979788064e+16	11.9
0.0	12.0
0.0	12.100000000000001
0.0	12.200000000000001
0.0	12.3
0.0	12.4
0.0	12.5
0.0	12.600000000000001
0.0	12.700000000000001
0.0	12.8
0.0	12.9
0.0	13.0
0.0	13.100000000000001
0.0	13.200000000000001
0.0	13.3
