a = 10352.640729976054 м
b = 10943.2458142862 м
x0 = 6503.8722422275105 м
vr = 1810.4727508873295 м/с
A0 = 1.9461975853630045 м
Xmax = 8493.975001343226 м
sigmaX = 4559.603732837194 м
sigmaY = 4116.02760658267 м
M0 = 3.702659318978279e+19 Н*м - интегральное значение сейсмического момента
Mr_max = 9.774027877170391e+18 Н*м/с - максимальное значение функции источника
1-ый столбец - источника
2-ой столбец - время
0.0	0.0
4805629982524318.0	0.1
7.011613024735771e+17	0.2
1.3895668320964224e+18	0.30000000000000004
2.061855873756054e+18	0.4
2.710395124633552e+18	0.5
3.3400634365508086e+18	0.6000000000000001
3.957205990432568e+18	0.7000000000000001
4.5879430049835023e+18	0.8
5.148823408392956e+18	0.9
5.701835103912328e+18	1.0
6.195010646412047e+18	1.1
6.75273990152863e+18	1.2000000000000002
7.209257790347473e+18	1.3
7.576414647349692e+18	1.4000000000000001
7.927259568154524e+18	1.5
8.320433906391634e+18	1.6
8.627689857208666e+18	1.7000000000000002
8.895862728065158e+18	1.8
9.132728387574423e+18	1.9000000000000001
9.2648849177655e+18	2.0
9.50367337539429e+18	2.1
9.53034626545021e+18	2.2
9.67526698054332e+18	2.3000000000000003
9.758687858026519e+18	2.4000000000000004
9.774027877170391e+18	2.5
9.69652810872509e+18	2.6
9.68746750164991e+18	2.7
9.596996836919255e+18	2.8000000000000003
9.550550007448383e+18	2.9000000000000004
9.382388806383925e+18	3.0
9.15737247974538e+18	3.1
9.047761860050806e+18	3.2
8.86698179046252e+18	3.3000000000000003
8.636928393223414e+18	3.4000000000000004
8.378828339690184e+18	3.5
8.114562818052591e+18	3.6
7.745430580538096e+18	3.7
7.136337964176013e+18	3.8000000000000003
6.740581050941562e+18	3.9000000000000004
6.328899682498555e+18	4.0
5.951630692235067e+18	4.1000000000000005
5.707195797493296e+18	4.2
5.355596151293155e+18	4.3
5.075042224492592e+18	4.4
4.755253803753158e+18	4.5
4.469932574997081e+18	4.6000000000000005
4.2374890743817795e+18	4.7
3.9569524904823926e+18	4.800000000000001
3.7486420101218703e+18	4.9
3.499511871537598e+18	5.0
3.2656909442590095e+18	5.1000000000000005
3.038994470882329e+18	5.2
2.856963900078023e+18	5.300000000000001
2.653863685266788e+18	5.4
2.467884530732857e+18	5.5
2.2874691739076186e+18	5.6000000000000005
2.1524587197593964e+18	5.7
1.9463983892782666e+18	5.800000000000001
1.8245328910982395e+18	5.9
1.6603436837267932e+18	6.0
1.5267279111052385e+18	6.1000000000000005
1.4070862774710758e+18	6.2
1.2908416154243205e+18	6.300000000000001
1.1943007098586048e+18	6.4
1.0668886587563854e+18	6.5
9.744442601885702e+17	6.6000000000000005
8.879825467568177e+17	6.7
7.968310710535063e+17	6.800000000000001
7.132236505685824e+17	6.9
6.397847014655794e+17	7.0
5.712608480789955e+17	7.1000000000000005
5.0912165814543277e+17	7.2
4.509494121872268e+17	7.300000000000001
3.9282793102371405e+17	7.4
3.3643135990929146e+17	7.5
2.8398523517712454e+17	7.6000000000000005
2.3065251038316336e+17	7.7
1.7117033587383533e+17	7.800000000000001
9.401748952100954e+16	7.9
0.0	8.0
0.0	8.1
0.0	8.200000000000001
0.0	8.3
0.0	8.4
0.0	8.5
0.0	8.6
0.0	8.700000000000001
0.0	8.8
0.0	8.9
0.0	9.0
0.0	9.1
0.0	9.200000000000001
0.0	9.3
0.0	9.4
