a = 12486.439717095547 м
b = 14303.014940238487 м
x0 = 11407.331482061354 м
vr = 2057.475518193551 м/с
A0 = 0.6733638101608521 м
Xmax = 11766.80945607585 м
sigmaX = 4293.712995942879 м
sigmaY = 4408.512264992374 м
M0 = 1.363571131514682e+19 Н*м - интегральное значение сейсмического момента
Mr_max = 4.056874408344344e+18 Н*м/с - максимальное значение функции источника
1-ый столбец - источника
2-ой столбец - время
0.0	0.0
2070981201257295.0	0.1
3.434013122060016e+17	0.2
6.803764013378652e+17	0.30000000000000004
9.922455674129957e+17	0.4
1.318129423206782e+18	0.5
1.622997789371915e+18	0.6000000000000001
1.913907411939274e+18	0.7000000000000001
2.2074200781317693e+18	0.8
2.4390907999497564e+18	0.9
2.70340855161608e+18	1.0
2.942945265042719e+18	1.1
3.1649554481671414e+18	1.2000000000000002
3.333817407095199e+18	1.3
3.4502803285066353e+18	1.4000000000000001
3.600557656767805e+18	1.5
3.773906546043052e+18	1.6
3.8588218333392394e+18	1.7000000000000002
3.9716056721376394e+18	1.8
3.9966808553577585e+18	1.9000000000000001
4.001971951538959e+18	2.0
4.056874408344344e+18	2.1
4.0510445841712906e+18	2.2
4.0198902905974543e+18	2.3000000000000003
3.9499164790919153e+18	2.4000000000000004
3.899878556528801e+18	2.5
3.8401046630622705e+18	2.6
3.783715931943158e+18	2.7
3.69690062229213e+18	2.8000000000000003
3.54432616635186e+18	2.9000000000000004
3.4201068938291215e+18	3.0
3.3066416808954097e+18	3.1
3.193804281423707e+18	3.2
3.0872977305589074e+18	3.3000000000000003
2.9200033078455967e+18	3.4000000000000004
2.781868776704992e+18	3.5
2.6317674655429586e+18	3.6
2.5163141487323694e+18	3.7
2.3555127136854385e+18	3.8000000000000003
2.2151385365524308e+18	3.9000000000000004
2.0595085428873413e+18	4.0
1.9427917212715172e+18	4.1000000000000005
1.8119095140573763e+18	4.2
1.6872131325831273e+18	4.3
1.5657475362439916e+18	4.4
1.4389161777211067e+18	4.5
1.3280034503489198e+18	4.6000000000000005
1.220635476156455e+18	4.7
1.1244140382326451e+18	4.800000000000001
1.0295536320655798e+18	4.9
9.322990465278113e+17	5.0
8.488644248610725e+17	5.1000000000000005
7.719040937162679e+17	5.2
6.991854043331369e+17	5.300000000000001
6.306498556761635e+17	5.4
5.680922238190669e+17	5.5
5.0887069884887885e+17	5.6000000000000005
4.294714488639574e+17	5.7
3.673370232560348e+17	5.800000000000001
3.155775627328483e+17	5.9
2.7062830230022973e+17	6.0
2.3520176659314464e+17	6.1000000000000005
2.0119224804672666e+17	6.2
1.742813735518721e+17	6.300000000000001
1.497135430377201e+17	6.4
1.2730626008688811e+17	6.5
1.0816442028637205e+17	6.6000000000000005
8.64475778146693e+16	6.7
5.771454927280464e+16	6.800000000000001
3.985767695737006e+16	6.9
2.5056006243290052e+16	7.0
1.0905904549788562e+16	7.1000000000000005
0.0	7.2
0.0	7.300000000000001
0.0	7.4
0.0	7.5
0.0	7.6000000000000005
0.0	7.7
0.0	7.800000000000001
0.0	7.9
0.0	8.0
0.0	8.1
0.0	8.200000000000001
0.0	8.3
0.0	8.4
0.0	8.5
0.0	8.6
0.0	8.700000000000001
0.0	8.8
0.0	8.9
0.0	9.0
0.0	9.1
0.0	9.200000000000001
0.0	9.3
