a = 9563.907646985768 м
b = 12387.175675657067 м
x0 = 4013.680636506127 м
vr = 1524.0425846562453 м/с
A0 = 0.7542836502488846 м
Xmax = 7506.349209613701 м
sigmaX = 4986.982515985817 м
sigmaY = 4579.070695614606 м
M0 = 1.6371044597547094e+19 Н*м - интегральное значение сейсмического момента
Mr_max = 3.066514360094559e+18 Н*м/с - максимальное значение функции источника
1-ый столбец - источника
2-ой столбец - время
0.0	0.0
1349561796029738.2	0.1
1.659995184191026e+17	0.2
3.274635663650759e+17	0.30000000000000004
4.9115750294196384e+17	0.4
6.533354882856242e+17	0.5
8.049010133285638e+17	0.6000000000000001
9.555055394723617e+17	0.7000000000000001
1.1094308859005416e+18	0.8
1.252676908975591e+18	0.9
1.408567490165502e+18	1.0
1.5384757408095537e+18	1.1
1.6790077377489126e+18	1.2000000000000002
1.7937328190829635e+18	1.3
1.940233280446924e+18	1.4000000000000001
2.066560063442921e+18	1.5
2.1691965196853156e+18	1.6
2.2865121472867064e+18	1.7000000000000002
2.3940092379748065e+18	1.8
2.4767872715307197e+18	1.9000000000000001
2.5854806124245924e+18	2.0
2.676634017333955e+18	2.1
2.754270746382636e+18	2.2
2.8044295169992115e+18	2.3000000000000003
2.880932545194764e+18	2.4000000000000004
2.9421210407383864e+18	2.5
3.017957091027831e+18	2.6
3.066514360094559e+18	2.7
2.9900803950628383e+18	2.8000000000000003
2.9326583605908603e+18	2.9000000000000004
2.9203930313143967e+18	3.0
2.891607771466089e+18	3.1
2.875632786063602e+18	3.2
2.8651361220187653e+18	3.3000000000000003
2.8540799187605453e+18	3.4000000000000004
2.840156497000786e+18	3.5
2.8358325688040975e+18	3.6
2.7914395921471473e+18	3.7
2.7905689187523983e+18	3.8000000000000003
2.762277035834226e+18	3.9000000000000004
2.715356373782422e+18	4.0
2.6887683776299136e+18	4.1000000000000005
2.618574848622001e+18	4.2
2.597077042819125e+18	4.3
2.578422673606857e+18	4.4
2.547274852938798e+18	4.5
2.532928053572807e+18	4.6000000000000005
2.4566146009874785e+18	4.7
2.4517239195539523e+18	4.800000000000001
2.3801580954749635e+18	4.9
2.309459538472718e+18	5.0
2.2739065500032911e+18	5.1000000000000005
2.2259264040994796e+18	5.2
2.174516002352315e+18	5.300000000000001
2.1086513289640788e+18	5.4
2.0723390258954941e+18	5.5
2.0157734052849247e+18	5.6000000000000005
1.9751264833946499e+18	5.7
1.906546878118886e+18	5.800000000000001
1.8380397532102364e+18	5.9
1.7797641716428472e+18	6.0
1.7139193177692178e+18	6.1000000000000005
1.6640907276389868e+18	6.2
1.6193519566931374e+18	6.300000000000001
1.5648936814964925e+18	6.4
1.513319892862546e+18	6.5
1.4490669734391987e+18	6.6000000000000005
1.3944794333619226e+18	6.7
1.3362023680813542e+18	6.800000000000001
1.2803446896039875e+18	6.9
1.2243357182964452e+18	7.0
1.1831162240152745e+18	7.1000000000000005
1.1327285362198469e+18	7.2
1.0889093601966669e+18	7.300000000000001
1.0374044361806356e+18	7.4
9.887991188281376e+17	7.5
9.32336150277408e+17	7.6000000000000005
8.859847527399319e+17	7.7
8.415502944772173e+17	7.800000000000001
8.097424419000332e+17	7.9
7.583310013311825e+17	8.0
7.192203447349231e+17	8.1
6.79295337497731e+17	8.200000000000001
6.466203547647007e+17	8.3
6.08798496984025e+17	8.4
5.7481192482151584e+17	8.5
5.421050021677364e+17	8.6
5.0502918713977837e+17	8.700000000000001
4.753109363786008e+17	8.8
4.454705164277487e+17	8.9
4.19117952424711e+17	9.0
3.929169295342623e+17	9.1
3.6590010884138214e+17	9.200000000000001
3.413389229269772e+17	9.3
3.153206265110843e+17	9.4
2.9367354613500634e+17	9.5
2.7035948069152173e+17	9.600000000000001
2.503613267947838e+17	9.700000000000001
2.2648214308844128e+17	9.8
2.0425903836076925e+17	9.9
1.7509312173751786e+17	10.0
0.0	10.100000000000001
0.0	10.200000000000001
0.0	10.3
0.0	10.4
0.0	10.5
0.0	10.600000000000001
0.0	10.700000000000001
0.0	10.8
0.0	10.9
0.0	11.0
0.0	11.100000000000001
0.0	11.200000000000001
0.0	11.3
0.0	11.4
0.0	11.5
0.0	11.600000000000001
0.0	11.700000000000001
0.0	11.8
0.0	11.9
0.0	12.0
0.0	12.100000000000001
0.0	12.200000000000001
0.0	12.3
0.0	12.4
0.0	12.5
0.0	12.600000000000001
0.0	12.700000000000001
0.0	12.8
0.0	12.9
0.0	13.0
0.0	13.100000000000001
0.0	13.200000000000001
0.0	13.3
0.0	13.4
0.0	13.5
0.0	13.600000000000001
0.0	13.700000000000001
0.0	13.8
0.0	13.9
0.0	14.0
0.0	14.100000000000001
0.0	14.200000000000001
0.0	14.3
0.0	14.4
0.0	14.5
0.0	14.600000000000001
