a = 4730.924381854574 м
b = 5439.300003096278 м
x0 = 3909.88841605492 м
vr = 1616.273732417246 м/с
A0 = 1.7169318320059004 м
Xmax = 4737.127897254318 м
sigmaX = 4791.1798115374995 м
sigmaY = 4903.151501336652 м
M0 = 1.7425718377741576e+19 Н*м - интегральное значение сейсмического момента
Mr_max = 7.655277177864955e+18 Н*м/с - максимальное значение функции источника
1-ый столбец - источника
2-ой столбец - время
0.0	0.0
4100979336825605.5	0.1
5.3699865943567155e+17	0.2
1.031319876177834e+18	0.30000000000000004
1.5590923065336146e+18	0.4
2.0243049494566582e+18	0.5
2.520415381226707e+18	0.6000000000000001
2.983369475221756e+18	0.7000000000000001
3.411171552644837e+18	0.8
3.8812466542517734e+18	0.9
4.311741062764284e+18	1.0
4.629954806582202e+18	1.1
4.954207475687309e+18	1.2000000000000002
5.419411947311947e+18	1.3
5.76245482407172e+18	1.4000000000000001
5.881789233164754e+18	1.5
6.282425074714942e+18	1.6
6.632429414857895e+18	1.7000000000000002
6.806417037984838e+18	1.8
6.857880492095494e+18	1.9000000000000001
7.131787737869265e+18	2.0
7.343841107130341e+18	2.1
7.375657451269524e+18	2.2
7.483792637880448e+18	2.3000000000000003
7.59961425538814e+18	2.4000000000000004
7.655277177864955e+18	2.5
6.808635478324121e+18	2.6
6.491296235915382e+18	2.7
6.074938893590209e+18	2.8000000000000003
5.746126224719989e+18	2.9000000000000004
5.423313303182232e+18	3.0
5.12878984484939e+18	3.1
4.868629525938175e+18	3.2
4.5335640697962685e+18	3.3000000000000003
4.181092917773006e+18	3.4000000000000004
3.7067351713981225e+18	3.5
1.2133605410051118e+18	3.6
0.0	3.7
0.0	3.8000000000000003
0.0	3.9000000000000004
0.0	4.0
0.0	4.1000000000000005
0.0	4.2
0.0	4.3
0.0	4.4
0.0	4.5
0.0	4.6000000000000005
0.0	4.7
0.0	4.800000000000001
0.0	4.9
0.0	5.0
0.0	5.1000000000000005
0.0	5.2
0.0	5.300000000000001
