a = 6522.812256775724 м
b = 4323.9778786133265 м
x0 = 4250.728327402441 м
vr = 2078.3859980527986 м/с
A0 = 0.5813727370568073 м
Xmax = 4740.772677714925 м
sigmaX = 4703.673495969557 м
sigmaY = 4667.29357739483 м
M0 = 6.149765458991264e+18 Н*м - интегральное значение сейсмического момента
Mr_max = 3.5059205108148326e+18 Н*м/с - максимальное значение функции источника
1-ый столбец - источника
2-ой столбец - время
0.0	0.0
1802835447241670.2	0.1
2.971617636841165e+17	0.2
5.88969965295064e+17	0.30000000000000004
8.773523819166372e+17	0.4
1.15892582025761e+18	0.5
1.4107234736198387e+18	0.6000000000000001
1.6950626073849288e+18	0.7000000000000001
1.9299203606770744e+18	0.8
2.143689392459888e+18	0.9
2.350434419686716e+18	1.0
2.54828818771366e+18	1.1
2.7687747350153e+18	1.2000000000000002
2.8950882135125135e+18	1.3
3.046029931218388e+18	1.4000000000000001
3.1653039282252733e+18	1.5
3.298608754353964e+18	1.6
3.398746095242819e+18	1.7000000000000002
3.4515285663100805e+18	1.8
3.5059205108148326e+18	1.9000000000000001
2.709501798398933e+18	2.0
2.1051017090348342e+18	2.1
1.6695261224038088e+18	2.2
1.5132208689196787e+18	2.3000000000000003
1.3881816491396977e+18	2.4000000000000004
1.2738846799149714e+18	2.5
1.1879613003440724e+18	2.6
1.1070679500722304e+18	2.7
1.0187994082918774e+18	2.8000000000000003
9.226493395525238e+17	2.9000000000000004
8.482225240633603e+17	3.0
7.725115641264694e+17	3.1
6.934985827438276e+17	3.2
6.398083630207112e+17	3.3000000000000003
5.702933652433664e+17	3.4000000000000004
5.0207481842182605e+17	3.5
4.434603411585721e+17	3.6
3.886538456227243e+17	3.7
3.310343300146804e+17	3.8000000000000003
2.8122112805594326e+17	3.9000000000000004
2.296991661858419e+17	4.0
1.816737990429838e+17	4.1000000000000005
1.2754352307804747e+17	4.2
5.97324702257042e+16	4.3
0.0	4.4
0.0	4.5
0.0	4.6000000000000005
0.0	4.7
0.0	4.800000000000001
0.0	4.9
0.0	5.0
0.0	5.1000000000000005
0.0	5.2
