a = 15214.815357230837 м
b = 11265.715297116625 м
x0 = 15091.557690585441 м
vr = 2199.9048366087495 м/с
A0 = 2.1660575187471256 м
Xmax = 12379.599511833265 м
sigmaX = 4973.495312217886 м
sigmaY = 4298.709541165016 м
M0 = 4.862200281136985e+19 Н*м - интегральное значение сейсмического момента
Mr_max = 1.360823636540833e+19 Н*м/с - максимальное значение функции источника
1-ый столбец - источника
2-ой столбец - время
0.0	0.0
6157950194179977.0	0.1
1.0765800998514976e+18	0.2
2.1401608655458478e+18	0.30000000000000004
3.2028150179137894e+18	0.4
4.2112268130325606e+18	0.5
5.214194150956965e+18	0.6000000000000001
6.101752534303399e+18	0.7000000000000001
6.9659328792355e+18	0.8
7.879201335502954e+18	0.9
8.692978535543555e+18	1.0
9.461329721806193e+18	1.1
1.026604700158897e+19	1.2000000000000002
1.0786063306766045e+19	1.3
1.1401822327516152e+19	1.4000000000000001
1.1812183803117054e+19	1.5
1.220249652986357e+19	1.6
1.2720909137659847e+19	1.7000000000000002
1.3016178146644961e+19	1.8
1.325200502457496e+19	1.9000000000000001
1.3397334701240443e+19	2.0
1.342442473996673e+19	2.1
1.360823636540833e+19	2.2
1.3596726377990859e+19	2.3000000000000003
1.3597720052633803e+19	2.4000000000000004
1.3474679975485688e+19	2.5
1.3238596873944646e+19	2.6
1.311558051467227e+19	2.7
1.2894769769280467e+19	2.8000000000000003
1.2563638558341128e+19	2.9000000000000004
1.2318700179690453e+19	3.0
1.1859319983441402e+19	3.1
1.1604289783070712e+19	3.2
1.118282435157576e+19	3.3000000000000003
1.07575721782218e+19	3.4000000000000004
1.04372001922461e+19	3.5
1.0022239616389183e+19	3.6
9.478474059871523e+18	3.7
9.081365340773811e+18	3.8000000000000003
8.573400959078177e+18	3.9000000000000004
8.13305125851431e+18	4.0
7.797548390719772e+18	4.1000000000000005
7.31394997326353e+18	4.2
6.908340205695146e+18	4.3
6.460267261171939e+18	4.4
6.09714257382636e+18	4.5
5.673295678052089e+18	4.6000000000000005
5.281299470002555e+18	4.7
4.934581844775203e+18	4.800000000000001
4.6030838851675715e+18	4.9
4.2585679733960136e+18	5.0
3.925144997644124e+18	5.1000000000000005
3.6375689806772577e+18	5.2
3.1133681754934113e+18	5.300000000000001
2.7488460831283645e+18	5.4
2.436983737065547e+18	5.5
2.1735292892073664e+18	5.6000000000000005
1.914762277730653e+18	5.7
1.7008910783609946e+18	5.800000000000001
1.5025595826976312e+18	5.9
1.316930651339843e+18	6.0
1.1485934502042825e+18	6.1000000000000005
9.984176147239023e+17	6.2
8.494193675882257e+17	6.300000000000001
7.228540684627511e+17	6.4
6.066249212976822e+17	6.5
4.950132536841165e+17	6.6000000000000005
3.8666034128647654e+17	6.7
2.7948149935796598e+17	6.800000000000001
1.5878533163137184e+17	6.9
5335142590756296.0	7.0
0.0	7.1000000000000005
0.0	7.2
0.0	7.300000000000001
0.0	7.4
0.0	7.5
0.0	7.6000000000000005
0.0	7.7
0.0	7.800000000000001
0.0	7.9
