a = 8598.356354474652 м
b = 5195.433307623028 м
x0 = 8458.898419920915 м
vr = 1811.7269653778333 м/с
A0 = 1.7962002923815015 м
Xmax = 10780.517076446073 м
sigmaX = 4903.747646736358 м
sigmaY = 4807.906828858502 м
M0 = 2.5339806731868324e+19 Н*м - интегральное значение сейсмического момента
Mr_max = 9.338966015826602e+18 Н*м/с - максимальное значение функции источника
1-ый столбец - источника
2-ой столбец - время
0.0	0.0
4364282683149433.0	0.1
6.32468464486941e+17	0.2
1.2541419246596483e+18	0.30000000000000004
1.8755196614768996e+18	0.4
2.4514470967317883e+18	0.5
3.046335626541018e+18	0.6000000000000001
3.6012522876429076e+18	0.7000000000000001
4.1206989274934953e+18	0.8
4.680728378551804e+18	0.9
5.163609285859475e+18	1.0
5.649517943752872e+18	1.1
6.096543686939123e+18	1.2000000000000002
6.486592304381938e+18	1.3
6.89131494540926e+18	1.4000000000000001
7.361659547999046e+18	1.5
7.620636156483427e+18	1.6
7.891279379441089e+18	1.7000000000000002
8.245617035769426e+18	1.8
8.461406195284835e+18	1.9000000000000001
8.663518097764566e+18	2.0
8.82521236584617e+18	2.1
8.97548978968429e+18	2.2
9.054386201363891e+18	2.3000000000000003
9.164318686019508e+18	2.4000000000000004
9.338966015826602e+18	2.5
9.239714569202082e+18	2.6
9.309257288260415e+18	2.7
9.333528740384455e+18	2.8000000000000003
9.285403908642603e+18	2.9000000000000004
8.302464669594195e+18	3.0
7.159806855977923e+18	3.1
6.467996202999053e+18	3.2
5.854099850164937e+18	3.3000000000000003
5.352061933308887e+18	3.4000000000000004
4.818313266445034e+18	3.5
4.492958151436462e+18	3.6
4.0581351335091446e+18	3.7
3.6847409427531786e+18	3.8000000000000003
3.3973015111575593e+18	3.9000000000000004
3.0456323581872143e+18	4.0
2.718830689049922e+18	4.1000000000000005
2.457742566849009e+18	4.2
2.1463073949597158e+18	4.3
1.8732123239664594e+18	4.4
1.5903374610854546e+18	4.5
1.3087259540090952e+18	4.6000000000000005
1.0143182532590294e+18	4.7
6.53796827487879e+17	4.800000000000001
2.7635617790041952e+17	4.9
0.0	5.0
0.0	5.1000000000000005
0.0	5.2
0.0	5.300000000000001
0.0	5.4
0.0	5.5
0.0	5.6000000000000005
0.0	5.7
0.0	5.800000000000001
