a = 8680.0991795162 м
b = 9963.294666517653 м
x0 = 5975.568505098809 м
vr = 1757.2654450655068 м/с
A0 = 1.295741928706301 м
Xmax = 10614.37107782821 м
sigmaX = 4691.828897337586 м
sigmaY = 4212.861629687612 м
M0 = 2.276768677139198e+19 Н*м - интегральное значение сейсмического момента
Mr_max = 5.227920012670948e+18 Н*м/с - максимальное значение функции источника
1-ый столбец - источника
2-ой столбец - время
0.0	0.0
2096939300281208.5	0.1
2.9966358287523034e+17	0.2
5.862887475737733e+17	0.30000000000000004
8.726766279261961e+17	0.4
1.1595994268302943e+18	0.5
1.4119228701397824e+18	0.6000000000000001
1.7028039866699784e+18	0.7000000000000001
1.9710059876663782e+18	0.8
2.2314767790228196e+18	0.9
2.474331191372977e+18	1.0
2.7109507954059684e+18	1.1
2.963330253320336e+18	1.2000000000000002
3.153400573501968e+18	1.3
3.3920584416507715e+18	1.4000000000000001
3.5671266012745836e+18	1.5
3.7724588390490655e+18	1.6
3.9466877875606825e+18	1.7000000000000002
4.091380617622829e+18	1.8
4.3386224287363553e+18	1.9000000000000001
4.393202353601862e+18	2.0
4.4886286043922043e+18	2.1
4.670781329807312e+18	2.2
4.779156628883573e+18	2.3000000000000003
4.925943526572578e+18	2.4000000000000004
4.945896313424987e+18	2.5
5.067263187701682e+18	2.6
5.105575242682126e+18	2.7
5.058233280003284e+18	2.8000000000000003
5.135906611823159e+18	2.9000000000000004
5.181732056182657e+18	3.0
5.227920012670948e+18	3.1
5.206315960400915e+18	3.2
5.152836377044289e+18	3.3000000000000003
5.205490331928978e+18	3.4000000000000004
5.049177494368642e+18	3.5
5.01793048907725e+18	3.6
4.876520683361326e+18	3.7
4.790703674647427e+18	3.8000000000000003
4.776951608862524e+18	3.9000000000000004
4.637442880757101e+18	4.0
4.5509530920328233e+18	4.1000000000000005
4.438805691492873e+18	4.2
4.347019423755328e+18	4.3
4.2761539021119293e+18	4.4
4.1218235997675387e+18	4.5
4.07214200970453e+18	4.6000000000000005
3.9731383787204137e+18	4.7
3.789398074734384e+18	4.800000000000001
3.667910430257754e+18	4.9
3.5304212188918707e+18	5.0
3.444345512119058e+18	5.1000000000000005
3.306872648060221e+18	5.2
3.228215926358857e+18	5.300000000000001
3.096916019836375e+18	5.4
2.9747105863910446e+18	5.5
2.836958836628642e+18	5.6000000000000005
2.7212845485730427e+18	5.7
2.589746011127379e+18	5.800000000000001
2.4493947158044995e+18	5.9
2.349788257895687e+18	6.0
2.205173138303726e+18	6.1000000000000005
2.0757931192463808e+18	6.2
1.9459508253288553e+18	6.300000000000001
1.7778944539638395e+18	6.4
1.5645661671176594e+18	6.5
0.0	6.6000000000000005
0.0	6.7
0.0	6.800000000000001
0.0	6.9
0.0	7.0
0.0	7.1000000000000005
0.0	7.2
0.0	7.300000000000001
0.0	7.4
0.0	7.5
0.0	7.6000000000000005
0.0	7.7
0.0	7.800000000000001
0.0	7.9
0.0	8.0
0.0	8.1
0.0	8.200000000000001
0.0	8.3
0.0	8.4
0.0	8.5
0.0	8.6
0.0	8.700000000000001
0.0	8.8
0.0	8.9
