a = 6844.829102493992 м
b = 6336.498884693574 м
x0 = 6092.377861274845 м
vr = 1538.9306269165359 м/с
A0 = 1.8959491616026913 м
Xmax = 7559.796928685917 м
sigmaX = 4698.227556051099 м
sigmaY = 4518.192977580495 м
M0 = 2.6646373133470556e+19 Н*м - интегральное значение сейсмического момента
Mr_max = 8.148891171742175e+18 Н*м/с - максимальное значение функции источника
1-ый столбец - источника
2-ой столбец - время
0.0	0.0
4168974920668122.0	0.1
5.1251559756235014e+17	0.2
1.0275178507269804e+18	0.30000000000000004
1.5184487141816243e+18	0.4
2.0129387297381796e+18	0.5
2.4476520027770593e+18	0.6000000000000001
2.965914836299233e+18	0.7000000000000001
3.400175433574838e+18	0.8
3.822882254818827e+18	0.9
4.2366478704264284e+18	1.0
4.66951132861547e+18	1.1
4.970967842883608e+18	1.2000000000000002
5.383518672718671e+18	1.3
5.760776495602805e+18	1.4000000000000001
5.980173138623271e+18	1.5
6.362674757720319e+18	1.6
6.62853133012677e+18	1.7000000000000002
6.860447714248628e+18	1.8
7.046132060319194e+18	1.9000000000000001
7.318939046027601e+18	2.0
7.392596936593247e+18	2.1
7.674397453804698e+18	2.2
7.739256993454009e+18	2.3000000000000003
7.86685882214406e+18	2.4000000000000004
7.931842350496219e+18	2.5
8.079048873459229e+18	2.6
7.989238369348493e+18	2.7
8.148891171742175e+18	2.8000000000000003
8.106121767345408e+18	2.9000000000000004
8.092786805133887e+18	3.0
8.094915752184405e+18	3.1
8.054595344291111e+18	3.2
7.962631476912946e+18	3.3000000000000003
7.933821421147605e+18	3.4000000000000004
7.777906805690344e+18	3.5
7.692919559509459e+18	3.6
7.545149117496615e+18	3.7
7.433238613172083e+18	3.8000000000000003
7.350011313735579e+18	3.9000000000000004
7.123404360545335e+18	4.0
4.975748001747382e+18	4.1000000000000005
4.2458514297324027e+18	4.2
3.763456153891023e+18	4.3
3.313796561419677e+18	4.4
2.9317617075014784e+18	4.5
2.518174272825319e+18	4.6000000000000005
2.1118709767212436e+18	4.7
1.7323737109209626e+18	4.800000000000001
1.2909329487830554e+18	4.9
6.59597611043532e+17	5.0
0.0	5.1000000000000005
0.0	5.2
0.0	5.300000000000001
0.0	5.4
0.0	5.5
0.0	5.6000000000000005
0.0	5.7
0.0	5.800000000000001
0.0	5.9
