a = 14081.440897888064 м
b = 14118.997270441556 м
x0 = 11026.80312505925 м
vr = 1664.8339837915764 м/с
A0 = 1.823243064526667 м
Xmax = 11377.266080197289 м
sigmaX = 4042.8277612983543 м
sigmaY = 4264.164985802109 м
M0 = 3.460972052221313e+19 Н*м - интегральное значение сейсмического момента
Mr_max = 8.616263608207282e+18 Н*м/с - максимальное значение функции источника
1-ый столбец - источника
2-ой столбец - время
0.0	0.0
4536329494128425.0	0.1
6.028596834240625e+17	0.2
1.2027791317704594e+18	0.30000000000000004
1.7879275410196703e+18	0.4
2.355746396906674e+18	0.5
2.9254396280887245e+18	0.6000000000000001
3.437513688857759e+18	0.7000000000000001
4.008139030224803e+18	0.8
4.471933916876268e+18	0.9
4.978015894093887e+18	1.0
5.437365355731495e+18	1.1
5.894091962657444e+18	1.2000000000000002
6.287252860260845e+18	1.3
6.642838998024248e+18	1.4000000000000001
7.003813760170205e+18	1.5
7.272036850655885e+18	1.6
7.569470409889874e+18	1.7000000000000002
7.786039737961369e+18	1.8
8.049632266850509e+18	1.9000000000000001
8.117822232255803e+18	2.0
8.393809925632479e+18	2.1
8.416533249764983e+18	2.2
8.572873255163381e+18	2.3000000000000003
8.590181538468055e+18	2.4000000000000004
8.616263608207282e+18	2.5
8.610242003326051e+18	2.6
8.5262904621771e+18	2.7
8.498665341991825e+18	2.8000000000000003
8.382933673773553e+18	2.9000000000000004
8.314453030985318e+18	3.0
8.110872859382734e+18	3.1
7.975041403811441e+18	3.2
7.846570730214903e+18	3.3000000000000003
7.690345359964687e+18	3.4000000000000004
7.448786045129079e+18	3.5
7.286587260571144e+18	3.6
7.089479221507164e+18	3.7
6.794047091095712e+18	3.8000000000000003
6.578886034656272e+18	3.9000000000000004
6.290160306452197e+18	4.0
6.072794543431961e+18	4.1000000000000005
5.774998828888837e+18	4.2
5.553314143080669e+18	4.3
5.266634178946791e+18	4.4
5.020689409667885e+18	4.5
4.803891327382725e+18	4.6000000000000005
4.5538637156983603e+18	4.7
4.2965072767399757e+18	4.800000000000001
4.030061786616587e+18	4.9
3.811091558320425e+18	5.0
3.5872298567975455e+18	5.1000000000000005
3.348608072060862e+18	5.2
3.137651341681576e+18	5.300000000000001
2.944257334648805e+18	5.4
2.73738085204205e+18	5.5
2.5432766380598717e+18	5.6000000000000005
2.3802228594013645e+18	5.7
2.2087647159187395e+18	5.800000000000001
2.0411948500843162e+18	5.9
1.89165129158663e+18	6.0
1.7305087631563023e+18	6.1000000000000005
1.5901349681728492e+18	6.2
1.460987868573963e+18	6.300000000000001
1.338070658715336e+18	6.4
1.230666293815017e+18	6.5
1.1212598227548861e+18	6.6000000000000005
1.022311497485883e+18	6.7
8.700955149595337e+17	6.800000000000001
7.64568346492389e+17	6.9
6.710088047413893e+17	7.0
5.889412325567089e+17	7.1000000000000005
5.1989043567857517e+17	7.2
4.548729448724997e+17	7.300000000000001
3.955213596642891e+17	7.4
3.486808073290529e+17	7.5
3.054628680108285e+17	7.6000000000000005
2.649218378412277e+17	7.7
2.3150738693981024e+17	7.800000000000001
2.01023239315917e+17	7.9
1.7319102294132672e+17	8.0
1.4983930040135936e+17	8.1
1.2867569905376387e+17	8.200000000000001
1.1076768125254002e+17	8.3
9.414314145438643e+16	8.4
8.027916272578046e+16	8.5
6.784939434198788e+16	8.6
5.725310091101813e+16	8.700000000000001
4.763015723653644e+16	8.8
3.990431870031199e+16	8.9
3.3179909410590936e+16	9.0
2.7494124444301696e+16	9.1
2.2490210550408176e+16	9.200000000000001
1.8399139476463732e+16	9.3
1.5065045736148308e+16	9.4
1.2159584909494942e+16	9.5
9604112781247558.0	9.600000000000001
7515415972209460.0	9.700000000000001
5920158231191193.0	9.8
4493760080977446.5	9.9
3411091345703284.0	10.0
2477048114375374.5	10.100000000000001
1686152049146225.2	10.200000000000001
979180387683399.8	10.3
0.0	10.4
0.0	10.5
0.0	10.600000000000001
0.0	10.700000000000001
0.0	10.8
0.0	10.9
0.0	11.0
0.0	11.100000000000001
0.0	11.200000000000001
0.0	11.3
