a = 16025.574201731117 м
b = 19528.022755783008 м
x0 = 8053.994478439315 м
vr = 2126.818679255511 м/с
A0 = 1.5380065355600054 м
Xmax = 12805.580953593431 м
sigmaX = 4765.94658035179 м
sigmaY = 4911.724187157856 м
M0 = 3.957261227579414e+19 Н*м - интегральное значение сейсмического момента
Mr_max = 8.909592941376254e+18 Н*м/с - максимальное значение функции источника
1-ый столбец - источника
2-ой столбец - время
0.0	0.0
2985592924683095.0	0.1
5.106233796615526e+17	0.2
1.0195236560068973e+18	0.30000000000000004
1.51388871648513e+18	0.4
2.00657989708816e+18	0.5
2.492873728267343e+18	0.6000000000000001
2.965259919377623e+18	0.7000000000000001
3.4274992100693683e+18	0.8
3.879241181726523e+18	0.9
4.3141731017657083e+18	1.0
4.742264089891817e+18	1.1
5.165957824788783e+18	1.2000000000000002
5.56295697942827e+18	1.3
5.908721203530722e+18	1.4000000000000001
6.266934588394916e+18	1.5
6.58293305416152e+18	1.6
6.942482883348294e+18	1.7000000000000002
7.251092072705753e+18	1.8
7.467984120119024e+18	1.9000000000000001
7.737002717179435e+18	2.0
7.979771370078706e+18	2.1
8.104448573349948e+18	2.2
8.2928769761541e+18	2.3000000000000003
8.470520872328456e+18	2.4000000000000004
8.65763584014045e+18	2.5
8.753359497122887e+18	2.6
8.783021617531961e+18	2.7
8.805253904339557e+18	2.8000000000000003
8.869856684155743e+18	2.9000000000000004
8.858689635942365e+18	3.0
8.909592941376254e+18	3.1
8.836907531523427e+18	3.2
8.780777133481239e+18	3.3000000000000003
8.687740410626432e+18	3.4000000000000004
8.569693996593146e+18	3.5
8.505012276786454e+18	3.6
8.389356440355022e+18	3.7
8.145900051039898e+18	3.8000000000000003
8.009742884138425e+18	3.9000000000000004
7.739732404182733e+18	4.0
7.479107315468944e+18	4.1000000000000005
7.301185225418606e+18	4.2
7.131076256602808e+18	4.3
6.950854672560342e+18	4.4
6.642604212896722e+18	4.5
6.421766748010951e+18	4.6000000000000005
6.169968611477681e+18	4.7
5.872314246290758e+18	4.800000000000001
5.654882738944741e+18	4.9
5.417528565201581e+18	5.0
5.188062675882431e+18	5.1000000000000005
4.971093825059599e+18	5.2
4.688383692751323e+18	5.300000000000001
4.4225249771417093e+18	5.4
4.161168902312244e+18	5.5
3.9414175291813903e+18	5.6000000000000005
3.7428383208836936e+18	5.7
3.515691232590597e+18	5.800000000000001
3.280312710718421e+18	5.9
3.073109881848475e+18	6.0
2.8860101484989937e+18	6.1000000000000005
2.6694069400608783e+18	6.2
2.4944723558519475e+18	6.300000000000001
2.3446037714651704e+18	6.4
2.15680836492883e+18	6.5
1.9858776617225347e+18	6.6000000000000005
1.8207413465895073e+18	6.7
1.677186076579214e+18	6.800000000000001
1.5521732408657892e+18	6.9
1.4249802491896276e+18	7.0
1.301568296504484e+18	7.1000000000000005
1.1971830142928778e+18	7.2
1.0774362517604677e+18	7.300000000000001
9.822383648464712e+17	7.4
8.920947663285356e+17	7.5
8.068362887598506e+17	7.6000000000000005
7.276680879886767e+17	7.7
6.65853589960273e+17	7.800000000000001
5.945878588280096e+17	7.9
5.301354979544499e+17	8.0
4.7775029171054515e+17	8.1
4.2558437852882406e+17	8.200000000000001
3.81586425002513e+17	8.3
3.383992745649598e+17	8.4
3.02366233843225e+17	8.5
2.66138281332813e+17	8.6
2.344833689998818e+17	8.700000000000001
2.078931041050692e+17	8.8
1.8370545559322774e+17	8.9
1.6284495700953142e+17	9.0
1.4226696066319517e+17	9.1
1.2436612831281109e+17	9.200000000000001
1.0834892738738707e+17	9.3
9.423218526600474e+16	9.4
8.208419247790512e+16	9.5
7.1366599898528984e+16	9.600000000000001
6.202299879537403e+16	9.700000000000001
5.35973553009656e+16	9.8
4.625747161110773e+16	9.9
3.958536570917979e+16	10.0
3.389005106166833e+16	10.100000000000001
2.915776965632887e+16	10.200000000000001
2.491191346934705e+16	10.3
2.1150014135682184e+16	10.4
1.7930736119076616e+16	10.5
1.520000890822611e+16	10.600000000000001
1.2773860153744902e+16	10.700000000000001
1.0780835846687634e+16	10.8
8974240364717171.0	10.9
7394204757152636.0	11.0
6063022900048593.0	11.100000000000001
4805966952798657.0	11.200000000000001
3586705114886234.5	11.3
0.0	11.4
0.0	11.5
0.0	11.600000000000001
0.0	11.700000000000001
0.0	11.8
0.0	11.9
0.0	12.0
0.0	12.100000000000001
0.0	12.200000000000001
0.0	12.3
0.0	12.4
0.0	12.5
0.0	12.600000000000001
0.0	12.700000000000001
0.0	12.8
0.0	12.9
0.0	13.0
0.0	13.100000000000001
0.0	13.200000000000001
0.0	13.3
0.0	13.4
0.0	13.5
0.0	13.600000000000001
0.0	13.700000000000001
0.0	13.8
0.0	13.9
0.0	14.0
0.0	14.100000000000001
0.0	14.200000000000001
0.0	14.3
0.0	14.4
0.0	14.5
0.0	14.600000000000001
0.0	14.700000000000001
0.0	14.8
0.0	14.9
0.0	15.0
0.0	15.100000000000001
0.0	15.200000000000001
0.0	15.3
0.0	15.4
0.0	15.5
