a = 17349.34182411959 м
b = 22244.7820849824 м
x0 = 7034.434485325525 м
vr = 1926.640254696314 м/с
A0 = 0.4179653959936144 м
Xmax = 16211.865769591159 м
sigmaX = 4373.2619543045685 м
sigmaY = 4029.6100727759285 м
M0 = 7.90757278019124e+18 Н*м - интегральное значение сейсмического момента
Mr_max = 1.4737468241920765e+18 Н*м/с - максимальное значение функции источника
1-ый столбец - источника
2-ой столбец - время
0.0	0.0
133619201609203.44	0.1
2.0501987586356064e+16	0.2
4.164157387245297e+16	0.30000000000000004
6.214818028498216e+16	0.4
8.338878850979146e+16	0.5
1.04517750425806e+17	0.6000000000000001
1.2779576387959174e+17	0.7000000000000001
1.4955024343907072e+17	0.8
1.734347138702734e+17	0.9
1.9790976564060704e+17	1.0
2.2464563527736995e+17	1.1
2.5069716143699456e+17	1.2000000000000002
2.790067004586765e+17	1.3
3.0640036485163846e+17	1.4000000000000001
3.3534405052251245e+17	1.5
3.6780116986777683e+17	1.6
4.0060794556955654e+17	1.7000000000000002
4.3214471115579456e+17	1.8
4.665021661905616e+17	1.9000000000000001
5.0362032821245325e+17	2.0
5.3970270243833274e+17	2.1
5.749352268325225e+17	2.2
6.208146460838382e+17	2.3000000000000003
6.546403342576737e+17	2.4000000000000004
6.971303647337549e+17	2.5
7.352471793000869e+17	2.6
7.747184099550866e+17	2.7
8.158970763783012e+17	2.8000000000000003
8.666474075936649e+17	2.9000000000000004
9.140236717561059e+17	3.0
9.581692783946824e+17	3.1
9.911388509588047e+17	3.2
1.0329640914790881e+18	3.3000000000000003
1.0668821747986811e+18	3.4000000000000004
1.1137268159684172e+18	3.5
1.1437372144884692e+18	3.6
1.1826189724543951e+18	3.7
1.2147680494096026e+18	3.8000000000000003
1.255409331887365e+18	3.9000000000000004
1.2782351113207084e+18	4.0
1.3137763548186742e+18	4.1000000000000005
1.3290484362729341e+18	4.2
1.3815903737999404e+18	4.3
1.3835946648147633e+18	4.4
1.408629386557504e+18	4.5
1.410518178832122e+18	4.6000000000000005
1.446306477235075e+18	4.7
1.4542095969602988e+18	4.800000000000001
1.4737468241920765e+18	4.9
1.4662300612201723e+18	5.0
1.4717092418386596e+18	5.1000000000000005
1.4528132599007053e+18	5.2
1.4597440160294267e+18	5.300000000000001
1.456816627828538e+18	5.4
1.457446938506847e+18	5.5
1.4490427614885696e+18	5.6000000000000005
1.4280565827544965e+18	5.7
1.3938736211584476e+18	5.800000000000001
1.3831751693327258e+18	5.9
1.355126346974878e+18	6.0
1.3423744453341916e+18	6.1000000000000005
1.304903376321942e+18	6.2
1.2769467728857393e+18	6.300000000000001
1.2560550725387896e+18	6.4
1.2067196902408522e+18	6.5
1.1748991236013158e+18	6.6000000000000005
1.1407024508576466e+18	6.7
1.1123107675314708e+18	6.800000000000001
1.0698012728990596e+18	6.9
1.0311531165742578e+18	7.0
9.864205122428206e+17	7.1000000000000005
9.440989580937297e+17	7.2
9.09942916003663e+17	7.300000000000001
8.743082603760581e+17	7.4
8.257997107662917e+17	7.5
7.881376760535808e+17	7.6000000000000005
7.481288456969524e+17	7.7
7.093788875370723e+17	7.800000000000001
6.68782380801621e+17	7.9
6.422232171819072e+17	8.0
5.974231892816498e+17	8.1
5.6585867668656314e+17	8.200000000000001
5.3001786114655123e+17	8.3
4.9357195967165024e+17	8.4
4.638265077809285e+17	8.5
4.3430506638978765e+17	8.6
4.02553799789057e+17	8.700000000000001
3.765830752442905e+17	8.8
3.5089269610304186e+17	8.9
3.212551261554214e+17	9.0
2.9827531010683424e+17	9.1
2.7384617054495098e+17	9.200000000000001
2.5183983385126653e+17	9.3
2.318496674571524e+17	9.4
2.1251823855393203e+17	9.5
1.9399626797892973e+17	9.600000000000001
1.7792248833479357e+17	9.700000000000001
1.6026713389136646e+17	9.8
1.4660232606770195e+17	9.9
1.3358686234109949e+17	10.0
1.2036192230655666e+17	10.100000000000001
1.0943845814806504e+17	10.200000000000001
9.913682081718642e+16	10.3
8.851524942666974e+16	10.4
7.988712971316774e+16	10.5
7.199257674239759e+16	10.600000000000001
6.388078159486303e+16	10.700000000000001
5.730011890362634e+16	10.8
5.109412382461645e+16	10.9
4.590580768628566e+16	11.0
4.027940607996792e+16	11.100000000000001
3.5932422649870044e+16	11.200000000000001
3.1674731591043584e+16	11.3
2.8226941708775932e+16	11.4
2.478121876440606e+16	11.5
2.1653718604240452e+16	11.600000000000001
1.9012540386856684e+16	11.700000000000001
1.6726085495986446e+16	11.8
1.4607064159176922e+16	11.9
1.2702151114935986e+16	12.0
1.110429321120861e+16	12.100000000000001
9666917969015310.0	12.200000000000001
8376360512665620.0	12.3
7279871791833297.0	12.4
6250827729066514.0	12.5
5418436387666292.0	12.600000000000001
4633960561990695.0	12.700000000000001
3992374819555893.0	12.8
3429694663228590.0	12.9
2927728111365174.0	13.0
2495750478880887.5	13.100000000000001
2133469643153654.0	13.200000000000001
1818678866470709.5	13.3
1546276065905022.5	13.4
1308680409052805.2	13.5
1106787450961410.2	13.600000000000001
939817905870285.0	13.700000000000001
788397760208234.8	13.8
662626412009951.2	13.9
556326730316941.2	14.0
466244919733454.9	14.100000000000001
389202453851085.9	14.200000000000001
323621153892391.94	14.3
268024009535575.88	14.4
0.0	14.5
0.0	14.600000000000001
0.0	14.700000000000001
0.0	14.8
0.0	14.9
0.0	15.0
0.0	15.100000000000001
0.0	15.200000000000001
0.0	15.3
0.0	15.4
0.0	15.5
0.0	15.600000000000001
0.0	15.700000000000001
0.0	15.8
0.0	15.9
0.0	16.0
0.0	16.1
0.0	16.2
0.0	16.3
0.0	16.400000000000002
0.0	16.5
0.0	16.6
0.0	16.7
0.0	16.8
0.0	16.900000000000002
0.0	17.0
0.0	17.1
0.0	17.2
0.0	17.3
0.0	17.400000000000002
0.0	17.5
0.0	17.6
0.0	17.7
0.0	17.8
0.0	17.900000000000002
0.0	18.0
0.0	18.1
0.0	18.2
0.0	18.3
0.0	18.400000000000002
0.0	18.5
0.0	18.6
0.0	18.7
0.0	18.8
0.0	18.900000000000002
0.0	19.0
0.0	19.1
0.0	19.200000000000003
0.0	19.3
0.0	19.400000000000002
0.0	19.5
0.0	19.6
0.0	19.700000000000003
0.0	19.8
0.0	19.900000000000002
0.0	20.0
0.0	20.1
0.0	20.200000000000003
0.0	20.3
0.0	20.400000000000002
