a = 17881.238576854565 м
b = 12306.1820749142 м
x0 = 9540.60642755899 м
vr = 1933.2945247819564 м/с
A0 = 0.7581355668527341 м
Xmax = 15238.903313392982 м
sigmaX = 4480.801620781103 м
sigmaY = 4550.123055200874 м
M0 = 1.6957163061134342e+19 Н*м - интегральное значение сейсмического момента
Mr_max = 3.4697654116265533e+18 Н*м/с - максимальное значение функции источника
1-ый столбец - источника
2-ой столбец - время
0.0	0.0
980606705985578.5	0.1
1.5192285488707043e+17	0.2
3.0467303565100506e+17	0.30000000000000004
4.505911231776257e+17	0.4
6.012009300289212e+17	0.5
7.48799262851238e+17	0.6000000000000001
8.943330925534031e+17	0.7000000000000001
1.0388287900086996e+18	0.8
1.1825130807728535e+18	0.9
1.3231242163263982e+18	1.0
1.4666138167970883e+18	1.1
1.5986599718036406e+18	1.2000000000000002
1.7347781275400282e+18	1.3
1.8535157844549711e+18	1.4000000000000001
1.9927766672243039e+18	1.5
2.1147768625178179e+18	1.6
2.2314187009998113e+18	1.7000000000000002
2.340605390109894e+18	1.8
2.4654234864540815e+18	1.9000000000000001
2.5754737051401964e+18	2.0
2.6796863604993475e+18	2.1
2.784557346340069e+18	2.2
2.8503520612208676e+18	2.3000000000000003
2.9681275504854615e+18	2.4000000000000004
3.03341048751135e+18	2.5
3.1033162989728906e+18	2.6
3.1766693865228e+18	2.7
3.2481221195074304e+18	2.8000000000000003
3.290949710225905e+18	2.9000000000000004
3.334434346189309e+18	3.0
3.3857640884030356e+18	3.1
3.433418002933127e+18	3.2
3.414400670378802e+18	3.3000000000000003
3.4529805093983724e+18	3.4000000000000004
3.466133891052383e+18	3.5
3.466761759551809e+18	3.6
3.4697654116265533e+18	3.7
3.432397144627294e+18	3.8000000000000003
3.404984118728208e+18	3.9000000000000004
3.392502451831573e+18	4.0
3.386724421146604e+18	4.1000000000000005
3.288028340940736e+18	4.2
3.280714715533544e+18	4.3
3.208117752459787e+18	4.4
3.161515624156857e+18	4.5
3.115280256657324e+18	4.6000000000000005
3.0352635750813686e+18	4.7
2.9439151566428155e+18	4.800000000000001
2.876474098316048e+18	4.9
2.804631046327299e+18	5.0
2.672847591778018e+18	5.1000000000000005
2.5989288438029087e+18	5.2
2.5069390760829036e+18	5.300000000000001
2.402967326033047e+18	5.4
2.3018842257742897e+18	5.5
2.2218197768249503e+18	5.6000000000000005
2.1243313267196426e+18	5.7
2.0281198409750423e+18	5.800000000000001
1.9335020967062118e+18	5.9
1.8372568395403236e+18	6.0
1.7309120665740603e+18	6.1000000000000005
1.6494366691870141e+18	6.2
1.5559782836844396e+18	6.300000000000001
1.4568538793193367e+18	6.4
1.4002543606368855e+18	6.5
1.3087774634546609e+18	6.6000000000000005
1.2249080548783196e+18	6.7
1.140693023894963e+18	6.800000000000001
1.073203727036547e+18	6.9
9.876573972847875e+17	7.0
9.226890735828936e+17	7.1000000000000005
8.658279608754778e+17	7.2
7.888558826081111e+17	7.300000000000001
7.348761673701654e+17	7.4
6.77243131733582e+17	7.5
6.234979729556684e+17	7.6000000000000005
5.7105377912374406e+17	7.7
5.272987618864687e+17	7.800000000000001
4.8337792131711955e+17	7.9
4.3820622414470803e+17	8.0
3.992088976014436e+17	8.1
3.65464083093209e+17	8.200000000000001
3.3317993766335264e+17	8.3
2.985015105449764e+17	8.4
2.6986306408770774e+17	8.5
2.4347401156410982e+17	8.6
2.2108081568154848e+17	8.700000000000001
1.9704459625248266e+17	8.8
1.7794494880557702e+17	8.9
1.5818421376374854e+17	9.0
1.4106166270049891e+17	9.1
1.2542326735376514e+17	9.200000000000001
1.1176716467353342e+17	9.3
9.920463606053102e+16	9.4
8.79237293312767e+16	9.5
7.776112896451458e+16	9.600000000000001
6.8322761821697064e+16	9.700000000000001
6.092729431312724e+16	9.8
5.245659505410074e+16	9.9
4.616559348071918e+16	10.0
4.009087727029739e+16	10.100000000000001
3.5151576683036864e+16	10.200000000000001
3.0836971374871236e+16	10.3
2.6347019097898956e+16	10.4
2.2966845578541252e+16	10.5
1.9590601515534784e+16	10.600000000000001
1.7012186330302632e+16	10.700000000000001
1.4711888639698322e+16	10.8
1.2528667777628672e+16	10.9
1.0681676087390168e+16	11.0
9127453226438924.0	11.100000000000001
7796360872403672.0	11.200000000000001
6570257540198951.0	11.3
5559894374796162.0	11.4
4693836669591304.0	11.5
3953810082645163.5	11.600000000000001
3331676174680635.0	11.700000000000001
2787648024435585.5	11.8
2314639715441718.5	11.9
1925299461207617.5	12.0
1587132688262718.8	12.100000000000001
1317472377025699.5	12.200000000000001
1079779098208415.2	12.3
883011512364634.1	12.4
716026278764574.4	12.5
580469798369899.4	12.600000000000001
468144425892192.3	12.700000000000001
372104892588390.1	12.8
295149045522660.5	12.9
229984311893272.53	13.0
177491911556418.47	13.100000000000001
135436444201375.38	13.200000000000001
100019567798073.8	13.3
71181875173517.9	13.4
46802595333425.055	13.5
24350151237901.254	13.600000000000001
0.0	13.700000000000001
0.0	13.8
0.0	13.9
0.0	14.0
0.0	14.100000000000001
0.0	14.200000000000001
0.0	14.3
0.0	14.4
0.0	14.5
