a = 9224.265939500945 м
b = 8323.758504039693 м
x0 = 4010.7693864837693 м
vr = 2111.844885250748 м/с
A0 = 2.0297901071748963 м
Xmax = 6980.192897716434 м
sigmaX = 4063.542753908322 м
sigmaY = 4366.430708079026 м
M0 = 3.329969642593696e+19 Н*м - интегральное значение сейсмического момента
Mr_max = 1.0485489950525045e+19 Н*м/с - максимальное значение функции источника
1-ый столбец - источника
2-ой столбец - время
0.0	0.0
4926967809031722.0	0.1
8.3672079249548e+17	0.2
1.6588485978925076e+18	0.30000000000000004
2.4396214677548355e+18	0.4
3.2529885606758354e+18	0.5
4.014193475918871e+18	0.6000000000000001
4.735910780932582e+18	0.7000000000000001
5.467822188957836e+18	0.8
6.059632894525231e+18	0.9
6.768123984309729e+18	1.0
7.24595477232223e+18	1.1
7.918566382725725e+18	1.2000000000000002
8.328005482395926e+18	1.3
8.837034666009449e+18	1.4000000000000001
9.190357113181475e+18	1.5
9.627627045368408e+18	1.6
9.937139581802445e+18	1.7000000000000002
1.018767979959941e+19	1.8
1.0451779824887288e+19	1.9000000000000001
1.0485489950525045e+19	2.0
1.0062076787588295e+19	2.1
9.86414218156215e+18	2.2
9.68370735109178e+18	2.3000000000000003
9.492842149767086e+18	2.4000000000000004
9.365403631262267e+18	2.5
9.163945594170973e+18	2.6
8.992020707344198e+18	2.7
8.720872884119856e+18	2.8000000000000003
8.553627321928422e+18	2.9000000000000004
8.228889654535411e+18	3.0
7.972980062197418e+18	3.1
7.669316829291743e+18	3.2
7.485518972236994e+18	3.3000000000000003
7.090143252646879e+18	3.4000000000000004
6.722331943178288e+18	3.5
6.503341900606738e+18	3.6
6.117352479634395e+18	3.7
5.748613897778652e+18	3.8000000000000003
5.32368434583982e+18	3.9000000000000004
5.106204046094106e+18	4.0
4.713241988348042e+18	4.1000000000000005
4.360310229378546e+18	4.2
4.0627949572080246e+18	4.3
3.8123921779008276e+18	4.4
3.459699693263377e+18	4.5
3.139623535643888e+18	4.6000000000000005
2.9403940845916534e+18	4.7
2.6603214997399204e+18	4.800000000000001
2.396566424664305e+18	4.9
2.1476865963704763e+18	5.0
1.9541903360838088e+18	5.1000000000000005
1.7365216939010312e+18	5.2
1.5350745149279982e+18	5.300000000000001
1.3665470567613914e+18	5.4
1.1915265375697705e+18	5.5
1.0468556107050796e+18	5.6000000000000005
9.162934952030282e+17	5.7
7.924114073711443e+17	5.800000000000001
6.783249873531497e+17	5.9
5.825811955823197e+17	6.0
4.912500071680293e+17	6.1000000000000005
4.177403813020169e+17	6.2
3.41192311788318e+17	6.300000000000001
2.826053001668041e+17	6.4
2.2436254938255245e+17	6.5
1.7590555381825034e+17	6.6000000000000005
1.2874802805939451e+17	6.7
8.643471948530418e+16	6.800000000000001
3.992706266613524e+16	6.9
0.0	7.0
0.0	7.1000000000000005
0.0	7.2
0.0	7.300000000000001
0.0	7.4
0.0	7.5
0.0	7.6000000000000005
0.0	7.7
0.0	7.800000000000001
