a = 9082.641210408445 м
b = 6500.48020526222 м
x0 = 5049.779041751397 м
vr = 1756.896643144429 м/с
A0 = 1.4529829519051076 м
Xmax = 10302.369917611417 м
sigmaX = 4424.002142433584 м
sigmaY = 4874.003107636243 м
M0 = 2.377384777017259e+19 Н*м - интегральное значение сейсмического момента
Mr_max = 5.666257221920645e+18 Н*м/с - максимальное значение функции источника
1-ый столбец - источника
2-ой столбец - время
0.0	0.0
1892424110788442.5	0.1
2.708339571364354e+17	0.2
5.298266540575367e+17	0.30000000000000004
7.941733976497366e+17	0.4
1.0567027004400716e+18	0.5
1.3054329783720694e+18	0.6000000000000001
1.5391651217753866e+18	0.7000000000000001
1.810367405431093e+18	0.8
2.062065076790833e+18	0.9
2.2612814657350886e+18	1.0
2.547078070500326e+18	1.1
2.7852625097414615e+18	1.2000000000000002
2.9776054329050624e+18	1.3
3.206649217578268e+18	1.4000000000000001
3.437549832960613e+18	1.5
3.6628513504578253e+18	1.6
3.7897252516247967e+18	1.7000000000000002
4.092797012965705e+18	1.8
4.1774124375745254e+18	1.9000000000000001
4.365297909253278e+18	2.0
4.6088906550018017e+18	2.1
4.791223787296242e+18	2.2
4.922204941928872e+18	2.3000000000000003
5.055647363903427e+18	2.4000000000000004
5.234493077045737e+18	2.5
5.296065208101394e+18	2.6
5.448299586672666e+18	2.7
5.573198388406925e+18	2.8000000000000003
5.666257221920645e+18	2.9000000000000004
5.329084040655013e+18	3.0
5.320961578912316e+18	3.1
5.361420254469102e+18	3.2
5.223912579849556e+18	3.3000000000000003
5.285966289591222e+18	3.4000000000000004
5.274762934699519e+18	3.5
5.134410063277563e+18	3.6
5.140275828257838e+18	3.7
5.072520954068114e+18	3.8000000000000003
4.979537947384919e+18	3.9000000000000004
4.885322616172797e+18	4.0
4.861788148962651e+18	4.1000000000000005
4.710866734868977e+18	4.2
4.630355195045006e+18	4.3
4.5181606193281956e+18	4.4
4.3974943171686856e+18	4.5
4.232689919267291e+18	4.6000000000000005
4.0848846110823373e+18	4.7
4.0022161603081825e+18	4.800000000000001
3.807207315429173e+18	4.9
3.695651747466415e+18	5.0
3.5621231174069427e+18	5.1000000000000005
3.322374247438238e+18	5.2
3.20784319456539e+18	5.300000000000001
3.036507991712319e+18	5.4
2.866450007912261e+18	5.5
2.738223472350779e+18	5.6000000000000005
2.617741994130791e+18	5.7
2.4634872671808056e+18	5.800000000000001
2.2725487522255657e+18	5.9
2.1642322720855196e+18	6.0
2.0127586120566228e+18	6.1000000000000005
1.8627542773628708e+18	6.2
1.707669067823318e+18	6.300000000000001
1.570847877805926e+18	6.4
1.4421562827928092e+18	6.5
1.304148087377546e+18	6.6000000000000005
1.1855916722934116e+18	6.7
1.0623778517267494e+18	6.800000000000001
9.355336123730812e+17	6.9
8.305927715523836e+17	7.0
7.080667307641348e+17	7.1000000000000005
5.955067457291656e+17	7.2
4.785266680646751e+17	7.300000000000001
3.576609205263779e+17	7.4
2.130139128646064e+17	7.5
0.0	7.6000000000000005
0.0	7.7
0.0	7.800000000000001
0.0	7.9
0.0	8.0
0.0	8.1
0.0	8.200000000000001
0.0	8.3
0.0	8.4
