a = 17995.96757236259 м
b = 20898.45891868054 м
x0 = 16103.245108579997 м
vr = 1627.5301715946534 м/с
A0 = 0.5174117775962589 м
Xmax = 19723.27436091315 м
sigmaX = 4055.871105675841 м
sigmaY = 4306.065624215715 м
M0 = 1.0003136405774625e+19 Н*м - интегральное значение сейсмического момента
Mr_max = 2.0608097712940997e+18 Н*м/с - максимальное значение функции источника
1-ый столбец - источника
2-ой столбец - время
0.0	0.0
848474122433659.2	0.1
1.1117076083085386e+17	0.2
2.2107315866389914e+17	0.30000000000000004
3.297444707799898e+17	0.4
4.3533540764383405e+17	0.5
5.447568798267624e+17	0.6000000000000001
6.446847796266784e+17	0.7000000000000001
7.542605938028247e+17	0.8
8.474149020799276e+17	0.9
9.438516226784132e+17	1.0
1.034559236908433e+18	1.1
1.121457457548477e+18	1.2000000000000002
1.2155015248440212e+18	1.3
1.2987765848399593e+18	1.4000000000000001
1.374322527634851e+18	1.5
1.45369819018416e+18	1.6
1.5299315047498614e+18	1.7000000000000002
1.5962287033429821e+18	1.8
1.660204833288057e+18	1.9000000000000001
1.7157256896351764e+18	2.0
1.76859299692024e+18	2.1
1.818156196940913e+18	2.2
1.8605139926570982e+18	2.3000000000000003
1.9066194542688325e+18	2.4000000000000004
1.936692602737349e+18	2.5
1.978205243973251e+18	2.6
2.002747294321605e+18	2.7
2.008097165476977e+18	2.8000000000000003
2.027421984572548e+18	2.9000000000000004
2.047926220672214e+18	3.0
2.0489950574813757e+18	3.1
2.0566184902541117e+18	3.2
2.0608097712940997e+18	3.3000000000000003
2.0540525294487857e+18	3.4000000000000004
2.0227197843832673e+18	3.5
2.025515297802955e+18	3.6
1.9967528354931005e+18	3.7
1.98307909681898e+18	3.8000000000000003
1.9494743521698732e+18	3.9000000000000004
1.9127236665085425e+18	4.0
1.8678158910022065e+18	4.1000000000000005
1.8390395755988984e+18	4.2
1.7999248061879485e+18	4.3
1.754666900683544e+18	4.4
1.700688166673845e+18	4.5
1.65222710600317e+18	4.6000000000000005
1.617732584678418e+18	4.7
1.573121879351285e+18	4.800000000000001
1.5277748957001244e+18	4.9
1.474224923537136e+18	5.0
1.4285103686067034e+18	5.1000000000000005
1.373730054850776e+18	5.2
1.3315872810967514e+18	5.300000000000001
1.2704746701024906e+18	5.4
1.219964393059378e+18	5.5
1.1724890838925972e+18	5.6000000000000005
1.1052234623111301e+18	5.7
1.0626951217787274e+18	5.800000000000001
1.0054651773583265e+18	5.9
9.584411320403576e+17	6.0
9.184719864562687e+17	6.1000000000000005
8.633881954563131e+17	6.2
8.158822985455261e+17	6.300000000000001
7.768828354787046e+17	6.4
7.296058467036351e+17	6.5
6.798124838301541e+17	6.6000000000000005
6.4292456360179e+17	6.7
6.000921297195699e+17	6.800000000000001
5.638190709930516e+17	6.9
5.259788181854622e+17	7.0
4.8925712586983725e+17	7.1000000000000005
4.570642973945083e+17	7.2
4.225069429459154e+17	7.300000000000001
3.9472171221574406e+17	7.4
3.625577689451985e+17	7.5
3.358951207522075e+17	7.6000000000000005
3.1265927320222637e+17	7.7
2.887545083595571e+17	7.800000000000001
2.642620313136493e+17	7.9
2.4327965417019194e+17	8.0
2.2253869664105046e+17	8.1
2.0437702462641907e+17	8.200000000000001
1.8661475506286128e+17	8.3
1.701018771265535e+17	8.4
1.5555201932477126e+17	8.5
1.4221117467761586e+17	8.6
1.2893948234125067e+17	8.700000000000001
1.1718887497080158e+17	8.8
1.0619016700558229e+17	8.9
9.574578175667054e+16	9.0
8.597797877094038e+16	9.1
7.760046869370838e+16	9.200000000000001
7.005324410093917e+16	9.3
6.287790985631437e+16	9.4
5.6050572981842056e+16	9.5
5.053848302175662e+16	9.600000000000001
4.503393796877344e+16	9.700000000000001
4.0122738475105496e+16	9.8
3.586249122742254e+16	9.9
3.1715185611865944e+16	10.0
2.797687851189643e+16	10.100000000000001
2.4888028813301108e+16	10.200000000000001
2.2150890720766596e+16	10.3
1.949918313439116e+16	10.4
1.72197732955837e+16	10.5
1.5145913616329904e+16	10.600000000000001
1.3292340789086694e+16	10.700000000000001
1.1677570551727876e+16	10.8
1.0233038309212668e+16	10.9
8950976237625176.0	11.0
7824179648840832.0	11.100000000000001
6818914573051521.0	11.200000000000001
5953726415355814.0	11.3
5183846651785379.0	11.4
4484377503720917.5	11.5
3892478580291515.5	11.600000000000001
3383425046623709.0	11.700000000000001
2912666749750474.0	11.8
2502536941614063.0	11.9
2164316873757387.2	12.0
1848745356322877.2	12.100000000000001
1582618001990490.2	12.200000000000001
1356235484566578.2	12.3
790468350873639.5	12.4
526081263823200.75	12.5
353467423259800.1	12.600000000000001
239206961838711.06	12.700000000000001
158843771054646.6	12.8
101227972932167.55	12.9
58919433914719.695	13.0
24840637608593.355	13.100000000000001
0.0	13.200000000000001
0.0	13.3
0.0	13.4
0.0	13.5
0.0	13.600000000000001
0.0	13.700000000000001
0.0	13.8
0.0	13.9
0.0	14.0
0.0	14.100000000000001
0.0	14.200000000000001
0.0	14.3
0.0	14.4
0.0	14.5
0.0	14.600000000000001
0.0	14.700000000000001
0.0	14.8
0.0	14.9
0.0	15.0
0.0	15.100000000000001
0.0	15.200000000000001
0.0	15.3
0.0	15.4
0.0	15.5
0.0	15.600000000000001
0.0	15.700000000000001
0.0	15.8
0.0	15.9
0.0	16.0
0.0	16.1
0.0	16.2
0.0	16.3
0.0	16.400000000000002
0.0	16.5
0.0	16.6
0.0	16.7
