a = 10738.761377703788 м
b = 12768.000078965646 м
x0 = 6283.127917899396 м
vr = 1906.185014977694 м/с
A0 = 1.6359895993124183 м
Xmax = 9506.776748925431 м
sigmaX = 4878.315630519162 м
sigmaY = 4776.25884334239 м
M0 = 3.833898082626754e+19 Н*м - интегральное значение сейсмического момента
Mr_max = 9.033617361226148e+18 Н*м/с - максимальное значение функции источника
1-ый столбец - источника
2-ой столбец - время
0.0	0.0
3761185566845037.0	0.1
5.78981421085451e+17	0.2
1.1370185423062802e+18	0.30000000000000004
1.6911937463623316e+18	0.4
2.2433486055797184e+18	0.5
2.7777594529749007e+18	0.6000000000000001
3.294316046415599e+18	0.7000000000000001
3.787005673185658e+18	0.8
4.3091204447851735e+18	0.9
4.807604853366995e+18	1.0
5.229672714810024e+18	1.1
5.642739562516242e+18	1.2000000000000002
6.086734206829218e+18	1.3
6.478490199730198e+18	1.4000000000000001
6.781237302368577e+18	1.5
7.074905868296082e+18	1.6
7.52641061800097e+18	1.7000000000000002
7.751499394012115e+18	1.8
7.957094320055605e+18	1.9000000000000001
8.202418808773382e+18	2.0
8.425396957077663e+18	2.1
8.691060108752578e+18	2.2
8.784104974534668e+18	2.3000000000000003
8.838853304677431e+18	2.4000000000000004
8.883203154840633e+18	2.5
9.005611154599506e+18	2.6
9.013196845805704e+18	2.7
9.019741398981623e+18	2.8000000000000003
9.033617361226148e+18	2.9000000000000004
8.954219171431804e+18	3.0
8.909834963343282e+18	3.1
8.813692808314285e+18	3.2
8.793792989934649e+18	3.3000000000000003
8.603297672923874e+18	3.4000000000000004
8.221840730816332e+18	3.5
7.962463062805218e+18	3.6
7.734461681947605e+18	3.7
7.548281889958926e+18	3.8000000000000003
7.207675045124685e+18	3.9000000000000004
7.027527764509775e+18	4.0
6.72561847027401e+18	4.1000000000000005
6.563450587960465e+18	4.2
6.291955528709719e+18	4.3
6.11661057802024e+18	4.4
5.870282992131679e+18	4.5
5.714436239550148e+18	4.6000000000000005
5.474151592191687e+18	4.7
5.200152577977114e+18	4.800000000000001
4.992236879521463e+18	4.9
4.750600326394897e+18	5.0
4.5203297198515533e+18	5.1000000000000005
4.3089029408954066e+18	5.2
4.092758977710931e+18	5.300000000000001
3.8741745841954673e+18	5.4
3.6741932804736404e+18	5.5
3.4858405381563756e+18	5.6000000000000005
3.2793699013330145e+18	5.7
3.111940337968048e+18	5.800000000000001
2.9263652692692516e+18	5.9
2.732945494050676e+18	6.0
2.576154692980668e+18	6.1000000000000005
2.396036081373651e+18	6.2
2.2438887709513623e+18	6.300000000000001
2.0810810987003067e+18	6.4
1.9310061848728061e+18	6.5
1.7966768195358344e+18	6.6000000000000005
1.6577195062408133e+18	6.7
1.537751794713911e+18	6.800000000000001
1.4241179251898401e+18	6.9
1.3084200937829696e+18	7.0
1.1961277601536003e+18	7.1000000000000005
1.0954210522649637e+18	7.2
1.0064897305396305e+18	7.300000000000001
9.062049513424844e+17	7.4
8.23310961548953e+17	7.5
7.361236862063405e+17	7.6000000000000005
6.611986973916306e+17	7.7
5.780343312662223e+17	7.800000000000001
4.997808911000287e+17	7.9
3.9476040725577946e+17	8.0
0.0	8.1
0.0	8.200000000000001
0.0	8.3
0.0	8.4
0.0	8.5
0.0	8.6
0.0	8.700000000000001
0.0	8.8
0.0	8.9
0.0	9.0
0.0	9.1
0.0	9.200000000000001
0.0	9.3
0.0	9.4
0.0	9.5
0.0	9.600000000000001
0.0	9.700000000000001
0.0	9.8
0.0	9.9
0.0	10.0
0.0	10.100000000000001
0.0	10.200000000000001
0.0	10.3
0.0	10.4
0.0	10.5
0.0	10.600000000000001
0.0	10.700000000000001
0.0	10.8
0.0	10.9
0.0	11.0
0.0	11.100000000000001
