a = 14312.73564925649 м
b = 14659.84624873744 м
x0 = 6910.332935699098 м
vr = 1804.3803907546312 м/с
A0 = 0.596467086920436 м
Xmax = 15800.933356081372 м
sigmaX = 4386.576341379355 м
sigmaY = 4597.48339022332 м
M0 = 1.2593444552048253e+19 Н*м - интегральное значение сейсмического момента
Mr_max = 2.2147368921755558e+18 Н*м/с - максимальное значение функции источника
1-ый столбец - источника
2-ой столбец - время
0.0	0.0
207463433264726.1	0.1
3.0512405260971304e+16	0.2
6.015001634682919e+16	0.30000000000000004
8.974638252088219e+16	0.4
1.2057417417444186e+17	0.5
1.515400867481099e+17	0.6000000000000001
1.833152480055444e+17	0.7000000000000001
2.1429237835963574e+17	0.8
2.483811101114242e+17	0.9
2.813450939352828e+17	1.0
3.177947714518573e+17	1.1
3.56673577938369e+17	1.2000000000000002
3.963097469530143e+17	1.3
4.366337982908967e+17	1.4000000000000001
4.78763560777747e+17	1.5
5.2086342508326086e+17	1.6
5.637340533799977e+17	1.7000000000000002
6.067653519391583e+17	1.8
6.550502324132741e+17	1.9000000000000001
7.052348435824481e+17	2.0
7.506582382740585e+17	2.1
8.148062649137505e+17	2.2
8.627332746614193e+17	2.3000000000000003
9.122635506420381e+17	2.4000000000000004
9.720226516291944e+17	2.5
1.0229381443006602e+18	2.6
1.0628049408354108e+18	2.7
1.1396805145808173e+18	2.8000000000000003
1.2056687644017492e+18	2.9000000000000004
1.2457711178090437e+18	3.0
1.3220671748269076e+18	3.1
1.3839298853896307e+18	3.2
1.4407132957734095e+18	3.3000000000000003
1.4764449063281247e+18	3.4000000000000004
1.5481792068892196e+18	3.5
1.605482838241227e+18	3.6
1.6569245135481733e+18	3.7
1.7199193016805558e+18	3.8000000000000003
1.7805602051972324e+18	3.9000000000000004
1.8152767637821053e+18	4.0
1.8775160465431747e+18	4.1000000000000005
1.923641262205924e+18	4.2
1.9532649976353498e+18	4.3
1.9953615854016788e+18	4.4
2.033390773875525e+18	4.5
2.07388197035223e+18	4.6000000000000005
2.1105137030385162e+18	4.7
2.132753708293954e+18	4.800000000000001
2.168639114934863e+18	4.9
2.1515861713885635e+18	5.0
2.1713858706237038e+18	5.1000000000000005
2.1944993571108754e+18	5.2
2.1974456833535823e+18	5.300000000000001
2.199084912310597e+18	5.4
2.2147368921755558e+18	5.5
2.1832037678171205e+18	5.6000000000000005
2.204445662176828e+18	5.7
2.175778920297801e+18	5.800000000000001
2.1662698526436355e+18	5.9
2.1022442285472899e+18	6.0
2.1141801089162179e+18	6.1000000000000005
2.107884405972596e+18	6.2
2.0546412421417695e+18	6.300000000000001
2.0463008860715471e+18	6.4
1.9883533472463424e+18	6.5
1.9427364867573304e+18	6.6000000000000005
1.9067851354625147e+18	6.7
1.8744608878673551e+18	6.800000000000001
1.8222904957111447e+18	6.9
1.77042792241369e+18	7.0
1.732832105028772e+18	7.1000000000000005
1.674438286828273e+18	7.2
1.603154440951966e+18	7.300000000000001
1.5575834178832082e+18	7.4
1.5213356400484616e+18	7.5
1.45135747813228e+18	7.6000000000000005
1.4028774855031299e+18	7.7
1.343797293537956e+18	7.800000000000001
1.2827872376375744e+18	7.9
1.2269055399592438e+18	8.0
1.1715514824912192e+18	8.1
1.1156902651866541e+18	8.200000000000001
1.0588790202932824e+18	8.3
1.009777779813893e+18	8.4
9.50492116998251e+17	8.5
9.088125176847616e+17	8.6
8.491139171353655e+17	8.700000000000001
8.053216403282234e+17	8.8
7.506104323417312e+17	8.9
7.047918751497152e+17	9.0
6.695121367678591e+17	9.1
6.193608777985373e+17	9.200000000000001
5.807154818439282e+17	9.3
5.445229530288073e+17	9.4
5.058406608569607e+17	9.5
4.685478365220851e+17	9.600000000000001
4.348539717828534e+17	9.700000000000001
4.04015832177768e+17	9.8
3.720181157143495e+17	9.9
3.419315231314665e+17	10.0
3.16082028441965e+17	10.100000000000001
2.900763918701233e+17	10.200000000000001
2.659622478969594e+17	10.3
2.4224959437890003e+17	10.4
2.205075256081777e+17	10.5
2.0138543773991568e+17	10.600000000000001
1.8243038094773766e+17	10.700000000000001
1.6384362865390138e+17	10.8
1.4804462886306803e+17	10.9
1.3238592638798558e+17	11.0
1.1840557987479834e+17	11.100000000000001
1.0499911289619718e+17	11.200000000000001
9.31737246405851e+16	11.3
8.187798004972517e+16	11.4
7.123638542127544e+16	11.5
6.097045841234164e+16	11.600000000000001
5.158634311269964e+16	11.700000000000001
4.251585443362514e+16	11.8
3.337494047066613e+16	11.9
2.390125025685004e+16	12.0
1.1568063867964196e+16	12.100000000000001
0.0	12.200000000000001
0.0	12.3
0.0	12.4
0.0	12.5
0.0	12.600000000000001
0.0	12.700000000000001
0.0	12.8
0.0	12.9
0.0	13.0
0.0	13.100000000000001
0.0	13.200000000000001
0.0	13.3
0.0	13.4
