a = 16700.130805089328 м
b = 11827.047028173902 м
x0 = 548.2804121481983 м
vr = 1751.3771982260757 м/с
A0 = 1.930551915044932 м
Xmax = 15415.476067769201 м
sigmaX = 4215.161712156524 м
sigmaY = 4331.2024243770675 м
M0 = 3.5851681547535315e+19 Н*м - интегральное значение сейсмического момента
Mr_max = 6.154838102130115e+18 Н*м/с - максимальное значение функции источника
1-ый столбец - источника
2-ой столбец - время
0.0	0.0
10102016464134.99	0.1
1442990082781556.2	0.2
2904209761472957.0	0.30000000000000004
4429367449092487.5	0.4
5342085456194443.0	0.5
6738171658464279.0	0.6000000000000001
8409892415050171.0	0.7000000000000001
1.0415467429227736e+16	0.8
1.274372869282908e+16	0.9
1.5476070558567678e+16	1.0
1.8576340790122104e+16	1.1
2.2118122287028136e+16	1.2000000000000002
2.6571177632816508e+16	1.3
3.135733283028709e+16	1.4000000000000001
3.655372639146203e+16	1.5
4.267826661869848e+16	1.6
4.98303003124912e+16	1.7000000000000002
5.735398011883099e+16	1.8
6.625284047678732e+16	1.9000000000000001
7.684175668432477e+16	2.0
8.731001561000859e+16	2.1
9.92542744081923e+16	2.2
1.1476047566465621e+17	2.3000000000000003
1.2914146781149685e+17	2.4000000000000004
1.4586535769462083e+17	2.5
1.6395512173606013e+17	2.6
1.8674527363135552e+17	2.7
2.0820256140302646e+17	2.8000000000000003
2.3515434488762275e+17	2.9000000000000004
2.652704097522413e+17	3.0
2.907305120579089e+17	3.1
3.271504529816057e+17	3.2
3.645087389399776e+17	3.3000000000000003
4.024824644593605e+17	3.4000000000000004
4.481659500252586e+17	3.5
4.946419845585386e+17	3.6
5.431368544857094e+17	3.7
5.965522055014182e+17	3.8000000000000003
6.506033941294963e+17	3.9000000000000004
7.172902780185133e+17	4.0
7.828746122755764e+17	4.1000000000000005
8.549552107500672e+17	4.2
9.276962271186257e+17	4.3
1.0195310353803803e+18	4.4
1.0987526932543374e+18	4.5
1.1866256114451036e+18	4.6000000000000005
1.262170491928799e+18	4.7
1.3799387295146138e+18	4.800000000000001
1.490965312777458e+18	4.9
1.5877613865500518e+18	5.0
1.7138159311217175e+18	5.1000000000000005
1.8236351901594532e+18	5.2
1.949096540426352e+18	5.300000000000001
2.0989032237123361e+18	5.4
2.2236853957122568e+18	5.5
2.3323621383326034e+18	5.6000000000000005
2.491511240661363e+18	5.7
2.650072331542225e+18	5.800000000000001
2.761207635147523e+18	5.9
2.927337942609175e+18	6.0
3.094151788443519e+18	6.1000000000000005
3.2201185061664056e+18	6.2
3.379240473472617e+18	6.300000000000001
3.5416409505576765e+18	6.4
3.680223663434376e+18	6.5
3.858189797089221e+18	6.6000000000000005
4.026009156773286e+18	6.7
4.1286786372923617e+18	6.800000000000001
4.2794856125853384e+18	6.9
4.462115632603563e+18	7.0
4.5806415570526054e+18	7.1000000000000005
4.794159517913689e+18	7.2
4.90139909482298e+18	7.300000000000001
5.069570602013711e+18	7.4
5.156665057217897e+18	7.5
5.282952455969328e+18	7.6000000000000005
5.392511947043582e+18	7.7
5.480318601673512e+18	7.800000000000001
5.65030140162599e+18	7.9
5.657094309882569e+18	8.0
5.732520365828665e+18	8.1
5.850535479835691e+18	8.200000000000001
5.873704489423789e+18	8.3
5.953930984594637e+18	8.4
5.979634711241182e+18	8.5
6.044929080066318e+18	8.6
6.025804648090849e+18	8.700000000000001
6.087622188212227e+18	8.8
6.154838102130115e+18	8.9
6.001914691917465e+18	9.0
6.050191107044933e+18	9.1
6.057087915960608e+18	9.200000000000001
5.964038118901158e+18	9.3
5.900323766477044e+18	9.4
5.858133003521305e+18	9.5
5.77622290281603e+18	9.600000000000001
5.65203364428719e+18	9.700000000000001
5.568482683077209e+18	9.8
5.514957697210523e+18	9.9
5.363291994212783e+18	10.0
5.289729319266038e+18	10.100000000000001
5.183960264577913e+18	10.200000000000001
5.018544714710887e+18	10.3
4.875271423067032e+18	10.4
4.771428798007873e+18	10.5
4.631659355108834e+18	10.600000000000001
4.4765765120390687e+18	10.700000000000001
4.2983097363067684e+18	10.8
4.1700897273867914e+18	10.9
4.033745157642813e+18	11.0
3.837664706389138e+18	11.100000000000001
3.668983948275098e+18	11.200000000000001
3.5494781645661e+18	11.3
3.40002607870014e+18	11.4
3.2374790534671355e+18	11.5
3.0829540327381453e+18	11.600000000000001
2.9229997891180846e+18	11.700000000000001
2.7779686246463734e+18	11.8
2.638861643322033e+18	11.9
2.506841280934503e+18	12.0
2.342602878075179e+18	12.100000000000001
2.238443652314699e+18	12.200000000000001
2.0773359024862628e+18	12.3
1.9566405417657677e+18	12.4
1.8450830232638124e+18	12.5
1.7455899283018022e+18	12.600000000000001
1.6083736189495593e+18	12.700000000000001
1.5021848433147922e+18	12.8
1.4067968412290258e+18	12.9
1.2981126352633912e+18	13.0
1.208760947935578e+18	13.100000000000001
1.1219250623442921e+18	13.200000000000001
1.03537937856434e+18	13.3
9.52424111790897e+17	13.4
8.837644715622264e+17	13.5
8.131633666669312e+17	13.600000000000001
7.419853192042988e+17	13.700000000000001
6.792797811831832e+17	13.8
6.199024559778601e+17	13.9
5.6319273745158554e+17	14.0
5.1719016695636966e+17	14.100000000000001
4.6950579755887904e+17	14.200000000000001
4.243397308239903e+17	14.3
3.829986859029695e+17	14.4
3.47513450194943e+17	14.5
3.133423022576617e+17	14.600000000000001
2.8097301824697462e+17	14.700000000000001
2.554879546415683e+17	14.8
2.2733932608058544e+17	14.9
2.0484639464454138e+17	15.0
1.814455893559241e+17	15.100000000000001
1.631750538584519e+17	15.200000000000001
1.4436256137747082e+17	15.3
1.28957176377429e+17	15.4
1.14191970045638e+17	15.5
1.0054806872467542e+17	15.600000000000001
8.906791815220146e+16	15.700000000000001
7.821201822777418e+16	15.8
6.860272356864162e+16	15.9
6.024035003536864e+16	16.0
5.302277255428457e+16	16.1
4.635092925482537e+16	16.2
4.034430746690483e+16	16.3
3.5088845149527036e+16	16.400000000000002
3.024296713511731e+16	16.5
2.618366680521142e+16	16.6
2.2590311371153904e+16	16.7
1.9457767848230204e+16	16.8
1.6738263946307782e+16	16.900000000000002
1.426042311824778e+16	17.0
1.219855588612737e+16	17.1
1.0326840874043966e+16	17.2
8759333896988885.0	17.3
7408140714915337.0	17.400000000000002
6234230813149507.0	17.5
5238883724871088.0	17.6
4344978315706081.5	17.7
3602685394343202.5	17.8
2966322229161533.0	17.900000000000002
2426736786657300.5	18.0
1974283888096476.2	18.1
1588226747944029.0	18.2
1256816728340530.2	18.3
982206980534124.2	18.400000000000002
744272181578654.5	18.5
541982549017655.75	18.6
363372395437591.94	18.7
189979323995739.72	18.8
0.0	18.900000000000002
0.0	19.0
0.0	19.1
0.0	19.200000000000003
0.0	19.3
0.0	19.400000000000002
0.0	19.5
0.0	19.6
0.0	19.700000000000003
