a = 11783.315571719626 м
b = 11216.811065705755 м
x0 = 9053.634920895092 м
vr = 1623.7479449569864 м/с
A0 = 1.1788487226997764 м
Xmax = 10909.151420004742 м
sigmaX = 4629.448076703566 м
sigmaY = 4467.199436998263 м
M0 = 2.5259982260444987e+19 Н*м - интегральное значение сейсмического момента
Mr_max = 5.613616584499726e+18 Н*м/с - максимальное значение функции источника
1-ый столбец - источника
2-ой столбец - время
0.0	0.0
2649935601811246.5	0.1
3.444023274511729e+17	0.2
6.874522610565606e+17	0.30000000000000004
1.0230490401343028e+18	0.4
1.344361018479875e+18	0.5
1.6719348409941028e+18	0.6000000000000001
1.9918458303150118e+18	0.7000000000000001
2.293830297249416e+18	0.8
2.5949395889133573e+18	0.9
2.872739855423578e+18	1.0
3.163586548078815e+18	1.1
3.4333374334009564e+18	1.2000000000000002
3.6810495962617907e+18	1.3
3.915935472000238e+18	1.4000000000000001
4.1186365057129974e+18	1.5
4.360673327335668e+18	1.6
4.497719807956629e+18	1.7000000000000002
4.693590106575757e+18	1.8
4.869805647641338e+18	1.9000000000000001
5.00602676199652e+18	2.0
5.123413225392096e+18	2.1
5.252451714066787e+18	2.2
5.306542109659232e+18	2.3000000000000003
5.468380019899551e+18	2.4000000000000004
5.48507099011097e+18	2.5
5.567822069220426e+18	2.6
5.613616584499726e+18	2.7
5.553814800395704e+18	2.8000000000000003
5.593545040186739e+18	2.9000000000000004
5.585644210754376e+18	3.0
5.520792723448648e+18	3.1
5.544020412709945e+18	3.2
5.488348385231091e+18	3.3000000000000003
5.429059317650036e+18	3.4000000000000004
5.374787035435527e+18	3.5
5.258097658493563e+18	3.6
5.194980089671618e+18	3.7
5.070159769776772e+18	3.8000000000000003
4.975835151920144e+18	3.9000000000000004
4.895298165844016e+18	4.0
4.759569384129176e+18	4.1000000000000005
4.66653329809539e+18	4.2
4.534747576519043e+18	4.3
4.3742282318744827e+18	4.4
4.287365773391721e+18	4.5
4.116022505277076e+18	4.6000000000000005
3.97211626591499e+18	4.7
3.817595891129126e+18	4.800000000000001
3.664445176614985e+18	4.9
3.535701544586666e+18	5.0
3.381862645439506e+18	5.1000000000000005
3.25712560453077e+18	5.2
3.130630474526746e+18	5.300000000000001
2.964449980991873e+18	5.4
2.851081872226533e+18	5.5
2.699406599708503e+18	5.6000000000000005
2.477763207327042e+18	5.7
2.2683121746114637e+18	5.800000000000001
2.0859021160547912e+18	5.9
1.935840624598316e+18	6.0
1.7940984029809684e+18	6.1000000000000005
1.658257987100398e+18	6.2
1.5386124076027016e+18	6.300000000000001
1.4206120521197832e+18	6.4
1.31883364054799e+18	6.5
1.215465544395989e+18	6.6000000000000005
1.1211472285627793e+18	6.7
1.0330864624868352e+18	6.800000000000001
9.626516967049087e+17	6.9
8.799434217898737e+17	7.0
7.98448442324013e+17	7.1000000000000005
7.402160538832143e+17	7.2
6.724547367648371e+17	7.300000000000001
6.141475980879766e+17	7.4
5.5635688087391066e+17	7.5
5.03129391733998e+17	7.6000000000000005
4.512738037689229e+17	7.7
4.122272988842851e+17	7.800000000000001
3.658850857965147e+17	7.9
3.242246984737477e+17	8.0
2.8805545959519187e+17	8.1
2.557006444554016e+17	8.200000000000001
2.2342083661814464e+17	8.3
1.9442415190216118e+17	8.4
1.663739809940416e+17	8.5
1.394616982964745e+17	8.6
1.1480189845682656e+17	8.700000000000001
9.02508586554756e+16	8.8
6.436736920059526e+16	8.9
3.194624689688694e+16	9.0
0.0	9.1
0.0	9.200000000000001
0.0	9.3
0.0	9.4
0.0	9.5
0.0	9.600000000000001
0.0	9.700000000000001
0.0	9.8
0.0	9.9
