a = 8478.098553512918 м
b = 10388.898116161823 м
x0 = 4918.068709002717 м
vr = 1567.7490474582744 м/с
A0 = 0.8993090761023026 м
Xmax = 9661.832825517102 м
sigmaX = 4884.568637683282 м
sigmaY = 4093.586219499365 м
M0 = 1.6176601096082012e+19 Н*м - интегральное значение сейсмического момента
Mr_max = 3.1947689220138204e+18 Н*м/с - максимальное значение функции источника
1-ый столбец - источника
2-ой столбец - время
0.0	0.0
1320185550692988.8	0.1
1.6632330288031907e+17	0.2
3.3227670908225837e+17	0.30000000000000004
4.947411997857117e+17	0.4
6.507519372633e+17	0.5
8.072028277765308e+17	0.6000000000000001
9.586289809337736e+17	0.7000000000000001
1.1072949517752054e+18	0.8
1.256440009275796e+18	0.9
1.4152968476309036e+18	1.0
1.5442876140835543e+18	1.1
1.6815046063818644e+18	1.2000000000000002
1.812414521005669e+18	1.3
1.9402976762824184e+18	1.4000000000000001
2.0618685364801882e+18	1.5
2.1917303366214164e+18	1.6
2.2604690345508739e+18	1.7000000000000002
2.3797013318377037e+18	1.8
2.498151934155802e+18	1.9000000000000001
2.560721895451166e+18	2.0
2.659085353520626e+18	2.1
2.7582777512232335e+18	2.2
2.799825334449904e+18	2.3000000000000003
2.875709640133244e+18	2.4000000000000004
2.938022873686681e+18	2.5
2.9868281808411566e+18	2.6
3.032426949632464e+18	2.7
3.09397281839777e+18	2.8000000000000003
3.1125725554697533e+18	2.9000000000000004
3.1693178671687014e+18	3.0
3.1947689220138204e+18	3.1
3.1942018226574587e+18	3.2
3.140398432055831e+18	3.3000000000000003
3.101381354810843e+18	3.4000000000000004
3.0350537720278144e+18	3.5
3.0463451112584596e+18	3.6
2.9817048175551754e+18	3.7
2.9956206400796175e+18	3.8000000000000003
2.9703294736948884e+18	3.9000000000000004
2.969280834683299e+18	4.0
2.91590478518359e+18	4.1000000000000005
2.888335500291167e+18	4.2
2.822255971891889e+18	4.3
2.7914038924172457e+18	4.4
2.745719120142087e+18	4.5
2.7202692660807066e+18	4.6000000000000005
2.6682905490348216e+18	4.7
2.646964288739223e+18	4.800000000000001
2.56479145781057e+18	4.9
2.5329229475841546e+18	5.0
2.476750955110922e+18	5.1000000000000005
2.4178145888033623e+18	5.2
2.3675937308367887e+18	5.300000000000001
2.308240506513852e+18	5.4
2.2500720837223672e+18	5.5
2.189020749645071e+18	5.6000000000000005
2.1512395153399803e+18	5.7
2.0852578126903631e+18	5.800000000000001
2.0169414057676183e+18	5.9
1.961674557446322e+18	6.0
1.8696657740798044e+18	6.1000000000000005
1.8363808010229532e+18	6.2
1.7562850601268127e+18	6.300000000000001
1.698384902740479e+18	6.4
1.6467652551584005e+18	6.5
1.5883972459116982e+18	6.6000000000000005
1.5186925948869542e+18	6.7
1.4546033523389166e+18	6.800000000000001
1.4031327655046671e+18	6.9
1.3422452047024732e+18	7.0
1.2847374144939935e+18	7.1000000000000005
1.2243699464737551e+18	7.2
1.1679754449825528e+18	7.300000000000001
1.111690627323978e+18	7.4
1.0496823612923639e+18	7.5
9.829503181135455e+17	7.6000000000000005
9.088760940165974e+17	7.7
2.2316316843212378e+17	7.800000000000001
0.0	7.9
0.0	8.0
0.0	8.1
0.0	8.200000000000001
0.0	8.3
0.0	8.4
0.0	8.5
0.0	8.6
0.0	8.700000000000001
0.0	8.8
0.0	8.9
0.0	9.0
0.0	9.1
0.0	9.200000000000001
0.0	9.3
0.0	9.4
0.0	9.5
0.0	9.600000000000001
0.0	9.700000000000001
0.0	9.8
0.0	9.9
0.0	10.0
0.0	10.100000000000001
0.0	10.200000000000001
0.0	10.3
0.0	10.4
0.0	10.5
0.0	10.600000000000001
0.0	10.700000000000001
0.0	10.8
0.0	10.9
0.0	11.0
0.0	11.100000000000001
