a = 14263.034960424699 м
b = 12705.614347655212 м
x0 = 3151.4199578381103 м
vr = 1820.9681504269097 м/с
A0 = 1.7396942307163858 м
Xmax = 11499.100311137601 м
sigmaX = 4466.596824724258 м
sigmaY = 4339.9693642239 м
M0 = 3.56803161649145e+19 Н*м - интегральное значение сейсмического момента
Mr_max = 6.324964931130215e+18 Н*м/с - максимальное значение функции источника
1-ый столбец - источника
2-ой столбец - время
0.0	0.0
829960427093550.5	0.1
1.2115465641438347e+17	0.2
2.421050414260762e+17	0.30000000000000004
3.6312516541501434e+17	0.4
4.845935116815636e+17	0.5
6.121621752965277e+17	0.6000000000000001
7.360846128886506e+17	0.7000000000000001
8.595786866570164e+17	0.8
9.844706605950326e+17	0.9
1.1254632775525482e+18	1.0
1.2581272871877258e+18	1.1
1.3905445875567153e+18	1.2000000000000002
1.5370153205793132e+18	1.3
1.668882792218621e+18	1.4000000000000001
1.826650673603165e+18	1.5
1.9743621589602081e+18	1.6
2.1386607036722135e+18	1.7000000000000002
2.2904619139905016e+18	1.8
2.398253464279302e+18	1.9000000000000001
2.5429251230263163e+18	2.0
2.692211164162324e+18	2.1
2.8502138598518615e+18	2.2
3.006507780691531e+18	2.3000000000000003
3.1554025007653724e+18	2.4000000000000004
3.319414958057659e+18	2.5
3.514742413464344e+18	2.6
3.6783018961558405e+18	2.7
3.838273424456936e+18	2.8000000000000003
4.037715129886174e+18	2.9000000000000004
4.187035840918984e+18	3.0
4.335678038047432e+18	3.1
4.4617460653318666e+18	3.2
4.666632659393606e+18	3.3000000000000003
4.841221740848177e+18	3.4000000000000004
4.99475144847337e+18	3.5
5.125175117659492e+18	3.6
5.287269724184104e+18	3.7
5.382948060019451e+18	3.8000000000000003
5.504296110657652e+18	3.9000000000000004
5.624677194615143e+18	4.0
5.798269760103823e+18	4.1000000000000005
5.881531188774539e+18	4.2
5.961174918345626e+18	4.3
5.987785216315935e+18	4.4
6.070843852152793e+18	4.5
6.131320170286545e+18	4.6000000000000005
6.222590585669844e+18	4.7
6.241026676864217e+18	4.800000000000001
6.247432469407475e+18	4.9
6.262494186357786e+18	5.0
6.324964931130215e+18	5.1000000000000005
6.25858410909889e+18	5.2
6.23742658881059e+18	5.300000000000001
6.260729046144141e+18	5.4
6.126124351051661e+18	5.5
6.063810536422892e+18	5.6000000000000005
5.989270098435678e+18	5.7
5.965768615207707e+18	5.800000000000001
5.970533577300428e+18	5.9
5.811835383242256e+18	6.0
5.724104061104501e+18	6.1000000000000005
5.473911631552815e+18	6.2
5.477486002575611e+18	6.300000000000001
5.336015682403964e+18	6.4
5.225465632386897e+18	6.5
5.043271739585316e+18	6.6000000000000005
4.922574457337297e+18	6.7
4.792559978074526e+18	6.800000000000001
4.646174205975981e+18	6.9
4.4599354214507356e+18	7.0
4.324590565326827e+18	7.1000000000000005
4.183928194830945e+18	7.2
4.0062337077181476e+18	7.300000000000001
3.8554950049356667e+18	7.4
3.683120925228574e+18	7.5
3.5080030264526776e+18	7.6000000000000005
3.4126496885930184e+18	7.7
3.229788592130406e+18	7.800000000000001
3.0834029499855616e+18	7.9
2.908377268680424e+18	8.0
2.757121139810998e+18	8.1
2.615540405563824e+18	8.200000000000001
2.456691585144903e+18	8.3
2.3273902234444513e+18	8.4
2.1863302862730847e+18	8.5
2.0560582804976676e+18	8.6
1.9297504105963226e+18	8.700000000000001
1.8028596597043154e+18	8.8
1.6995499967377208e+18	8.9
1.5786901513611474e+18	9.0
1.4757930624127596e+18	9.1
1.3689081198149169e+18	9.200000000000001
1.2702320934648297e+18	9.3
1.1818183375702397e+18	9.4
1.0847661493277946e+18	9.5
1.005974871242672e+18	9.600000000000001
9.280780449203542e+17	9.700000000000001
8.56826512338854e+17	9.8
7.879795158780022e+17	9.9
7.17654008717699e+17	10.0
6.618655562453591e+17	10.100000000000001
6.043001880062966e+17	10.200000000000001
5.499411348592931e+17	10.3
4.9839031968088794e+17	10.4
4.569979242919677e+17	10.5
4.160056296515295e+17	10.600000000000001
3.732185302813864e+17	10.700000000000001
3.3638933905125805e+17	10.8
3.046413048521789e+17	10.9
2.7336021774838243e+17	11.0
2.4703037876190173e+17	11.100000000000001
2.210605663220264e+17	11.200000000000001
1.969143909860599e+17	11.3
1.7739889098526406e+17	11.4
1.5651994863261962e+17	11.5
1.4057405881492064e+17	11.600000000000001
1.2337781134460845e+17	11.700000000000001
1.0985335785770982e+17	11.8
9.68134710131422e+16	11.9
8.499329592685718e+16	12.0
7.53889432001644e+16	12.100000000000001
6.5770822584771144e+16	12.200000000000001
5.73325440403999e+16	12.3
4.988572952528546e+16	12.4
4.357435287401464e+16	12.5
3.761144586955524e+16	12.600000000000001
3.2576910337095748e+16	12.700000000000001
2.8048942783871476e+16	12.8
2.4028155407867948e+16	12.9
2.0338621048161756e+16	13.0
1.725466563427145e+16	13.100000000000001
1.445883013006056e+16	13.200000000000001
1.205942562298965e+16	13.3
9909145839486490.0	13.4
8102550702251667.0	13.5
6468840697603043.0	13.600000000000001
5044959118780214.0	13.700000000000001
3731050704483448.0	13.8
2504054488263235.0	13.9
1140589877209925.0	14.0
0.0	14.100000000000001
0.0	14.200000000000001
0.0	14.3
0.0	14.4
0.0	14.5
0.0	14.600000000000001
0.0	14.700000000000001
0.0	14.8
0.0	14.9
