a = 17856.88241953213 м
b = 16510.135924471397 м
x0 = 10200.479710398235 м
vr = 1939.47983859865 м/с
A0 = 1.6893281726740486 м
Xmax = 17687.484925883866 м
sigmaX = 4168.831448787334 м
sigmaY = 4001.354850694323 м
M0 = 3.0678805469748724e+19 Н*м - интегральное значение сейсмического момента
Mr_max = 6.192205711775099e+18 Н*м/с - максимальное значение функции источника
1-ый столбец - источника
2-ой столбец - время
0.0	0.0
981618727861586.5	0.1
1.5216696463609494e+17	0.2
3.058836932376703e+17	0.30000000000000004
4.5870821941075354e+17	0.4
6.117386810902461e+17	0.5
7.666196390916952e+17	0.6000000000000001
9.223584209791077e+17	0.7000000000000001
1.0744036247606821e+18	0.8
1.2480619411469181e+18	0.9
1.4130823189845315e+18	1.0
1.5815607663356541e+18	1.1
1.7459035726028288e+18	1.2000000000000002
1.9268744951492608e+18	1.3
2.1114979220900111e+18	1.4000000000000001
2.2862657965608556e+18	1.5
2.4710166967946266e+18	1.6
2.6705255594912594e+18	1.7000000000000002
2.868003285403103e+18	1.8
3.04468136656073e+18	1.9000000000000001
3.2423187475080945e+18	2.0
3.418281370496177e+18	2.1
3.577336129098365e+18	2.2
3.799142277924213e+18	2.3000000000000003
4.0109880800580567e+18	2.4000000000000004
4.227456079937933e+18	2.5
4.3814478177614054e+18	2.6
4.5494119651725307e+18	2.7
4.733955024938387e+18	2.8000000000000003
4.933029542428338e+18	2.9000000000000004
5.035438036327281e+18	3.0
5.222117565078759e+18	3.1
5.370535407365304e+18	3.2
5.537707063154438e+18	3.3000000000000003
5.641125711719396e+18	3.4000000000000004
5.702796273761015e+18	3.5
5.804088119804401e+18	3.6
5.912995021895914e+18	3.7
6.022758751081569e+18	3.8000000000000003
6.084848932353701e+18	3.9000000000000004
6.104647112321484e+18	4.0
6.14911397749562e+18	4.1000000000000005
6.192205711775099e+18	4.2
6.140984060762293e+18	4.3
6.179900846473314e+18	4.4
6.139443493200941e+18	4.5
6.102541644065073e+18	4.6000000000000005
6.043172851259954e+18	4.7
5.989929719600402e+18	4.800000000000001
5.883473909225229e+18	4.9
5.809399033227241e+18	5.0
5.657333815387977e+18	5.1000000000000005
5.603917942179107e+18	5.2
5.527176005618971e+18	5.300000000000001
5.359016130896121e+18	5.4
5.170550615316759e+18	5.5
5.068970753932507e+18	5.6000000000000005
4.925927301044875e+18	5.7
4.73251718126522e+18	5.800000000000001
4.5813678837906985e+18	5.9
4.3835847713777853e+18	6.0
4.227686906772529e+18	6.1000000000000005
4.0353920030708454e+18	6.2
3.8506041192130724e+18	6.300000000000001
3.664144375504868e+18	6.4
3.47475992061613e+18	6.5
3.303658522679802e+18	6.6000000000000005
3.164395294053075e+18	6.7
2.9781940207663657e+18	6.800000000000001
2.7896561119518725e+18	6.9
2.6270814256912737e+18	7.0
2.480729322600714e+18	7.1000000000000005
2.3302659624434493e+18	7.2
2.163807581557653e+18	7.300000000000001
2.035653300992152e+18	7.4
1.8954643010612045e+18	7.5
1.7493004198826744e+18	7.6000000000000005
1.6069210905639706e+18	7.7
1.4934529169170163e+18	7.800000000000001
1.3774356468969723e+18	7.9
1.2721207218147622e+18	8.0
1.161669419090742e+18	8.1
1.0636266563539706e+18	8.200000000000001
9.703313102337915e+17	8.3
8.876575355014194e+17	8.4
8.064853428300753e+17	8.5
7.412567772340293e+17	8.6
6.685566216062284e+17	8.700000000000001
6.002696527585036e+17	8.8
5.454221420819152e+17	8.9
4.910370674579142e+17	9.0
4.372440185792743e+17	9.1
3.925755928540772e+17	9.200000000000001
3.5132348380011603e+17	9.3
3.1322482389103974e+17	9.4
2.7770492053336995e+17	9.5
2.4569280085788467e+17	9.600000000000001
2.1918814175594147e+17	9.700000000000001
1.9273317418505738e+17	9.8
1.7183817335171235e+17	9.9
1.505183726810752e+17	10.0
1.3102409456687658e+17	10.100000000000001
1.1636757372913848e+17	10.200000000000001
1.0091952870524488e+17	10.3
8.844031615868512e+16	10.4
7.713638336918014e+16	10.5
6.629672473300343e+16	10.600000000000001
5.758370220335155e+16	10.700000000000001
4.969899879365379e+16	10.8
4.291513796015251e+16	10.9
3.693275435741653e+16	11.0
3.165310530610509e+16	11.100000000000001
2.722451759189699e+16	11.200000000000001
2.307799925926325e+16	11.3
1.9683878049354184e+16	11.4
1.6666849718446132e+16	11.5
1.4112845069594838e+16	11.600000000000001
1.1966613187292824e+16	11.700000000000001
1.0077411841120764e+16	11.8
8404033551139016.0	11.9
7045344221223947.0	12.0
5855908132822490.0	12.100000000000001
4867290201357880.0	12.200000000000001
4001841770127059.5	12.3
3292556706959522.0	12.4
2678945933193670.5	12.5
2141664337237059.2	12.600000000000001
1719510906608770.8	12.700000000000001
1343625489441838.8	12.8
1028186861722450.9	12.9
753333644102928.1	13.0
511376355453318.6	13.100000000000001
265390951697249.78	13.200000000000001
0.0	13.3
0.0	13.4
0.0	13.5
0.0	13.600000000000001
0.0	13.700000000000001
0.0	13.8
0.0	13.9
0.0	14.0
0.0	14.100000000000001
