a = 16830.34748763559 м
b = 15605.884153673715 м
x0 = 10743.450800795083 м
vr = 2142.2642144348993 м/с
A0 = 0.9136458485356984 м
Xmax = 13541.328604451803 м
sigmaX = 4446.656160987696 м
sigmaY = 4836.166799614225 м
M0 = 2.1833661065432494e+19 Н*м - интегральное значение сейсмического момента
Mr_max = 5.731948697131403e+18 Н*м/с - максимальное значение функции источника
1-ый столбец - источника
2-ой столбец - время
0.0	0.0
2409171931196019.5	0.1
4.141305593091964e+17	0.2
8.238731925576824e+17	0.30000000000000004
1.2271074692042578e+18	0.4
1.610694786936286e+18	0.5
1.9956570066588024e+18	0.6000000000000001
2.3784473576787436e+18	0.7000000000000001
2.7228025909322824e+18	0.8
3.0618953530282056e+18	0.9
3.3948045571592986e+18	1.0
3.719445261592983e+18	1.1
3.99388891898794e+18	1.2000000000000002
4.27359584268143e+18	1.3
4.476185506650149e+18	1.4000000000000001
4.72558430619424e+18	1.5
4.947363133267888e+18	1.6
5.129360491161966e+18	1.7000000000000002
5.27568146308245e+18	1.8
5.402333783604001e+18	1.9000000000000001
5.505994586997452e+18	2.0
5.640512907388473e+18	2.1
5.666894571458144e+18	2.2
5.718162202817327e+18	2.3000000000000003
5.728281590277201e+18	2.4000000000000004
5.731948697131403e+18	2.5
5.72871643824206e+18	2.6
5.691926010347251e+18	2.7
5.586608483432667e+18	2.8000000000000003
5.521245466737517e+18	2.9000000000000004
5.435530983195804e+18	3.0
5.342993496137747e+18	3.1
5.158413232287771e+18	3.2
5.066945725199858e+18	3.3000000000000003
4.90093243007479e+18	3.4000000000000004
4.796256069943547e+18	3.5
4.632875309605316e+18	3.6
4.425941250882034e+18	3.7
4.2549778025919094e+18	3.8000000000000003
4.083819754514453e+18	3.9000000000000004
3.9025992988909737e+18	4.0
3.745831922094273e+18	4.1000000000000005
3.5280955372452654e+18	4.2
3.361058496505673e+18	4.3
3.159778197939523e+18	4.4
3.005760047424921e+18	4.5
2.8318793888490685e+18	4.6000000000000005
2.6426782102051236e+18	4.7
2.4772628367387684e+18	4.800000000000001
2.3010262647883597e+18	4.9
2.1776187093112591e+18	5.0
2.0083661615356872e+18	5.1000000000000005
1.8500424017484813e+18	5.2
1.6909024298785213e+18	5.300000000000001
1.560470809807999e+18	5.4
1.435302911896501e+18	5.5
1.3069810986662577e+18	5.6000000000000005
1.1910942332062556e+18	5.7
1.086101829214573e+18	5.800000000000001
9.805232255697233e+17	5.9
8.902959087729807e+17	6.0
8.010035947874706e+17	6.1000000000000005
7.32469542840068e+17	6.2
6.56624743425968e+17	6.300000000000001
5.85603354487592e+17	6.4
5.295835186556146e+17	6.5
4.693253710749617e+17	6.6000000000000005
4.186821324249273e+17	6.7
3.70807257337322e+17	6.800000000000001
3.270481464405922e+17	6.9
2.8923218447471456e+17	7.0
2.5364929411116246e+17	7.1000000000000005
2.2377171071399037e+17	7.2
1.9475816891305306e+17	7.300000000000001
1.697780742281689e+17	7.4
1.473327916772573e+17	7.5
1.2732074200570878e+17	7.6000000000000005
1.108276445581261e+17	7.7
9.442171176232946e+16	7.800000000000001
8.184556583955125e+16	7.9
7.017729729819452e+16	8.0
5.8669531486908904e+16	8.1
5.020968687349131e+16	8.200000000000001
4.275105667929188e+16	8.3
3.5954801484537236e+16	8.4
2.9913758859155584e+16	8.5
2.4996081759585356e+16	8.6
2.1152485359589548e+16	8.700000000000001
1.726443066809864e+16	8.8
1.436885230162769e+16	8.9
1.1784173769532106e+16	9.0
9629992676462286.0	9.1
7946379446245008.0	9.200000000000001
6393373629061230.0	9.3
5156790249792509.0	9.4
4157846860191649.0	9.5
3305973117464471.5	9.600000000000001
2603276855397723.5	9.700000000000001
2069712470461906.2	9.8
1632022591822279.5	9.9
1259174857764000.5	10.0
967928145017326.6	10.100000000000001
735106257347013.8	10.200000000000001
546749117732767.0	10.3
400224960806296.7	10.4
278985593580755.28	10.5
186058233047683.1	10.600000000000001
105670792194583.19	10.700000000000001
0.0	10.8
0.0	10.9
0.0	11.0
0.0	11.100000000000001
0.0	11.200000000000001
0.0	11.3
0.0	11.4
0.0	11.5
0.0	11.600000000000001
