a = 11281.39803987107 м
b = 9362.050305573011 м
x0 = 2714.6629351572947 м
vr = 1973.389958064652 м/с
A0 = 1.0860211037585428 м
Xmax = 13983.02529064303 м
sigmaX = 4580.619628759126 м
sigmaY = 4071.662818728289 м
M0 = 1.884206289771338e+19 Н*м - интегральное значение сейсмического момента
Mr_max = 3.60827539277808e+18 Н*м/с - максимальное значение функции источника
1-ый столбец - источника
2-ой столбец - время
0.0	0.0
155999759886531.06	0.1
2.489578422851442e+16	0.2
4.9708006113851816e+16	0.30000000000000004
7.496564440962507e+16	0.4
1.0010658467094203e+17	0.5
1.2670732292798989e+17	0.6000000000000001
1.5597661846578163e+17	0.7000000000000001
1.844467279907909e+17	0.8
2.1634441736772598e+17	0.9
2.4811647782501747e+17	1.0
2.8041816544249862e+17	1.1
3.198416197482483e+17	1.2000000000000002
3.59331315038907e+17	1.3
3.989823213739421e+17	1.4000000000000001
4.3825052626235136e+17	1.5
4.8149380208005664e+17	1.6
5.289920069642097e+17	1.7000000000000002
5.784400048329764e+17	1.8
6.316759873743574e+17	1.9000000000000001
6.8801936388614e+17	2.0
7.466486629987283e+17	2.1
8.105764542872044e+17	2.2
8.92139865262481e+17	2.3000000000000003
9.678802756474468e+17	2.4000000000000004
1.0302228318306611e+18	2.5
1.1031657680912134e+18	2.6
1.2073208396921088e+18	2.7
1.2821900136668173e+18	2.8000000000000003
1.3599908457278218e+18	2.9000000000000004
1.459528218321801e+18	3.0
1.5474972274421855e+18	3.1
1.6446453595536975e+18	3.2
1.7148893495115912e+18	3.3000000000000003
1.8239542982142623e+18	3.4000000000000004
1.9378906416913562e+18	3.5
2.029660965209172e+18	3.6
2.129780654457651e+18	3.7
2.235273577097669e+18	3.8000000000000003
2.3305028266943744e+18	3.9000000000000004
2.433420461022054e+18	4.0
2.524347455873146e+18	4.1000000000000005
2.6284686101472584e+18	4.2
2.7392182379439836e+18	4.3
2.819622887408806e+18	4.4
2.89333774208027e+18	4.5
2.9620668195562844e+18	4.6000000000000005
3.061385942290954e+18	4.7
3.126303149572107e+18	4.800000000000001
3.180836525937872e+18	4.9
3.2567211448334505e+18	5.0
3.326802564164359e+18	5.1000000000000005
3.3765705412237025e+18	5.2
3.4204593858272394e+18	5.300000000000001
3.48351067494043e+18	5.4
3.513965920715733e+18	5.5
3.5389207907642296e+18	5.6000000000000005
3.5554375995870787e+18	5.7
3.60827539277808e+18	5.800000000000001
3.6029496849928125e+18	5.9
3.5704714508430694e+18	6.0
3.582061192864553e+18	6.1000000000000005
3.573323920493703e+18	6.2
3.544331775166977e+18	6.300000000000001
3.491704805405992e+18	6.4
3.505020401284575e+18	6.5
3.418119454765477e+18	6.6000000000000005
3.405990871961628e+18	6.7
3.3269375933980897e+18	6.800000000000001
3.3084963284983066e+18	6.9
3.193577305028427e+18	7.0
3.1520617007832305e+18	7.1000000000000005
3.0848227804138317e+18	7.2
2.9735444091028316e+18	7.300000000000001
2.896377670676314e+18	7.4
2.799380342800781e+18	7.5
2.744887297347385e+18	7.6000000000000005
2.636303442914158e+18	7.7
2.515249680340164e+18	7.800000000000001
2.437067066074147e+18	7.9
2.3387759668801684e+18	8.0
2.2379453940512302e+18	8.1
2.131368765878392e+18	8.200000000000001
2.0299748051133033e+18	8.3
1.9282960446449567e+18	8.4
1.8219177673980506e+18	8.5
1.7164428877589798e+18	8.6
1.6224294600427041e+18	8.700000000000001
1.521321036047377e+18	8.8
1.4046127295701284e+18	8.9
1.312739773364459e+18	9.0
1.2109920731510067e+18	9.1
1.1150474580398628e+18	9.200000000000001
1.0186159298771679e+18	9.3
9.21934540476604e+17	9.4
8.315169349487075e+17	9.5
7.366242808182867e+17	9.600000000000001
6.414820615733595e+17	9.700000000000001
5.4478619424070694e+17	9.8
4.4778045290833517e+17	9.9
3.3555026245819046e+17	10.0
1.9749576390625658e+17	10.100000000000001
0.0	10.200000000000001
0.0	10.3
0.0	10.4
0.0	10.5
0.0	10.600000000000001
0.0	10.700000000000001
0.0	10.8
0.0	10.9
0.0	11.0
