a = 5598.721834559668 м
b = 4106.408158802977 м
x0 = 2669.4726336210897 м
vr = 2063.7392836885897 м/с
A0 = 0.8369140172919902 м
Xmax = 5780.876744885459 м
sigmaX = 4591.272231092739 м
sigmaY = 4646.8364133160685 м
M0 = 7.817018390560721e+18 Н*м - интегральное значение сейсмического момента
Mr_max = 3.393264090664532e+18 Н*м/с - максимальное значение функции источника
1-ый столбец - источника
2-ой столбец - время
0.0	0.0
2059379654443100.8	0.1
3.396292283373408e+17	0.2
6.69550948533443e+17	0.30000000000000004
9.942302461240148e+17	0.4
1.3040429759879744e+18	0.5
1.6321377996444088e+18	0.6000000000000001
1.914128127606654e+18	0.7000000000000001
2.2006915638792963e+18	0.8
2.460469629424297e+18	0.9
2.744717070455678e+18	1.0
2.9716148326949775e+18	1.1
3.156812589785658e+18	1.2000000000000002
3.393264090664532e+18	1.3
3.36593200341839e+18	1.4000000000000001
2.9316973395123e+18	1.5
2.851632025508097e+18	1.6
2.7955870219920696e+18	1.7000000000000002
2.744077528817147e+18	1.8
2.6752331498932424e+18	1.9000000000000001
2.6127266836096886e+18	2.0
2.5591958019423104e+18	2.1
2.527365475336686e+18	2.2
2.3869791919767363e+18	2.3000000000000003
2.4202120376763914e+18	2.4000000000000004
2.3014411171624658e+18	2.5
2.1626641186090284e+18	2.6
2.1012559200875825e+18	2.7
2.000366995227528e+18	2.8000000000000003
1.8892665745877012e+18	2.9000000000000004
1.8030501234701601e+18	3.0
1.6777231473174687e+18	3.1
1.57120863307308e+18	3.2
1.46411571687752e+18	3.3000000000000003
1.3626305808323238e+18	3.4000000000000004
1.228994369880812e+18	3.5
1.1177767897327643e+18	3.6
9.834102348317516e+17	3.7
8.733405655166222e+17	3.8000000000000003
7.361458642403946e+17	3.9000000000000004
5.939260795945304e+17	4.0
4.3653865007909254e+17	4.1000000000000005
2.1234168201063155e+17	4.2
0.0	4.3
0.0	4.4
0.0	4.5
0.0	4.6000000000000005
0.0	4.7
0.0	4.800000000000001
0.0	4.9
0.0	5.0
0.0	5.1000000000000005
