a = 11703.663402185 м
b = 8469.058916348875 м
x0 = 10152.897012169668 м
vr = 1709.6001845069613 м/с
A0 = 2.004828705900623 м
Xmax = 11064.640395289742 м
sigmaX = 4709.868585526359 м
sigmaY = 4540.740928922724 м
M0 = 4.124970967390343e+19 Н*м - интегральное значение сейсмического момента
Mr_max = 1.0467957817595281e+19 Н*м/с - максимальное значение функции источника
1-ый столбец - источника
2-ой столбец - время
0.0	0.0
5046185965683103.0	0.1
6.90877026842369e+17	0.2
1.3689863542840942e+18	0.30000000000000004
2.0314036945425981e+18	0.4
2.695361580704356e+18	0.5
3.339917335527224e+18	0.6000000000000001
3.9753314072719104e+18	0.7000000000000001
4.575181236863991e+18	0.8
5.129069498644697e+18	0.9
5.70559358399016e+18	1.0
6.197290910462583e+18	1.1
6.720335603660932e+18	1.2000000000000002
7.235625068289274e+18	1.3
7.614975381611124e+18	1.4000000000000001
8.115286060915475e+18	1.5
8.477869893724989e+18	1.6
8.798357110741233e+18	1.7000000000000002
9.134706998470977e+18	1.8
9.41780405972063e+18	1.9000000000000001
9.592912790645408e+18	2.0
9.900919136055855e+18	2.1
9.985829630313685e+18	2.2
1.016355497181752e+19	2.3000000000000003
1.0279002373347811e+19	2.4000000000000004
1.0374103138367592e+19	2.5
1.0442874925967974e+19	2.6
1.0467957817595281e+19	2.7
1.0379572950862787e+19	2.8000000000000003
1.0284596018844766e+19	2.9000000000000004
1.0327768640290966e+19	3.0
1.014188840730862e+19	3.1
1.0168522469961398e+19	3.2
9.985729181664268e+18	3.3000000000000003
9.756704660257933e+18	3.4000000000000004
9.665482419594357e+18	3.5
9.371322514763385e+18	3.6
9.206277601109114e+18	3.7
8.982806570364066e+18	3.8000000000000003
8.717467095875504e+18	3.9000000000000004
8.508409807824115e+18	4.0
8.23764979665457e+18	4.1000000000000005
7.952421848185332e+18	4.2
7.693416538990568e+18	4.3
7.393741636096656e+18	4.4
7.068973936242263e+18	4.5
6.859216839192049e+18	4.6000000000000005
6.510171728235692e+18	4.7
6.215787889725242e+18	4.800000000000001
5.981058658094731e+18	4.9
5.138415284078449e+18	5.0
4.366090012975862e+18	5.1000000000000005
3.8627444935291325e+18	5.2
3.408406797771396e+18	5.300000000000001
3.0304260640321853e+18	5.4
2.6911489164564024e+18	5.5
2.405978088116354e+18	5.6000000000000005
2.1256404542061578e+18	5.7
1.8550752843293453e+18	5.800000000000001
1.5925790375159887e+18	5.9
1.3614465285883784e+18	6.0
1.1565767780572703e+18	6.1000000000000005
1.0219933309184726e+18	6.2
9.297595672100056e+17	6.300000000000001
8.248410927447885e+17	6.4
7.421962634992676e+17	6.5
6.620111632757421e+17	6.6000000000000005
5.86024293408935e+17	6.7
5.157228095970516e+17	6.800000000000001
4.50187425392413e+17	6.9
3.9514366362776954e+17	7.0
3.4163373371902835e+17	7.1000000000000005
2.918446146653488e+17	7.2
2.4737257039431603e+17	7.300000000000001
2.069034855686808e+17	7.4
1.6799094750045834e+17	7.5
1.2993724083445456e+17	7.6000000000000005
9.311236334686005e+16	7.7
5.073344718985822e+16	7.800000000000001
0.0	7.9
0.0	8.0
0.0	8.1
0.0	8.200000000000001
0.0	8.3
0.0	8.4
0.0	8.5
0.0	8.6
0.0	8.700000000000001
