a = 4922.300138566733 м
b = 6370.157713406132 м
x0 = 4477.229464212791 м
vr = 1635.440103436391 м/с
A0 = 2.188497244899385 м
Xmax = 4516.287442144338 м
sigmaX = 4998.041961215746 м
sigmaY = 4516.040260978341 м
M0 = 2.4385069978158895e+19 Н*м - интегральное значение сейсмического момента
Mr_max = 9.808005606985427e+18 Н*м/с - максимальное значение функции источника
1-ый столбец - источника
2-ой столбец - время
0.0	0.0
5368592743242721.0	0.1
7.028606065575773e+17	0.2
1.3817745455622034e+18	0.30000000000000004
2.0664697791387374e+18	0.4
2.71188943864816e+18	0.5
3.369023852055008e+18	0.6000000000000001
3.909269124891307e+18	0.7000000000000001
4.5255465956965586e+18	0.8
5.027742634970915e+18	0.9
5.62153042357646e+18	1.0
6.05922370223467e+18	1.1
6.543539961696409e+18	1.2000000000000002
7.070104617141746e+18	1.3
7.451526491552532e+18	1.4000000000000001
7.837914515956125e+18	1.5
8.149702657176859e+18	1.6
8.535198922667955e+18	1.7000000000000002
8.717940887937929e+18	1.8
8.860753620766821e+18	1.9000000000000001
9.26089903190523e+18	2.0
9.451414990516404e+18	2.1
9.630518750268715e+18	2.2
9.556030779999535e+18	2.3000000000000003
9.781862025611602e+18	2.4000000000000004
9.805126007234863e+18	2.5
9.763267619548393e+18	2.6
9.689236816559966e+18	2.7
9.808005606985427e+18	2.8000000000000003
8.704304738867038e+18	2.9000000000000004
7.979000122243027e+18	3.0
7.432966379798376e+18	3.1
7.07952901843979e+18	3.2
6.635757717379315e+18	3.3000000000000003
5.721671207093477e+18	3.4000000000000004
4.4394375449161866e+18	3.5
3.5859327308451174e+18	3.6
2.8396805815189105e+18	3.7
2.146780077786503e+18	3.8000000000000003
1.4512203888819433e+18	3.9000000000000004
5.40676674217888e+17	4.0
0.0	4.1000000000000005
0.0	4.2
0.0	4.3
0.0	4.4
0.0	4.5
0.0	4.6000000000000005
0.0	4.7
0.0	4.800000000000001
0.0	4.9
0.0	5.0
0.0	5.1000000000000005
0.0	5.2
0.0	5.300000000000001
0.0	5.4
0.0	5.5
0.0	5.6000000000000005
0.0	5.7
0.0	5.800000000000001
0.0	5.9
0.0	6.0
