a = 12497.188342166319 м
b = 13495.137469505682 м
x0 = 10905.714115149252 м
vr = 1944.9850414924176 м/с
A0 = 1.114589689749098 м
Xmax = 12767.91027604947 м
sigmaX = 4696.398149303157 м
sigmaY = 4858.397396144335 м
M0 = 2.6606088312382136e+19 Н*м - интегральное значение сейсмического момента
Mr_max = 6.659020840645984e+18 Н*м/с - максимальное значение функции источника
1-ый столбец - источника
2-ой столбец - время
0.0	0.0
3007035719251757.0	0.1
4.6875499139060717e+17	0.2
9.291885686860038e+17	0.30000000000000004
1.3733267706249334e+18	0.4
1.8383697975183386e+18	0.5
2.2443416888826207e+18	0.6000000000000001
2.6817553374696105e+18	0.7000000000000001
3.0809749887834117e+18	0.8
3.467290174712212e+18	0.9
3.831483647795497e+18	1.0
4.1664392716144973e+18	1.1
4.484653450526779e+18	1.2000000000000002
4.805005725337608e+18	1.3
5.099184831581529e+18	1.4000000000000001
5.330548027236941e+18	1.5
5.59456977172501e+18	1.6
5.815391104365203e+18	1.7000000000000002
5.979067448068812e+18	1.8
6.162001064500001e+18	1.9000000000000001
6.303700366463909e+18	2.0
6.427305350732349e+18	2.1
6.484651567650518e+18	2.2
6.54641761778245e+18	2.3000000000000003
6.630903565778211e+18	2.4000000000000004
6.659020840645984e+18	2.5
6.649650533666181e+18	2.6
6.58434546755034e+18	2.7
6.632262252468022e+18	2.8000000000000003
6.506559301030562e+18	2.9000000000000004
6.43304151611741e+18	3.0
6.363401044111353e+18	3.1
6.248720023540388e+18	3.2
6.09996670342698e+18	3.3000000000000003
5.947658020008143e+18	3.4000000000000004
5.837275701200258e+18	3.5
5.650056418975468e+18	3.6
5.487345696604285e+18	3.7
5.323648931141455e+18	3.8000000000000003
5.132723038202771e+18	3.9000000000000004
4.949019054182375e+18	4.0
4.750819671372317e+18	4.1000000000000005
4.573328151898585e+18	4.2
4.378654362156083e+18	4.3
4.1630096409693793e+18	4.4
3.9746220473733417e+18	4.5
3.7910583279884785e+18	4.6000000000000005
3.6091585554019784e+18	4.7
3.3971818449514583e+18	4.800000000000001
3.2157995056498094e+18	4.9
3.0312432268728387e+18	5.0
2.8401378333602186e+18	5.1000000000000005
2.6979054093901527e+18	5.2
2.524365683378536e+18	5.300000000000001
2.35028457626976e+18	5.4
2.1976609707750226e+18	5.5
2.0308009530862643e+18	5.6000000000000005
1.9021691090067136e+18	5.7
1.7094219454291392e+18	5.800000000000001
1.5565714428316065e+18	5.9
1.4153942019994112e+18	6.0
1.297347647790201e+18	6.1000000000000005
1.1796877644996995e+18	6.2
1.0705337708234126e+18	6.300000000000001
9.67878964035794e+17	6.4
8.773819065864892e+17	6.5
7.946202198758483e+17	6.6000000000000005
7.118747390648476e+17	6.7
6.36003230883178e+17	6.800000000000001
5.652875402742656e+17	6.9
4.9874057570612096e+17	7.0
4.341846304580953e+17	7.1000000000000005
3.673449299470654e+17	7.2
2.973830358970166e+17	7.300000000000001
0.0	7.4
0.0	7.5
0.0	7.6000000000000005
0.0	7.7
0.0	7.800000000000001
0.0	7.9
0.0	8.0
0.0	8.1
0.0	8.200000000000001
0.0	8.3
0.0	8.4
0.0	8.5
0.0	8.6
0.0	8.700000000000001
0.0	8.8
0.0	8.9
0.0	9.0
0.0	9.1
0.0	9.200000000000001
