a = 8388.259394193945 м
b = 8102.6150371380845 м
x0 = 5924.119047292777 м
vr = 1606.9055879235648 м/с
A0 = 1.8791474290460999 м
Xmax = 7370.057067750454 м
sigmaX = 4237.920143663919 м
sigmaY = 4121.023803165633 м
M0 = 2.9862728871776338e+19 Н*м - интегральное значение сейсмического момента
Mr_max = 8.096621697880099e+18 Н*м/с - максимальное значение функции источника
1-ый столбец - источника
2-ой столбец - время
0.0	0.0
4273610633535847.5	0.1
5.5526014356543194e+17	0.2
1.1040370027433256e+18	0.30000000000000004
1.6182500177080284e+18	0.4
2.1387802924498304e+18	0.5
2.645398839106989e+18	0.6000000000000001
3.1636659469711037e+18	0.7000000000000001
3.6316398020895514e+18	0.8
4.0881056332984827e+18	0.9
4.5135412791571773e+18	1.0
4.965940939524439e+18	1.1
5.306110031741687e+18	1.2000000000000002
5.681122982730573e+18	1.3
6.002769068130466e+18	1.4000000000000001
6.308775550306898e+18	1.5
6.690464555593324e+18	1.6
6.922586430314788e+18	1.7000000000000002
7.178437410300032e+18	1.8
7.387180559646104e+18	1.9000000000000001
7.548017781723813e+18	2.0
7.70149553140395e+18	2.1
7.864703250233289e+18	2.2
7.942495660737763e+18	2.3000000000000003
8.005947290597818e+18	2.4000000000000004
8.096621697880099e+18	2.5
8.051085587358596e+18	2.6
8.066618779404136e+18	2.7
7.995445778657641e+18	2.8000000000000003
8.008879286575272e+18	2.9000000000000004
7.88760992535067e+18	3.0
7.776932883227268e+18	3.1
7.713880176347021e+18	3.2
7.558075249751335e+18	3.3000000000000003
7.448202708891866e+18	3.4000000000000004
7.311233869193413e+18	3.5
7.131561497769171e+18	3.6
6.910795217177283e+18	3.7
6.507230615512159e+18	3.8000000000000003
5.907171171373138e+18	3.9000000000000004
5.518398631720698e+18	4.0
5.192516405301297e+18	4.1000000000000005
4.822184018775265e+18	4.2
4.503123169921212e+18	4.3
4.24216968255937e+18	4.4
4.005703510214376e+18	4.5
3.710078124876175e+18	4.6000000000000005
3.495909088720536e+18	4.7
3.23015534167413e+18	4.800000000000001
3.043007405898123e+18	4.9
2.834446968041347e+18	5.0
2.582356054872796e+18	5.1000000000000005
2.397828843263256e+18	5.2
2.1767841687162383e+18	5.300000000000001
2.029705950572241e+18	5.4
1.8565382422661612e+18	5.5
1.6973414338189809e+18	5.6000000000000005
1.526793374603682e+18	5.7
1.3858854049071516e+18	5.800000000000001
1.2446141797950784e+18	5.9
1.1096100019934193e+18	6.0
9.882603757087532e+17	6.1000000000000005
8.567512180825855e+17	6.2
7.45880112155594e+17	6.300000000000001
6.382160363955036e+17	6.4
5.3482787779270886e+17	6.5
4.258124153740348e+17	6.6000000000000005
3.143475154568578e+17	6.7
1.776991091082864e+17	6.800000000000001
0.0	6.9
0.0	7.0
0.0	7.1000000000000005
0.0	7.2
0.0	7.300000000000001
0.0	7.4
0.0	7.5
0.0	7.6000000000000005
0.0	7.7
