a = 17410.211582782293 м
b = 15402.131861100837 м
x0 = 2594.0878617986914 м
vr = 2039.9896000165559 м/с
A0 = 1.0869622502923793 м
Xmax = 15627.862029885426 м
sigmaX = 4423.7135003524845 м
sigmaY = 4791.511130544875 м
M0 = 2.40858242278129e+19 Н*м - интегральное значение сейсмического момента
Mr_max = 4.559540699471336e+18 Н*м/с - максимальное значение функции источника
1-ый столбец - источника
2-ой столбец - время
0.0	0.0
43366750180175.92	0.1
7110452271191696.0	0.2
1.4419143427808556e+16	0.30000000000000004
2.1953978420426796e+16	0.4
3.0094669854488456e+16	0.5
3.8440690243958104e+16	0.6000000000000001
4.7089309550744696e+16	0.7000000000000001
5.8233135212146264e+16	0.8
6.936382340769804e+16	0.9
8.197022998936987e+16	1.0
9.601675237245426e+16	1.1
1.112063874314285e+17	1.2000000000000002
1.2931735734088789e+17	1.3
1.4646748315422784e+17	1.4000000000000001
1.6802517262033616e+17	1.5
1.9072171924040384e+17	1.6
2.1502351479353933e+17	1.7000000000000002
2.466891890113353e+17	1.8
2.7810776476408374e+17	1.9000000000000001
3.112645203997077e+17	2.0
3.515877320888832e+17	2.1
3.954969092030352e+17	2.2
4.413785547591858e+17	2.3000000000000003
4.8578820041634445e+17	2.4000000000000004
5.372542111321107e+17	2.5
5.977098308296682e+17	2.6
6.551064751024911e+17	2.7
7.27108320156361e+17	2.8000000000000003
7.88334379287653e+17	2.9000000000000004
8.685011327530994e+17	3.0
9.516018751517805e+17	3.1
1.0368437750112273e+18	3.2
1.1173511035791569e+18	3.3000000000000003
1.2289437204943506e+18	3.4000000000000004
1.32073657876321e+18	3.5
1.4224104646111345e+18	3.6
1.5277639855232955e+18	3.7
1.6402372687262126e+18	3.8000000000000003
1.7702170196493763e+18	3.9000000000000004
1.8774621045527846e+18	4.0
1.9889334407202476e+18	4.1000000000000005
2.117316867025002e+18	4.2
2.250774509292158e+18	4.3
2.374130851721903e+18	4.4
2.514524534667183e+18	4.5
2.620008546738044e+18	4.6000000000000005
2.768022853032012e+18	4.7
2.9167383621850214e+18	4.800000000000001
3.0323075517270257e+18	4.9
3.149708959168456e+18	5.0
3.269589971023366e+18	5.1000000000000005
3.412258884259576e+18	5.2
3.51611275398411e+18	5.300000000000001
3.626403147563558e+18	5.4
3.755379985317127e+18	5.5
3.8603859631334953e+18	5.6000000000000005
3.9806473302374794e+18	5.7
4.0782268921469317e+18	5.800000000000001
4.1266573874478484e+18	5.9
4.223475849052452e+18	6.0
4.3452222376332923e+18	6.1000000000000005
4.408801757092245e+18	6.2
4.4278169575211715e+18	6.300000000000001
4.44874348457968e+18	6.4
4.548294021658876e+18	6.5
4.5262052465108956e+18	6.6000000000000005
4.559540699471336e+18	6.7
4.538991570862834e+18	6.800000000000001
4.5443470254758077e+18	6.9
4.5446091008428037e+18	7.0
4.517930061816126e+18	7.1000000000000005
4.454103420261195e+18	7.2
4.416901757445587e+18	7.300000000000001
4.401705479441849e+18	7.4
4.3186626139617853e+18	7.5
4.218821781872922e+18	7.6000000000000005
4.15304917776443e+18	7.7
4.0752957558174444e+18	7.800000000000001
3.996163362885815e+18	7.9
3.8878767881964503e+18	8.0
3.7777114449604946e+18	8.1
3.6738063232047324e+18	8.200000000000001
3.5460419664726666e+18	8.3
3.4398890523781386e+18	8.4
3.3066490345451274e+18	8.5
3.202674072834649e+18	8.6
3.0539877135820616e+18	8.700000000000001
2.9384707226021765e+18	8.8
2.810642769447711e+18	8.9
2.6681997133967667e+18	9.0
2.564530590215e+18	9.1
2.412308943648087e+18	9.200000000000001
2.2959375709912855e+18	9.3
2.155393507841416e+18	9.4
2.0423060678315676e+18	9.5
1.9385576935792212e+18	9.600000000000001
1.8024703445928896e+18	9.700000000000001
1.6960963761157015e+18	9.8
1.5849342066883735e+18	9.9
1.4824926003614203e+18	10.0
1.373265943988523e+18	10.100000000000001
1.283286262612324e+18	10.200000000000001
1.186594697003856e+18	10.3
1.0930797439293098e+18	10.4
1.0110445594684028e+18	10.5
9.372220808816321e+17	10.600000000000001
8.54329730159933e+17	10.700000000000001
7.826144429195841e+17	10.8
7.236467655265085e+17	10.9
6.606984063823173e+17	11.0
6.017544688759895e+17	11.100000000000001
5.444035250790951e+17	11.200000000000001
4.9400759141617946e+17	11.3
4.4878339605605485e+17	11.4
4.026435176637905e+17	11.5
3.6401408560747603e+17	11.600000000000001
3.276086187614991e+17	11.700000000000001
2.944589792795602e+17	11.8
2.6329094910369027e+17	11.9
2.3396884367869763e+17	12.0
2.0959480913385642e+17	12.100000000000001
1.849253110039838e+17	12.200000000000001
1.647027648264684e+17	12.3
1.4588635607958224e+17	12.4
1.2797750858087429e+17	12.5
1.1337189878969496e+17	12.600000000000001
9.919410164426077e+16	12.700000000000001
8.658906601609566e+16	12.8
7.579291376712014e+16	12.9
6.596180961635316e+16	13.0
5.790069248605639e+16	13.100000000000001
4.9737766477534696e+16	13.200000000000001
4.3267261960953304e+16	13.3
3.736320621967497e+16	13.4
3.2113497575870396e+16	13.5
2.7707199000125816e+16	13.600000000000001
2.3545316258126264e+16	13.700000000000001
2.012636964563003e+16	13.8
1.712280061285044e+16	13.9
1.4480979158797754e+16	14.0
1.2260635864290578e+16	14.100000000000001
1.0326352472237328e+16	14.200000000000001
8633080593644210.0	14.3
7224565264986699.0	14.4
6042832852261099.0	14.5
5022956881037787.0	14.600000000000001
4140212596032970.0	14.700000000000001
3397437454875379.0	14.8
2768307429028614.5	14.9
2246054304665908.8	15.0
1800367479127751.2	15.100000000000001
1437273397439509.8	15.200000000000001
1130395837765037.0	15.3
875131795369786.2	15.4
660956573166383.8	15.5
485546548494442.94	15.600000000000001
333943456220132.44	15.700000000000001
198031187204077.75	15.8
0.0	15.9
0.0	16.0
0.0	16.1
0.0	16.2
0.0	16.3
0.0	16.400000000000002
0.0	16.5
0.0	16.6
0.0	16.7
