a = 16687.510760224948 м
b = 16523.922935783674 м
x0 = 3025.029956688547 м
vr = 1586.406088568199 м/с
A0 = 0.9890838352348295 м
Xmax = 12614.5630931961 м
sigmaX = 4225.082117164358 м
sigmaY = 4926.377004346686 м
M0 = 2.2163287883907756e+19 Н*м - интегральное значение сейсмического момента
Mr_max = 3.4789898037163725e+18 Н*м/с - максимальное значение функции источника
1-ый столбец - источника
2-ой столбец - время
0.0	0.0
179592137517685.72	0.1
2.2820128618769456e+16	0.2
4.5985295272493304e+16	0.30000000000000004
6.860025197565942e+16	0.4
9.193313311824469e+16	0.5
1.1652445258161973e+17	0.6000000000000001
1.4143440719939182e+17	0.7000000000000001
1.6762748823371683e+17	0.8
1.9449089618783203e+17	0.9
2.223564503154649e+17	1.0
2.528472346938323e+17	1.1
2.8166811981292726e+17	1.2000000000000002
3.14382264458852e+17	1.3
3.4686331746083936e+17	1.4000000000000001
3.836453135175515e+17	1.5
4.187292917531756e+17	1.6
4.585160987762297e+17	1.7000000000000002
5.0794991091096755e+17	1.8
5.456186293566033e+17	1.9000000000000001
5.923666216096356e+17	2.0
6.378511172784558e+17	2.1
6.904439490738156e+17	2.2
7.324750225296116e+17	2.3000000000000003
7.857514721128675e+17	2.4000000000000004
8.515139756483351e+17	2.5
9.035602980869326e+17	2.6
9.782855041969071e+17	2.7
1.0311677840857513e+18	2.8000000000000003
1.0987671410523886e+18	2.9000000000000004
1.169219189837778e+18	3.0
1.2307938846319634e+18	3.1
1.314788511346373e+18	3.2
1.4018142149750907e+18	3.3000000000000003
1.458601952173862e+18	3.4000000000000004
1.5448681110625943e+18	3.5
1.6159648040904893e+18	3.6
1.6878235036924052e+18	3.7
1.7629589983392993e+18	3.8000000000000003
1.8585305437296714e+18	3.9000000000000004
1.9648300975594637e+18	4.0
2.0426928163787397e+18	4.1000000000000005
2.118554256593003e+18	4.2
2.2132444827231706e+18	4.3
2.275173867618637e+18	4.4
2.3669426416686807e+18	4.5
2.4491057836229837e+18	4.6000000000000005
2.518267321220071e+18	4.7
2.6189569771865687e+18	4.800000000000001
2.678661364868671e+18	4.9
2.7598953298429276e+18	5.0
2.8210134374189363e+18	5.1000000000000005
2.894523719900634e+18	5.2
2.974312949803335e+18	5.300000000000001
3.0037869964592696e+18	5.4
3.0644267261042437e+18	5.5
3.1270971967291095e+18	5.6000000000000005
3.201206611374689e+18	5.7
3.268550654245622e+18	5.800000000000001
3.300520620038968e+18	5.9
3.333779364422661e+18	6.0
3.3508167411775913e+18	6.1000000000000005
3.3887969306068966e+18	6.2
3.4402491742291374e+18	6.300000000000001
3.4361106240941e+18	6.4
3.4573746919839283e+18	6.5
3.4654715692900925e+18	6.6000000000000005
3.4395984721021097e+18	6.7
3.4789898037163725e+18	6.800000000000001
3.4562302482984417e+18	6.9
3.423245066788716e+18	7.0
3.4417339255598525e+18	7.1000000000000005
3.410129887426042e+18	7.2
3.372579261998702e+18	7.300000000000001
3.343616268993253e+18	7.4
3.303339830294392e+18	7.5
3.271987139474351e+18	7.6000000000000005
3.210676910131568e+18	7.7
3.1878030544487803e+18	7.800000000000001
3.1418372123825505e+18	7.9
3.0940138633322604e+18	8.0
3.0254158017297516e+18	8.1
2.9627559851808415e+18	8.200000000000001
2.872704333450295e+18	8.3
2.802172851067498e+18	8.4
2.7530590827269146e+18	8.5
2.680378853918338e+18	8.6
2.5967332684190674e+18	8.700000000000001
2.529608511709571e+18	8.8
2.442340802703369e+18	8.9
2.3861860594522486e+18	9.0
2.2917268672789002e+18	9.1
2.20313931200349e+18	9.200000000000001
2.1348983379925622e+18	9.3
2.04459557772663e+18	9.4
1.9559379045993357e+18	9.5
1.9033948178771958e+18	9.600000000000001
1.8231866048288422e+18	9.700000000000001
1.74205615084428e+18	9.8
1.6770663459012132e+18	9.9
1.5919760725537162e+18	10.0
1.5067901417966474e+18	10.100000000000001
1.4385748483274365e+18	10.200000000000001
1.3620358439557276e+18	10.3
1.29247280608391e+18	10.4
1.2271302674453427e+18	10.5
1.1525279108848718e+18	10.600000000000001
1.087289364612592e+18	10.700000000000001
1.0353297764896891e+18	10.8
9.702747326506605e+17	10.9
9.04559296751918e+17	11.0
8.580241623761646e+17	11.100000000000001
8.029778131357926e+17	11.200000000000001
7.536428762335565e+17	11.3
7.014273033342685e+17	11.4
6.574163097370147e+17	11.5
6.12139581209029e+17	11.600000000000001
5.711616170302503e+17	11.700000000000001
5.299122305143081e+17	11.8
4.919395461864221e+17	11.9
4.5485902503560864e+17	12.0
4.216613376704605e+17	12.100000000000001
3.933303108757748e+17	12.200000000000001
3.5844664251939194e+17	12.3
3.3052883916384736e+17	12.4
3.0448540504366144e+17	12.5
2.806492201839223e+17	12.600000000000001
2.5596438287241306e+17	12.700000000000001
2.3312661500113542e+17	12.8
2.149012981111893e+17	12.9
1.9543770576422474e+17	13.0
1.7875321413481702e+17	13.100000000000001
1.6210761470114528e+17	13.200000000000001
1.479052304607798e+17	13.3
1.3441814358902608e+17	13.4
1.2216071658564171e+17	13.5
1.1065400879860411e+17	13.600000000000001
9.925831513846354e+16	13.700000000000001
8.948096688024557e+16	13.8
8.085266788858414e+16	13.9
7.326331725441997e+16	14.0
6.57912425774376e+16	14.100000000000001
5.915874518272165e+16	14.200000000000001
5.237886799939868e+16	14.3
4.7002885869240856e+16	14.4
4.172659533355059e+16	14.5
3.7483057582217e+16	14.600000000000001
3.320164571492545e+16	14.700000000000001
2.956887698727514e+16	14.8
2.6119969074811852e+16	14.9
2.307841480788529e+16	15.0
2.04432374563407e+16	15.100000000000001
1.815565020777089e+16	15.200000000000001
1.599951283472043e+16	15.3
1.4005361482845932e+16	15.4
1.2329633951060478e+16	15.5
1.0782603117344978e+16	15.600000000000001
9472740355285882.0	15.700000000000001
8232822667694167.0	15.8
7167017751209161.0	15.9
6233373519906419.0	16.0
5432287544978799.0	16.1
4701261434712350.0	16.2
4060432944639037.5	16.3
3514266561504078.0	16.400000000000002
3018741672983161.0	16.5
2600309073945678.5	16.6
2215908746240952.8	16.7
1909354127704494.0	16.8
1625868805400543.0	16.900000000000002
1382553073436992.0	17.0
1177246487093450.5	17.1
997959521714589.5	17.2
847154581485059.6	17.3
710562425163226.6	17.400000000000002
599142974416779.1	17.5
500234501719959.6	17.6
417692088765295.94	17.7
347725774238204.44	17.8
287883834360681.8	17.900000000000002
237076227732394.28	18.0
195542774434601.84	18.1
159603222432891.72	18.2
129245309568166.11	18.3
104119138145176.08	18.400000000000002
83098370184756.22	18.5
65634918311657.23	18.6
51003581236283.34	18.7
39099960813192.27	18.8
28914679483585.133	18.900000000000002
20449523905013.5	19.0
13031387793039.92	19.1
5462896969328.433	19.200000000000003
0.0	19.3
0.0	19.400000000000002
0.0	19.5
0.0	19.6
0.0	19.700000000000003
0.0	19.8
0.0	19.900000000000002
0.0	20.0
0.0	20.1
