a = 11746.91437161061 м
b = 7663.244984004645 м
x0 = 10010.566790252036 м
vr = 1803.5387446341854 м/с
A0 = 1.594862806305642 м
Xmax = 13257.408193208645 м
sigmaX = 4633.1402530388605 м
sigmaY = 4843.4604204849065 м
M0 = 3.191610973908055e+19 Н*м - интегральное значение сейсмического момента
Mr_max = 8.06373828819539e+18 Н*м/с - максимальное значение функции источника
1-ый столбец - источника
2-ой столбец - время
0.0	0.0
3377456361693778.0	0.1
4.9286712888656083e+17	0.2
9.673153977624257e+17	0.30000000000000004
1.451290647615252e+18	0.4
1.9050961806291318e+18	0.5
2.3647807769877233e+18	0.6000000000000001
2.8158407343638103e+18	0.7000000000000001
3.2526044600529756e+18	0.8
3.655463701804647e+18	0.9
4.0539968388372475e+18	1.0
4.4276122558884536e+18	1.1
4.762215987242649e+18	1.2000000000000002
5.152718568115057e+18	1.3
5.486791824091803e+18	1.4000000000000001
5.783971317874476e+18	1.5
6.10673718132581e+18	1.6
6.40347569820871e+18	1.7000000000000002
6.699300951796739e+18	1.8
6.897761417988243e+18	1.9000000000000001
7.123592865671909e+18	2.0
7.315500727575601e+18	2.1
7.461278330226053e+18	2.2
7.647951265315844e+18	2.3000000000000003
7.749910790273005e+18	2.4000000000000004
7.858155022463562e+18	2.5
7.951179362500903e+18	2.6
8.006406940022142e+18	2.7
8.011702706524755e+18	2.8000000000000003
8.06373828819539e+18	2.9000000000000004
8.026379272990604e+18	3.0
8.013960410266968e+18	3.1
8.002973729271273e+18	3.2
7.934806418554711e+18	3.3000000000000003
7.901152855359902e+18	3.4000000000000004
7.829213760113025e+18	3.5
7.678689836942151e+18	3.6
7.617154284081443e+18	3.7
7.473942355312907e+18	3.8000000000000003
7.24954378370498e+18	3.9000000000000004
7.124560628372583e+18	4.0
6.952693005248563e+18	4.1000000000000005
6.754928505512255e+18	4.2
6.190890431483442e+18	4.3
5.566354967255585e+18	4.4
5.094393346268573e+18	4.5
4.709673350343495e+18	4.6000000000000005
4.396866863699022e+18	4.7
4.0604773869400986e+18	4.800000000000001
3.791954589551033e+18	4.9
3.5350877212856627e+18	5.0
3.257387896395804e+18	5.1000000000000005
3.045909886764943e+18	5.2
2.8050660526492703e+18	5.300000000000001
2.5617733412720143e+18	5.4
2.3869157243332593e+18	5.5
2.1807327008364152e+18	5.6000000000000005
1.9422792625574866e+18	5.7
1.7992264388506483e+18	5.800000000000001
1.666640607823765e+18	5.9
1.499275545864758e+18	6.0
1.3968479828994301e+18	6.1000000000000005
1.2499668108700216e+18	6.2
1.1419380642449334e+18	6.300000000000001
1.0269655176505516e+18	6.4
9.103896333352915e+17	6.5
8.194942326773056e+17	6.6000000000000005
7.256113821537755e+17	6.7
6.311710228302742e+17	6.800000000000001
5.483645081361911e+17	6.9
4.75966189403533e+17	7.0
4.006588563972945e+17	7.1000000000000005
3.3140930142559514e+17	7.2
2.636961880540629e+17	7.300000000000001
1.9565711394370214e+17	7.4
1.1942080227426674e+17	7.5
0.0	7.6000000000000005
0.0	7.7
0.0	7.800000000000001
0.0	7.9
0.0	8.0
0.0	8.1
0.0	8.200000000000001
0.0	8.3
0.0	8.4
