a = 15000.557536001941 м
b = 13182.316326805414 м
x0 = 1619.6130608982915 м
vr = 1742.3709633499795 м/с
A0 = 2.088762385860489 м
Xmax = 12800.734460260992 м
sigmaX = 4266.083186548767 м
sigmaY = 4215.544306855006 м
M0 = 3.927765302704006e+19 Н*м - интегральное значение сейсмического момента
Mr_max = 6.670139465018844e+18 Н*м/с - максимальное значение функции источника
1-ый столбец - источника
2-ой столбец - время
0.0	0.0
176025661051912.12	0.1
2.457117766319092e+16	0.2
4.9408471232342056e+16	0.30000000000000004
7.50378537325536e+16	0.4
1.009316216308653e+17	0.5
1.2872264248226731e+17	0.6000000000000001
1.5667647526046074e+17	0.7000000000000001
1.8753916910255814e+17	0.8
2.20193016208353e+17	0.9
2.5350065804043542e+17	1.0
2.807943610341832e+17	1.1
3.11838537438938e+17	1.2000000000000002
3.5776607136596115e+17	1.3
3.991924355771238e+17	1.4000000000000001
4.445690949155288e+17	1.5
4.986994016892311e+17	1.6
5.5208283790246835e+17	1.7000000000000002
6.163047738285836e+17	1.8
6.785958574007117e+17	1.9000000000000001
7.523710114580568e+17	2.0
8.282375783977407e+17	2.1
9.100625246294616e+17	2.2
9.849489287949262e+17	2.3000000000000003
1.0804169377713266e+18	2.4000000000000004
1.1723350329293391e+18	2.5
1.2844448469880159e+18	2.6
1.39766216418724e+18	2.7
1.490187496834271e+18	2.8000000000000003
1.6336472587041236e+18	2.9000000000000004
1.7442342063563082e+18	3.0
1.8730186287079022e+18	3.1
2.0134457883813133e+18	3.2
2.1418338366132398e+18	3.3000000000000003
2.2719968526500803e+18	3.4000000000000004
2.438164947480616e+18	3.5
2.5993910363115515e+18	3.6
2.7351793009240837e+18	3.7
2.9001425824563364e+18	3.8000000000000003
3.0821994272159944e+18	3.9000000000000004
3.2458455380912046e+18	4.0
3.424710386704963e+18	4.1000000000000005
3.581787228275126e+18	4.2
3.7821495903033943e+18	4.3
3.883504278841226e+18	4.4
4.112160425299138e+18	4.5
4.2669250270941727e+18	4.6000000000000005
4.407278595295943e+18	4.7
4.601096341599607e+18	4.800000000000001
4.754526593962234e+18	4.9
4.917868590340312e+18	5.0
5.067137921177054e+18	5.1000000000000005
5.300584647594676e+18	5.2
5.394414590097952e+18	5.300000000000001
5.542796795807073e+18	5.4
5.729467408730446e+18	5.5
5.844999661234547e+18	5.6000000000000005
5.973552079636982e+18	5.7
6.0545092783856e+18	5.800000000000001
6.132683069824622e+18	5.9
6.237898893385986e+18	6.0
6.375693165277126e+18	6.1000000000000005
6.383474806686467e+18	6.2
6.502661722981767e+18	6.300000000000001
6.559175447207166e+18	6.4
6.597320272679826e+18	6.5
6.611205840380615e+18	6.6000000000000005
6.660600340675105e+18	6.7
6.670139465018844e+18	6.800000000000001
6.625795856507576e+18	6.9
6.597221333101433e+18	7.0
6.573143197122733e+18	7.1000000000000005
6.535948172302867e+18	7.2
6.490122831296172e+18	7.300000000000001
6.391597658370806e+18	7.4
6.348462003208031e+18	7.5
6.310907976626378e+18	7.6000000000000005
6.20842842631675e+18	7.7
6.128842993880748e+18	7.800000000000001
6.019268528995203e+18	7.9
5.876801603853615e+18	8.0
5.776534588397919e+18	8.1
5.667862960464525e+18	8.200000000000001
5.471535851122936e+18	8.3
5.313124559561947e+18	8.4
5.190282481221817e+18	8.5
5.011765586038089e+18	8.6
4.877714873714137e+18	8.700000000000001
4.739647094028208e+18	8.8
4.53087261250143e+18	8.9
4.3686095302217446e+18	9.0
4.2572462805769364e+18	9.1
4.041894867413829e+18	9.200000000000001
3.898713003275978e+18	9.3
3.7430875226130616e+18	9.4
3.5754088345547986e+18	9.5
3.384134522396059e+18	9.600000000000001
3.2373262276404506e+18	9.700000000000001
3.057814537704074e+18	9.8
2.9272777753966044e+18	9.9
2.7565214644115835e+18	10.0
2.586387699047362e+18	10.100000000000001
2.479458893039685e+18	10.200000000000001
2.316339601703722e+18	10.3
2.1833340991518881e+18	10.4
2.0301097118839314e+18	10.5
1.9166185832840883e+18	10.600000000000001
1.799707412930891e+18	10.700000000000001
1.671025361769472e+18	10.8
1.575593329452405e+18	10.9
1.4524863289443704e+18	11.0
1.3579702777372398e+18	11.100000000000001
1.2574382295821683e+18	11.200000000000001
1.1564510040584292e+18	11.3
1.0768036535205373e+18	11.4
9.941746049869687e+17	11.5
9.148816131741667e+17	11.600000000000001
8.471575952161289e+17	11.700000000000001
7.780825220963304e+17	11.8
7.121071486865888e+17	11.9
6.447049584001404e+17	12.0
5.909454164805233e+17	12.100000000000001
5.383701488196186e+17	12.200000000000001
4.9176918866705075e+17	12.3
4.44745985975838e+17	12.4
4.013249884364468e+17	12.5
3.6444361838234605e+17	12.600000000000001
3.3346170021585446e+17	12.700000000000001
2.9842675154415174e+17	12.8
2.6843493720242752e+17	12.9
2.426611362189882e+17	13.0
2.1720918065155213e+17	13.100000000000001
1.9500962950504774e+17	13.200000000000001
1.7317287763887565e+17	13.3
1.5517950818016163e+17	13.4
1.3833894201360304e+17	13.5
1.2199034898641302e+17	13.600000000000001
1.0801351591014507e+17	13.700000000000001
9.62249976763576e+16	13.8
8.442067132613862e+16	13.9
7.448893733257474e+16	14.0
6.562837633502035e+16	14.100000000000001
5.7596763196712184e+16	14.200000000000001
5.0142406943815576e+16	14.3
4.3802849669794856e+16	14.4
3.817237846452504e+16	14.5
3.316459972082064e+16	14.600000000000001
2.882827555345701e+16	14.700000000000001
2.4751311968267084e+16	14.8
2.1329749416762736e+16	14.9
1.82558247491298e+16	15.0
1.5652880712704506e+16	15.100000000000001
1.325451084406512e+16	15.200000000000001
1.1229908714617222e+16	15.3
9491098813186120.0	15.4
7919224567250701.0	15.5
6598277971512369.0	15.600000000000001
5410215567230222.0	15.700000000000001
4429753950240839.0	15.8
3534428840874125.5	15.9
2769757600411174.5	16.0
2101132116616218.8	16.1
1495792070326130.2	16.2
901015396579146.9	16.3
0.0	16.400000000000002
0.0	16.5
0.0	16.6
0.0	16.7
0.0	16.8
0.0	16.900000000000002
0.0	17.0
0.0	17.1
0.0	17.2
