a = 9709.239314839979 м
b = 6898.825802940231 м
x0 = 7238.9767049325455 м
vr = 2090.003996125927 м/с
A0 = 0.38171961843522634 м
Xmax = 6927.811388030899 м
sigmaX = 4558.4427041565805 м
sigmaY = 4961.544692701558 м
M0 = 6.666868694892401e+18 Н*м - интегральное значение сейсмического момента
Mr_max = 2.490572068142362e+18 Н*м/с - максимальное значение функции источника
1-ый столбец - источника
2-ой столбец - время
0.0	0.0
1193890151629197.8	0.1
2.0037101551835443e+17	0.2
3.960097197559753e+17	0.30000000000000004
5.870248936481676e+17	0.4
7.805010998402685e+17	0.5
9.509368571596201e+17	0.6000000000000001
1.1321968854133956e+18	0.7000000000000001
1.3000736013432008e+18	0.8
1.4383522661180754e+18	0.9
1.6082395949682744e+18	1.0
1.737949403795956e+18	1.1
1.8607369222793894e+18	1.2000000000000002
1.9773898472393492e+18	1.3
2.102008164683514e+18	1.4000000000000001
2.1854574342985882e+18	1.5
2.2390721550294428e+18	1.6
2.313259243257912e+18	1.7000000000000002
2.393396025502436e+18	1.8
2.4335034405055964e+18	1.9000000000000001
2.4578872059807196e+18	2.0
2.490322168435138e+18	2.1
2.4812258220915743e+18	2.2
2.490572068142362e+18	2.3000000000000003
2.4725637635190886e+18	2.4000000000000004
2.4694257113279427e+18	2.5
2.4317594263188915e+18	2.6
2.3946973370363095e+18	2.7
2.363002638490705e+18	2.8000000000000003
2.30963248606449e+18	2.9000000000000004
2.2396160105168824e+18	3.0
2.1828868477338831e+18	3.1
1.8410528822220403e+18	3.2
1.425901108641075e+18	3.3000000000000003
1.15504362755361e+18	3.4000000000000004
9.049655275529069e+17	3.5
6.47119398693987e+17	3.6
5.679895653542622e+17	3.7
4.9556615676242144e+17	3.8000000000000003
4.409628581389465e+17	3.9000000000000004
3.915013120579768e+17	4.0
3.4586745557095635e+17	4.1000000000000005
3.0622907929039475e+17	4.2
2.726646857557003e+17	4.3
2.3329927429692752e+17	4.4
2.0287269487727882e+17	4.5
1.7506419832761658e+17	4.6000000000000005
1.5019788014360006e+17	4.7
1.3039824814498498e+17	4.800000000000001
1.1255351697023298e+17	4.9
9.480237463721714e+16	5.0
8.065655984951234e+16	5.1000000000000005
6.6905221581211896e+16	5.2
5.580894917860092e+16	5.300000000000001
4.5099660849994936e+16	5.4
3.635171285863438e+16	5.5
2.8129371254078892e+16	5.6000000000000005
2.082594639322399e+16	5.7
1.379269337462713e+16	5.800000000000001
5801042424846913.0	5.9
0.0	6.0
0.0	6.1000000000000005
0.0	6.2
0.0	6.300000000000001
0.0	6.4
0.0	6.5
0.0	6.6000000000000005
0.0	6.7
0.0	6.800000000000001
