a = 16759.596827680492 м
b = 10472.53615407566 м
x0 = 3337.242819087674 м
vr = 1727.067132262049 м/с
A0 = 1.9695962195199062 м
Xmax = 12456.931514953325 м
sigmaX = 4958.39608708602 м
sigmaY = 4721.346192252803 м
M0 = 4.723080909014103e+19 Н*м - интегральное значение сейсмического момента
Mr_max = 7.19788749190849e+18 Н*м/с - максимальное значение функции источника
1-ый столбец - источника
2-ой столбец - время
0.0	0.0
941139368640252.4	0.1
1.3085963578951864e+17	0.2
2.6214361364693533e+17	0.30000000000000004
3.9108637675738074e+17	0.4
5.2329247955749024e+17	0.5
6.543721602224534e+17	0.6000000000000001
7.858193973414362e+17	0.7000000000000001
9.188337665266812e+17	0.8
1.0543352302323767e+18	0.9
1.1911613015881795e+18	1.0
1.3370866771485926e+18	1.1
1.466407166998003e+18	1.2000000000000002
1.6184611577808294e+18	1.3
1.762257024853329e+18	1.4000000000000001
1.9062952261087416e+18	1.5
2.0538969217010788e+18	1.6
2.1844361946142943e+18	1.7000000000000002
2.372078960819079e+18	1.8
2.53363987383088e+18	1.9000000000000001
2.696375844947951e+18	2.0
2.7978059390964925e+18	2.1
2.919506705940509e+18	2.2
3.0459013551083254e+18	2.3000000000000003
3.2084894637099684e+18	2.4000000000000004
3.3564426217350154e+18	2.5
3.5279160416267633e+18	2.6
3.6739364016723226e+18	2.7
3.849984425065409e+18	2.8000000000000003
3.972801019860255e+18	2.9000000000000004
4.1152952845674767e+18	3.0
4.2951172223552973e+18	3.1
4.506828626652995e+18	3.2
4.650742307535971e+18	3.3000000000000003
4.851717421949442e+18	3.4000000000000004
4.961920766500561e+18	3.5
5.147756079197197e+18	3.6
5.281914027343327e+18	3.7
5.487735823231476e+18	3.8000000000000003
5.625669591375749e+18	3.9000000000000004
5.759912262332549e+18	4.0
5.945130204627454e+18	4.1000000000000005
6.038715011092055e+18	4.2
6.166165079005199e+18	4.3
6.261868163412752e+18	4.4
6.431658725708971e+18	4.5
6.545232262300794e+18	4.6000000000000005
6.64612779524896e+18	4.7
6.704916735510126e+18	4.800000000000001
6.780444555158782e+18	4.9
6.844409520276584e+18	5.0
6.952188102411331e+18	5.1000000000000005
6.963747225499457e+18	5.2
7.080459403308672e+18	5.300000000000001
7.092343098644024e+18	5.4
7.139035946104538e+18	5.5
7.061710205732478e+18	5.6000000000000005
7.113626274134005e+18	5.7
7.176912259839159e+18	5.800000000000001
7.19788749190849e+18	5.9
7.183801663784371e+18	6.0
7.078380543861889e+18	6.1000000000000005
7.009024416873644e+18	6.2
7.094280203506956e+18	6.300000000000001
6.968679186677763e+18	6.4
6.888195266169909e+18	6.5
6.823717316637617e+18	6.6000000000000005
6.748898360065278e+18	6.7
6.665837337289149e+18	6.800000000000001
6.522871036260399e+18	6.9
6.43199269175547e+18	7.0
6.342892765535669e+18	7.1000000000000005
6.263040417206002e+18	7.2
6.131856415852685e+18	7.300000000000001
5.942716559388677e+18	7.4
5.832711637152687e+18	7.5
5.738424614869904e+18	7.6000000000000005
5.576078415233107e+18	7.7
5.424612864833164e+18	7.800000000000001
5.235850067170497e+18	7.9
5.164735190398284e+18	8.0
4.978072655678782e+18	8.1
4.787058557493045e+18	8.200000000000001
4.646094150489542e+18	8.3
4.5093914910839214e+18	8.4
4.371366438964659e+18	8.5
4.198983330107108e+18	8.6
4.029599264344805e+18	8.700000000000001
3.8722644148648207e+18	8.8
3.7467077940880307e+18	8.9
3.5668388634421576e+18	9.0
3.4318112085334083e+18	9.1
3.2791588802543683e+18	9.200000000000001
3.142220730356188e+18	9.3
2.986452499457089e+18	9.4
2.820533197362606e+18	9.5
2.7201040254640896e+18	9.600000000000001
2.5791813126457615e+18	9.700000000000001
2.4300593884815155e+18	9.8
2.3044335287869366e+18	9.9
2.187975248590491e+18	10.0
2.0808698025711483e+18	10.100000000000001
1.9593853841146424e+18	10.200000000000001
1.8271336752151447e+18	10.3
1.7276724816540844e+18	10.4
1.631998899430509e+18	10.5
1.5374014440419684e+18	10.600000000000001
1.4364131059580813e+18	10.700000000000001
1.3472380488943764e+18	10.8
1.261810557766691e+18	10.9
1.181818780949841e+18	11.0
1.1008131643225044e+18	11.100000000000001
1.0224656056971803e+18	11.200000000000001
9.541377286561603e+17	11.3
8.908270783833199e+17	11.4
8.26716701374997e+17	11.5
7.59615576048266e+17	11.600000000000001
7.025694120210097e+17	11.700000000000001
6.54933275869021e+17	11.8
6.041299225079206e+17	11.9
5.568234314615613e+17	12.0
5.10016421728127e+17	12.100000000000001
4.712321781425124e+17	12.200000000000001
4.3266671118969043e+17	12.3
3.9717388238296403e+17	12.4
3.624509338467988e+17	12.5
3.332142608488041e+17	12.600000000000001
3.033454169176342e+17	12.700000000000001
2.7617649037922694e+17	12.8
2.5183412764494608e+17	12.9
2.286640975835281e+17	13.0
2.0763492890765872e+17	13.100000000000001
1.8951542148950224e+17	13.200000000000001
1.709260014421511e+17	13.3
1.5373902957487414e+17	13.4
1.4070164166631528e+17	13.5
1.2638003523949019e+17	13.600000000000001
1.1346774653775099e+17	13.700000000000001
1.0214473979948173e+17	13.8
9.115657092821805e+16	13.9
8.130885602597566e+16	14.0
7.367582680998728e+16	14.100000000000001
6.596023226274711e+16	14.200000000000001
5.840327597370758e+16	14.3
5.196223709856027e+16	14.4
4.6202811375302136e+16	14.5
4.101012354897286e+16	14.600000000000001
3.6415391262729304e+16	14.700000000000001
3.2089587001674796e+16	14.8
2.8382794455571076e+16	14.9
2.489673121575303e+16	15.0
2.1995240662741012e+16	15.100000000000001
1.9277454654274116e+16	15.200000000000001
1.7011528799451272e+16	15.3
1.4754100753829422e+16	15.4
1.2853706156592296e+16	15.5
1.1256346955943162e+16	15.600000000000001
9721234815929886.0	15.700000000000001
8424438023874051.0	15.8
7268351547805751.0	15.9
6284171088351694.0	16.0
5408294015514775.0	16.1
4599874357289332.0	16.2
3927482599507432.5	16.3
3325254810181251.5	16.400000000000002
2803653259008046.5	16.5
2356198201014255.5	16.6
1977346453945114.2	16.7
1631833514310889.0	16.8
1337589557023695.2	16.900000000000002
1088830355669341.4	17.0
869380551217117.9	17.1
675937320837299.2	17.2
506950529590116.94	17.3
353949448447288.44	17.400000000000002
203625131569663.88	17.5
0.0	17.6
0.0	17.7
0.0	17.8
0.0	17.900000000000002
0.0	18.0
0.0	18.1
0.0	18.2
0.0	18.3
0.0	18.400000000000002
