a = 5621.7242448595625 м
b = 3867.970212140248 м
x0 = 147.17833633505705 м
vr = 1945.669902137627 м/с
A0 = 1.7826856135523172 м
Xmax = 6263.658046796317 м
sigmaX = 4200.02054756491 м
sigmaY = 4227.556228759538 м
M0 = 1.465297957679621e+19 Н*м - интегральное значение сейсмического момента
Mr_max = 4.0572187165274803e+18 Н*м/с - максимальное значение функции источника
1-ый столбец - источника
2-ой столбец - время
0.0	0.0
1803572265012664.8	0.1
2.1876876652167216e+17	0.2
3.496348414750608e+17	0.30000000000000004
5.068872729609558e+17	0.4
6.624176425203552e+17	0.5
8.378882443498913e+17	0.6000000000000001
9.905421682092995e+17	0.7000000000000001
1.1686047968779502e+18	0.8
1.3430669738488842e+18	0.9
1.4912898293714427e+18	1.0
1.6849091123504056e+18	1.1
1.8668037363567537e+18	1.2000000000000002
2.0023537758241116e+18	1.3
2.1837388628270968e+18	1.4000000000000001
2.35401042437898e+18	1.5
2.5131079345049667e+18	1.6
2.637434026797907e+18	1.7000000000000002
2.798405945518836e+18	1.8
2.952994731571573e+18	1.9000000000000001
3.0754689799510595e+18	2.0
3.2399123444347597e+18	2.1
3.3586348781447276e+18	2.2
3.4878117878628536e+18	2.3000000000000003
3.6020252245213676e+18	2.4000000000000004
3.654593570896373e+18	2.5
3.7678382121280394e+18	2.6
3.931739905105111e+18	2.7
3.965273610124323e+18	2.8000000000000003
3.9781432073632727e+18	2.9000000000000004
4.0572187165274803e+18	3.0
4.034203374540351e+18	3.1
4.019747645715398e+18	3.2
4.0148874740116296e+18	3.3000000000000003
4.030046881722179e+18	3.4000000000000004
3.982045057513412e+18	3.5
3.939094709437988e+18	3.6
3.899519143565718e+18	3.7
3.822970047038196e+18	3.8000000000000003
3.7105248699722506e+18	3.9000000000000004
3.639685118738528e+18	4.0
3.534943197167898e+18	4.1000000000000005
3.423775014827604e+18	4.2
3.2912267439976945e+18	4.3
3.200874204868294e+18	4.4
3.005093714991496e+18	4.5
2.8871053940365164e+18	4.6000000000000005
2.700462499761595e+18	4.7
2.519606149484931e+18	4.800000000000001
2.3543004101486085e+18	4.9
2.1710969047727288e+18	5.0
1.9840063199829233e+18	5.1000000000000005
1.801628497442718e+18	5.2
1.5992227376396024e+18	5.300000000000001
1.4002507351388337e+18	5.4
1.1764225655399946e+18	5.5
9.239484090209719e+17	5.6000000000000005
6.483297484153263e+17	5.7
1.3145510287817266e+17	5.800000000000001
0.0	5.9
0.0	6.0
0.0	6.1000000000000005
0.0	6.2
0.0	6.300000000000001
0.0	6.4
0.0	6.5
0.0	6.6000000000000005
0.0	6.7
