a = 9351.547711519732 м
b = 9011.051631518747 м
x0 = 3270.389039470432 м
vr = 1821.363104580768 м/с
A0 = 0.7088681291045955 м
Xmax = 7134.303437343873 м
sigmaX = 4889.87991746023 м
sigmaY = 4536.143769753054 м
M0 = 1.3887219164360438e+19 Н*м - интегральное значение сейсмического момента
Mr_max = 2.9248979343932165e+18 Н*м/с - максимальное значение функции источника
1-ый столбец - источника
2-ой столбец - время
0.0	0.0
1418375602557667.5	0.1
2.0694913883464026e+17	0.2
4.0617485104866086e+17	0.30000000000000004
6.16682801618196e+17	0.4
8.05497456978416e+17	0.5
1.0096675810903988e+18	0.6000000000000001
1.1983908152395144e+18	0.7000000000000001
1.3710995145680433e+18	0.8
1.5626289779172001e+18	0.9
1.7354594244235843e+18	1.0
1.8999996895379922e+18	1.1
2.0487171054455892e+18	1.2000000000000002
2.216756006609513e+18	1.3
2.3647904613225764e+18	1.4000000000000001
2.5074538448238976e+18	1.5
2.634908328519228e+18	1.6
2.7494368349952056e+18	1.7000000000000002
2.897664941912683e+18	1.8
2.9248979343932165e+18	1.9000000000000001
2.873034622258608e+18	2.0
2.801095441895385e+18	2.1
2.8382194775488046e+18	2.2
2.834411222723849e+18	2.3000000000000003
2.8555729226123674e+18	2.4000000000000004
2.871935799592316e+18	2.5
2.858727874334852e+18	2.6
2.8579566338264806e+18	2.7
2.8532130988795474e+18	2.8000000000000003
2.9038305585343524e+18	2.9000000000000004
2.850808984797064e+18	3.0
2.839327694105856e+18	3.1
2.8061860980039296e+18	3.2
2.824750465929751e+18	3.3000000000000003
2.752817760458392e+18	3.4000000000000004
2.7650477541484314e+18	3.5
2.6746334662247695e+18	3.6
2.6768921686367273e+18	3.7
2.6229127685651415e+18	3.8000000000000003
2.604928121916065e+18	3.9000000000000004
2.513813856764425e+18	4.0
2.4802543006363566e+18	4.1000000000000005
2.432541560995507e+18	4.2
2.3647308094886646e+18	4.3
2.3059632896072325e+18	4.4
2.2250516979449344e+18	4.5
2.1773470378694717e+18	4.6000000000000005
2.0865171689994744e+18	4.7
2.0268231327909274e+18	4.800000000000001
1.9405268098487933e+18	4.9
1.879741042632657e+18	5.0
1.7995404289721277e+18	5.1000000000000005
1.7205810920428915e+18	5.2
1.6469450949331845e+18	5.300000000000001
1.5861051772013652e+18	5.4
1.5073133169987538e+18	5.5
1.4475752463409329e+18	5.6000000000000005
1.3649385373373046e+18	5.7
1.3039990424332165e+18	5.800000000000001
1.2322307364598822e+18	5.9
1.1633573006792978e+18	6.0
1.0952314055472178e+18	6.1000000000000005
1.0359981800392658e+18	6.2
9.56779312281104e+17	6.300000000000001
9.091689494144886e+17	6.4
8.448997938411937e+17	6.5
7.939269117472154e+17	6.6000000000000005
7.362930097968215e+17	6.7
6.86987777132466e+17	6.800000000000001
6.356541872949637e+17	6.9
5.883551565392639e+17	7.0
5.4441494330276755e+17	7.1000000000000005
4.9606297979001626e+17	7.2
4.529684378369162e+17	7.300000000000001
4.156716874504479e+17	7.4
3.749934929535582e+17	7.5
3.390613022847706e+17	7.6000000000000005
3.056353473319956e+17	7.7
2.7284128229424317e+17	7.800000000000001
2.3987412280260515e+17	7.9
2.1138618804050006e+17	8.0
1.8128058659321674e+17	8.1
1.5189321274391782e+17	8.200000000000001
1.2273842140502643e+17	8.3
9.20197927792601e+16	8.4
5.726146150991909e+16	8.5
0.0	8.6
0.0	8.700000000000001
0.0	8.8
0.0	8.9
0.0	9.0
0.0	9.1
0.0	9.200000000000001
0.0	9.3
0.0	9.4
