a = 16440.335558586587 м
b = 17151.970988696037 м
x0 = 11666.993693241537 м
vr = 1873.835617752297 м/с
A0 = 0.6121412524824057 м
Xmax = 11613.045092601225 м
sigmaX = 4606.363617498392 м
sigmaY = 4731.095765110934 м
M0 = 1.4769785505184207e+19 Н*м - интегральное значение сейсмического момента
Mr_max = 3.6970502530463493e+18 Н*м/с - максимальное значение функции источника
1-ый столбец - источника
2-ой столбец - время
0.0	0.0
1720446608486533.8	0.1
2.561355558480859e+17	0.2
5.1102920157669446e+17	0.30000000000000004
7.63448044740922e+17	0.4
1.0088024673480397e+18	0.5
1.257765165749673e+18	0.6000000000000001
1.4839117801647798e+18	0.7000000000000001
1.7082464937591288e+18	0.8
1.9360208039498058e+18	0.9
2.1337257200966467e+18	1.0
2.3281960059022566e+18	1.1
2.4997059157824645e+18	1.2000000000000002
2.685029566244504e+18	1.3
2.8475891495275075e+18	1.4000000000000001
3.011104033175315e+18	1.5
3.1236583708710016e+18	1.6
3.241119253008556e+18	1.7000000000000002
3.34676412549477e+18	1.8
3.4311216105563704e+18	1.9000000000000001
3.5233453053573304e+18	2.0
3.5913171046590556e+18	2.1
3.622813340679787e+18	2.2
3.6542242413039493e+18	2.3000000000000003
3.670222859258791e+18	2.4000000000000004
3.6970502530463493e+18	2.5
3.6877144022449644e+18	2.6
3.647927434094724e+18	2.7
3.634073559033954e+18	2.8000000000000003
3.6043653333103846e+18	2.9000000000000004
3.56510163447617e+18	3.0
3.5077961805058335e+18	3.1
3.442458002441535e+18	3.2
3.3517262909572726e+18	3.3000000000000003
3.2783181303453517e+18	3.4000000000000004
3.2003176360740833e+18	3.5
3.1057260358042634e+18	3.6
3.0002696996214646e+18	3.7
2.899506805651574e+18	3.8000000000000003
2.805907817851632e+18	3.9000000000000004
2.709206792590297e+18	4.0
2.605009429436631e+18	4.1000000000000005
2.4901126057131023e+18	4.2
2.3656626297914035e+18	4.3
2.2652163272941338e+18	4.4
2.1582465750363594e+18	4.5
2.057594579076609e+18	4.6000000000000005
1.9414851616930665e+18	4.7
1.841622961377272e+18	4.800000000000001
1.7301089215811136e+18	4.9
1.6329315343998945e+18	5.0
1.5375462085423332e+18	5.1000000000000005
1.4405533506567311e+18	5.2
1.3497484326344177e+18	5.300000000000001
1.2580067338061066e+18	5.4
1.1789971134795666e+18	5.5
1.0936507676151927e+18	5.6000000000000005
1.0108124944859206e+18	5.7
9.386012206322646e+17	5.800000000000001
8.698101890278636e+17	5.9
8.030440663772164e+17	6.0
7.411371246528833e+17	6.1000000000000005
6.82040339114852e+17	6.2
6.22572106986644e+17	6.300000000000001
5.277466973490386e+17	6.4
4.630416375531972e+17	6.5
4.094227460713664e+17	6.6000000000000005
3.598214332856403e+17	6.7
3.1663734185798125e+17	6.800000000000001
2.8104708780157936e+17	6.9
2.4739413328965462e+17	7.0
2.1902357738404166e+17	7.1000000000000005
1.9224265240533526e+17	7.2
1.6993842381338182e+17	7.300000000000001
1.4918230200164656e+17	7.4
1.3059895152141554e+17	7.5
1.1495477764708229e+17	7.6000000000000005
1.0020039698658138e+17	7.7
8.7378370951427e+16	7.800000000000001
7.656119441330138e+16	7.9
6.683119293964305e+16	8.0
5.7630364816397464e+16	8.1
4.976367172117983e+16	8.200000000000001
4.295340596474908e+16	8.3
3.743004737517704e+16	8.4
3.2151531047370388e+16	8.5
2.777952106152115e+16	8.6
2.3652068686692356e+16	8.700000000000001
2.024660850156227e+16	8.8
1.7254563099179378e+16	8.9
1.4681832507265176e+16	9.0
1.240416813805465e+16	9.1
1.0528933777042558e+16	9.200000000000001
8886684936349154.0	9.3
7463386795412815.0	9.4
6235461540239807.0	9.5
5210989199372944.0	9.600000000000001
4315157328877700.5	9.700000000000001
3569640366230422.5	9.8
2945077330282367.0	9.9
2428077022613240.5	10.0
1982627432020770.2	10.100000000000001
1613809340728501.8	10.200000000000001
1296019927858756.2	10.3
1050128792043385.9	10.4
833137244391783.4	10.5
666477987134140.2	10.600000000000001
523921525665247.8	10.700000000000001
407017059654478.06	10.8
312018092925089.06	10.9
234630333256919.7	11.0
171014086936498.8	11.100000000000001
117780186836009.97	11.200000000000001
72759603170344.2	11.3
26158616185191.15	11.4
0.0	11.5
0.0	11.600000000000001
0.0	11.700000000000001
0.0	11.8
0.0	11.9
0.0	12.0
0.0	12.100000000000001
0.0	12.200000000000001
0.0	12.3
0.0	12.4
0.0	12.5
0.0	12.600000000000001
0.0	12.700000000000001
0.0	12.8
0.0	12.9
0.0	13.0
