a = 10420.586377033671 м
b = 11217.950007976608 м
x0 = 6375.657827723106 м
vr = 2012.3190690440902 м/с
A0 = 1.7091116284163994 м
Xmax = 9046.726312040835 м
sigmaX = 4592.079755834282 м
sigmaY = 4183.453339422792 м
M0 = 3.3378824314117145e+19 Н*м - интегральное значение сейсмического момента
Mr_max = 9.219257201243231e+18 Н*м/с - максимальное значение функции источника
1-ый столбец - источника
2-ой столбец - время
0.0	0.0
4358408866750206.5	0.1
7.052885154884831e+17	0.2
1.3935566975581437e+18	0.30000000000000004
2.0833243366700314e+18	0.4
2.7162998851690143e+18	0.5
3.3587088909195494e+18	0.6000000000000001
3.989793745115841e+18	0.7000000000000001
4.5584977300397476e+18	0.8
5.137381260481855e+18	0.9
5.699382603956372e+18	1.0
6.200488569873822e+18	1.1
6.643738860928237e+18	1.2000000000000002
7.087268841381278e+18	1.3
7.465830860262203e+18	1.4000000000000001
7.808583753056262e+18	1.5
8.171501832036841e+18	1.6
8.390841367150602e+18	1.7000000000000002
8.689384081176149e+18	1.8
8.901561496223012e+18	1.9000000000000001
9.015137808201538e+18	2.0
9.136363276665757e+18	2.1
9.205899544767312e+18	2.2
9.219257201243231e+18	2.3000000000000003
9.195836111692303e+18	2.4000000000000004
9.166375016547083e+18	2.5
9.012024919702696e+18	2.6
9.044806745924555e+18	2.7
8.922852097640379e+18	2.8000000000000003
8.869701411234665e+18	2.9000000000000004
8.653477049645581e+18	3.0
8.482930994297624e+18	3.1
8.235424203506432e+18	3.2
7.754750471505242e+18	3.3000000000000003
7.328652710893856e+18	3.4000000000000004
6.985393141697195e+18	3.5
6.575747147319078e+18	3.6
6.273043855031796e+18	3.7
5.991655929441164e+18	3.8000000000000003
5.656153064348972e+18	3.9000000000000004
5.422588807458427e+18	4.0
5.085602259682134e+18	4.1000000000000005
4.882974558790322e+18	4.2
4.610684039416294e+18	4.3
4.335074909321164e+18	4.4
4.051431137316548e+18	4.5
3.809018868592494e+18	4.6000000000000005
3.575238362431404e+18	4.7
3.3469316758734464e+18	4.800000000000001
3.1048201319681674e+18	4.9
2.922966296497615e+18	5.0
2.6883805706942316e+18	5.1000000000000005
2.530552974060621e+18	5.2
2.3279904685285724e+18	5.300000000000001
2.156279267307919e+18	5.4
1.9629305001226345e+18	5.5
1.8136088954249436e+18	5.6000000000000005
1.6548639813846996e+18	5.7
1.5066224276860529e+18	5.800000000000001
1.3732683141673308e+18	5.9
1.2464548905653228e+18	6.0
1.1325523862042915e+18	6.1000000000000005
1.0295819493465377e+18	6.2
9.204109732798572e+17	6.300000000000001
8.270478835999384e+17	6.4
7.389828381475973e+17	6.5
6.584595113799272e+17	6.6000000000000005
5.76286251711458e+17	6.7
5.0258249810699264e+17	6.800000000000001
4.279819773006928e+17	6.9
3.580576180342121e+17	7.0
2.8283896674742198e+17	7.1000000000000005
1.939025123614085e+17	7.2
0.0	7.300000000000001
0.0	7.4
0.0	7.5
0.0	7.6000000000000005
0.0	7.7
0.0	7.800000000000001
0.0	7.9
0.0	8.0
0.0	8.1
0.0	8.200000000000001
0.0	8.3
0.0	8.4
0.0	8.5
0.0	8.6
0.0	8.700000000000001
0.0	8.8
0.0	8.9
