a = 7695.057415595644 м
b = 5413.404560993385 м
x0 = 6292.961823842964 м
vr = 1810.0960061387918 м/с
A0 = 1.5917002228964747 м
Xmax = 6289.238019591901 м
sigmaX = 4543.25421482782 м
sigmaY = 4243.962485329096 м
M0 = 2.1031068456437576e+19 Н*м - интегральное значение сейсмического момента
Mr_max = 8.134881062709291e+18 Н*м/с - максимальное значение функции источника
1-ый столбец - источника
2-ой столбец - время
0.0	0.0
4321691849023365.5	0.1
6.304189434119008e+17	0.2
1.2360694133359521e+18	0.30000000000000004
1.835475810581622e+18	0.4
2.421347494812579e+18	0.5
3.016195656316519e+18	0.6000000000000001
3.5412498202069786e+18	0.7000000000000001
4.103193146098087e+18	0.8
4.5871069332231885e+18	0.9
5.033220877264504e+18	1.0
5.448375230191375e+18	1.1
5.917006760774122e+18	1.2000000000000002
6.264726148571002e+18	1.3
6.555517330164234e+18	1.4000000000000001
6.859799462304011e+18	1.5
7.194823692438402e+18	1.6
7.393792756304337e+18	1.7000000000000002
7.641338767460913e+18	1.8
7.731878238406264e+18	1.9000000000000001
7.892389742215989e+18	2.0
8.083780983269594e+18	2.1
8.128592682252771e+18	2.2
8.134881062709291e+18	2.3000000000000003
8.096796264264089e+18	2.4000000000000004
8.063223824635449e+18	2.5
8.058700966347829e+18	2.6
7.943663935178605e+18	2.7
7.923644716427616e+18	2.8000000000000003
7.740710948355476e+18	2.9000000000000004
7.036537211853285e+18	3.0
5.639198385761103e+18	3.1
4.78084585296617e+18	3.2
4.0660515678746737e+18	3.3000000000000003
3.434462378484522e+18	3.4000000000000004
2.8095199488923914e+18	3.5
2.0518455034015857e+18	3.6
1.856456692041028e+18	3.7
1.6029259182567913e+18	3.8000000000000003
1.4691340392063383e+18	3.9000000000000004
1.3110449628513085e+18	4.0
1.1652827367510935e+18	4.1000000000000005
1.0409250534456476e+18	4.2
9.25552536148942e+17	4.3
8.047916918676887e+17	4.4
6.917256191595581e+17	4.5
6.025579087469885e+17	4.6000000000000005
4.9835386577031194e+17	4.7
4.078013492059026e+17	4.800000000000001
3.1650140854764326e+17	4.9
2.2100521381714435e+17	5.0
9.592141995396837e+16	5.1000000000000005
0.0	5.2
0.0	5.300000000000001
0.0	5.4
0.0	5.5
0.0	5.6000000000000005
0.0	5.7
0.0	5.800000000000001
0.0	5.9
0.0	6.0
