a = 7989.089158875808 м
b = 6330.663479982981 м
x0 = 7681.380945673377 м
vr = 1559.9850320649168 м/с
A0 = 1.1645926027117084 м
Xmax = 10356.721758842137 м
sigmaX = 4930.046335981909 м
sigmaY = 4791.320211739015 м
M0 = 1.768526395602561e+19 Н*м - интегральное значение сейсмического момента
Mr_max = 5.087428097798175e+18 Н*м/с - максимальное значение функции источника
1-ый столбец - источника
2-ой столбец - время
0.0	0.0
2352951757501709.5	0.1
2.9636344074399846e+17	0.2
5.847741006705004e+17	0.30000000000000004
8.670052572678925e+17	0.4
1.147491567431906e+18	0.5
1.4149398913781233e+18	0.6000000000000001
1.687007850811344e+18	0.7000000000000001
1.932824183754403e+18	0.8
2.208561659609402e+18	0.9
2.458203537371335e+18	1.0
2.6647197491395144e+18	1.1
2.881254146559628e+18	1.2000000000000002
3.1359403917403617e+18	1.3
3.352202048518483e+18	1.4000000000000001
3.504630744218877e+18	1.5
3.716755612552641e+18	1.6
3.89323583085561e+18	1.7000000000000002
4.0696269573741727e+18	1.8
4.189347053791791e+18	1.9000000000000001
4.3196438140375096e+18	2.0
4.4529355050981663e+18	2.1
4.5916704408080164e+18	2.2
4.673168628682016e+18	2.3000000000000003
4.732191233058969e+18	2.4000000000000004
4.823749914400635e+18	2.5
4.954969470011561e+18	2.6
4.948881680330564e+18	2.7
5.045641642599055e+18	2.8000000000000003
5.087428097798175e+18	2.9000000000000004
5.07757159911933e+18	3.0
5.046938505903416e+18	3.1
5.067495470690572e+18	3.2
5.067249752369837e+18	3.3000000000000003
5.066526331307856e+18	3.4000000000000004
5.053724264988189e+18	3.5
4.99179853101914e+18	3.6
4.953673140152735e+18	3.7
4.8977781315275e+18	3.8000000000000003
4.87636211161345e+18	3.9000000000000004
4.737245971400491e+18	4.0
4.670058747314831e+18	4.1000000000000005
3.998974964851999e+18	4.2
3.49179610774985e+18	4.3
3.0783061493366733e+18	4.4
2.7282820153207373e+18	4.5
2.443739293719863e+18	4.6000000000000005
2.1706317762411156e+18	4.7
1.9175022398820434e+18	4.800000000000001
1.6271888223986202e+18	4.9
1.3631390114981558e+18	5.0
1.1004792466009179e+18	5.1000000000000005
8.932567778372699e+17	5.2
6.383229861662348e+17	5.300000000000001
2.5708020887310605e+17	5.4
0.0	5.5
0.0	5.6000000000000005
0.0	5.7
0.0	5.800000000000001
0.0	5.9
0.0	6.0
0.0	6.1000000000000005
0.0	6.2
0.0	6.300000000000001
