a = 17429.366441369893 м
b = 14548.658074961784 м
x0 = 12024.746758954425 м
vr = 1828.634738878524 м/с
A0 = 1.4090890911356788 м
Xmax = 22038.181030276122 м
sigmaX = 4186.184622134185 м
sigmaY = 4598.801739617307 м
M0 = 2.818552179434622e+19 Н*м - интегральное значение сейсмического момента
Mr_max = 5.170646783631909e+18 Н*м/с - максимальное значение функции источника
1-ый столбец - источника
2-ой столбец - время
0.0	0.0
221185144219937.75	0.1
3.264426855654273e+16	0.2
6.515592187701121e+16	0.30000000000000004
9.856800624562469e+16	0.4
1.3323765882161493e+17	0.5
1.682776581405637e+17	0.6000000000000001
2.04870152034161e+17	0.7000000000000001
2.4345232509551194e+17	0.8
2.8710580296102698e+17	0.9
3.314963196848101e+17	1.0
3.7856754858284243e+17	1.1
4.27684724323128e+17	1.2000000000000002
4.794150320496596e+17	1.3
5.274202543374546e+17	1.4000000000000001
5.903492220827752e+17	1.5
6.682616630950783e+17	1.6
7.343052691729345e+17	1.7000000000000002
8.040057445907213e+17	1.8
8.801033823606685e+17	1.9000000000000001
9.679285752289425e+17	2.0
1.05393530120795e+18	2.1
1.1402791099637907e+18	2.2
1.233911241068804e+18	2.3000000000000003
1.3584494589097364e+18	2.4000000000000004
1.4633415409167089e+18	2.5
1.548668005289232e+18	2.6
1.6783617704104673e+18	2.7
1.786711620732526e+18	2.8000000000000003
1.9174792546726979e+18	2.9000000000000004
2.057141583614966e+18	3.0
2.1926691034087498e+18	3.1
2.306251133418443e+18	3.2
2.4389949216112415e+18	3.3000000000000003
2.6031300561954053e+18	3.4000000000000004
2.729365432678076e+18	3.5
2.8759981105615857e+18	3.6
3.0020995926189635e+18	3.7
3.1698338518997197e+18	3.8000000000000003
3.295790604414698e+18	3.9000000000000004
3.4505224328831483e+18	4.0
3.5758344836359127e+18	4.1000000000000005
3.748558908522844e+18	4.2
3.8552078859837e+18	4.3
3.965402448779325e+18	4.4
4.1201322923931807e+18	4.5
4.251421115602271e+18	4.6000000000000005
4.326671164882136e+18	4.7
4.48189171332002e+18	4.800000000000001
4.5637572143475973e+18	4.9
4.69247535909185e+18	5.0
4.767677497529966e+18	5.1000000000000005
4.883303922629507e+18	5.2
4.89677383130034e+18	5.300000000000001
4.933957150019506e+18	5.4
5.00198784731209e+18	5.5
5.074504467039821e+18	5.6000000000000005
5.115776249297208e+18	5.7
5.093154276028349e+18	5.800000000000001
5.123184118060818e+18	5.9
5.170646783631909e+18	6.0
5.133286799792175e+18	6.1000000000000005
5.115076310982648e+18	6.2
5.046844291377451e+18	6.300000000000001
5.052380750708507e+18	6.4
5.035242941322467e+18	6.5
4.977488497502133e+18	6.6000000000000005
4.840316897621006e+18	6.7
4.801635512789901e+18	6.800000000000001
4.666505026306694e+18	6.9
4.672205712980534e+18	7.0
4.5282531002911534e+18	7.1000000000000005
4.4299952472440187e+18	7.2
4.3049510683265946e+18	7.300000000000001
4.193170603583858e+18	7.4
4.09369700606256e+18	7.5
3.943081170030185e+18	7.6000000000000005
3.799855810506182e+18	7.7
3.6841868111423273e+18	7.800000000000001
3.589878952690743e+18	7.9
3.395280542974569e+18	8.0
3.237047054289806e+18	8.1
3.1158098621786716e+18	8.200000000000001
3.0042942987363533e+18	8.3
2.8518986793575045e+18	8.4
2.746208204438262e+18	8.5
2.582960431176934e+18	8.6
2.434449774858141e+18	8.700000000000001
2.3169894251971743e+18	8.8
2.1896869166661768e+18	8.9
2.0558475191737257e+18	9.0
1.944080312336019e+18	9.1
1.8184842964309501e+18	9.200000000000001
1.700338950918525e+18	9.3
1.586764222528797e+18	9.4
1.4755664330422262e+18	9.5
1.3832827406207217e+18	9.600000000000001
1.2764251798742666e+18	9.700000000000001
1.1819745238125924e+18	9.8
1.0928485940088809e+18	9.9
1.0028560334213804e+18	10.0
9.219378932516104e+17	10.100000000000001
8.461716308667724e+17	10.200000000000001
7.731819099040663e+17	10.3
7.066478531127351e+17	10.4
6.391185413358779e+17	10.5
5.848577359642652e+17	10.600000000000001
5.2736334685075834e+17	10.700000000000001
4.7665542310067136e+17	10.8
4.2657062500563654e+17	10.9
3.860879186512436e+17	11.0
3.414391847163024e+17	11.100000000000001
3.041816394642613e+17	11.200000000000001
2.6975952704515152e+17	11.3
2.359963175943446e+17	11.4
2.0942016081245795e+17	11.5
1.809456745520198e+17	11.600000000000001
1.5700071455771488e+17	11.700000000000001
1.3454013772801883e+17	11.8
1.1481023286901046e+17	11.9
9.648890381672035e+16	12.0
7.94740301833667e+16	12.100000000000001
6.405338119594222e+16	12.200000000000001
5.003339217358796e+16	12.3
3.645746744162081e+16	12.4
2.2554223694606096e+16	12.5
0.0	12.600000000000001
0.0	12.700000000000001
0.0	12.8
0.0	12.9
0.0	13.0
0.0	13.100000000000001
0.0	13.200000000000001
0.0	13.3
0.0	13.4
