a = 4423.145491628098 м
b = 3266.0156048315202 м
x0 = 1190.955697915135 м
vr = 1658.6010284244246 м/с
A0 = 0.5110153805869458 м
Xmax = 5714.331433422335 м
sigmaX = 4050.224724319393 м
sigmaY = 4285.035663358078 м
M0 = 3.0175147290910863e+18 Н*м - интегральное значение сейсмического момента
Mr_max = 9.099518638278012e+17 Н*м/с - максимальное значение функции источника
1-ый столбец - источника
2-ой столбец - время
0.0	0.0
682190869862135.8	0.1
8.935096392174706e+16	0.2
1.7911179228384787e+17	0.30000000000000004
2.6751995390590973e+17	0.4
3.5602770869360314e+17	0.5
4.383852666102327e+17	0.6000000000000001
5.196895478994353e+17	0.7000000000000001
6.04392314734941e+17	0.8
5.843747014717423e+17	0.9
6.04279937993037e+17	1.0
6.333349578579432e+17	1.1
6.45713264288962e+17	1.2000000000000002
6.883573749084479e+17	1.3
7.250708638385851e+17	1.4000000000000001
7.55309112466817e+17	1.5
7.864966676059013e+17	1.6
8.07748309853652e+17	1.7000000000000002
8.515182894540246e+17	1.8
8.738506364497376e+17	1.9000000000000001
8.85772785557399e+17	2.0
8.898724794449752e+17	2.1
8.910531918155668e+17	2.2
8.955757643479478e+17	2.3000000000000003
9.052170395966924e+17	2.4000000000000004
9.079416010881048e+17	2.5
9.099518638278012e+17	2.6
9.031192103046724e+17	2.7
9.049707394580264e+17	2.8000000000000003
8.975574344903936e+17	2.9000000000000004
8.872307662676357e+17	3.0
8.700323975877786e+17	3.1
8.460580690944774e+17	3.2
8.117487130722668e+17	3.3000000000000003
8.004843365647642e+17	3.4000000000000004
7.536174079026762e+17	3.5
7.376611878024536e+17	3.6
7.080398012481567e+17	3.7
6.659754752916847e+17	3.8000000000000003
6.281443596709938e+17	3.9000000000000004
5.862685503912339e+17	4.0
5.455625157562598e+17	4.1000000000000005
4.916240718417603e+17	4.2
4.364601163988318e+17	4.3
3.822894855850529e+17	4.4
3.1062242811387174e+17	4.5
2.2499435208193494e+17	4.6000000000000005
8.608729119902494e+16	4.7
0.0	4.800000000000001
0.0	4.9
0.0	5.0
0.0	5.1000000000000005
0.0	5.2
0.0	5.300000000000001
0.0	5.4
0.0	5.5
0.0	5.6000000000000005
