a = 7857.9421327766495 м
b = 8601.802188274341 м
x0 = 259.8112417253848 м
vr = 1683.628418661609 м/с
A0 = 2.159993109047469 м
Xmax = 6584.020964599102 м
sigmaX = 4897.268396672516 м
sigmaY = 4478.4704913717915 м
M0 = 3.82666546331487e+19 Н*м - интегральное значение сейсмического момента
Mr_max = 6.976800415632046e+18 Н*м/с - максимальное значение функции источника
1-ый столбец - источника
2-ой столбец - время
0.0	0.0
2369660087487756.0	0.1
3.201664157143704e+17	0.2
5.0699567519708525e+17	0.30000000000000004
6.628081649069513e+17	0.4
8.308898711525402e+17	0.5
1.007962890121432e+18	0.6000000000000001
1.2144132483864983e+18	0.7000000000000001
1.38784443204422e+18	0.8
1.607548673344734e+18	0.9
1.8013042024419702e+18	1.0
1.992601122413307e+18	1.1
2.225722888393035e+18	1.2000000000000002
2.433547627081744e+18	1.3
2.6278195597111286e+18	1.4000000000000001
2.8735428056548925e+18	1.5
3.071624103031697e+18	1.6
3.314120235532042e+18	1.7000000000000002
3.4952108095099766e+18	1.8
3.6916464696240364e+18	1.9000000000000001
3.91764155972679e+18	2.0
4.1457856359569915e+18	2.1
4.283516441631216e+18	2.2
4.562938846772165e+18	2.3000000000000003
4.722501022494796e+18	2.4000000000000004
4.944827420115918e+18	2.5
5.086265108373219e+18	2.6
5.26674307771562e+18	2.7
5.496277568242726e+18	2.8000000000000003
5.586989282394477e+18	2.9000000000000004
5.788314300149828e+18	3.0
5.959948650309604e+18	3.1
6.025760706275417e+18	3.2
6.171884051513295e+18	3.3000000000000003
6.375126674268044e+18	3.4000000000000004
6.388174099060596e+18	3.5
6.527037663617992e+18	3.6
6.613735732835091e+18	3.7
6.661260176876886e+18	3.8000000000000003
6.70278405526573e+18	3.9000000000000004
6.808820614169524e+18	4.0
6.82241535636965e+18	4.1000000000000005
6.806362567610761e+18	4.2
6.819234502107114e+18	4.3
6.976800415632046e+18	4.4
6.835297935044899e+18	4.5
6.83801272398881e+18	4.6000000000000005
6.868821024830745e+18	4.7
6.799712169339821e+18	4.800000000000001
6.711982088783556e+18	4.9
6.691068500973139e+18	5.0
6.632375751868235e+18	5.1000000000000005
6.585133717604226e+18	5.2
6.440052913643003e+18	5.300000000000001
6.389163231523383e+18	5.4
6.29718321798771e+18	5.5
6.118150406805097e+18	5.6000000000000005
6.176938469310226e+18	5.7
5.946651752369171e+18	5.800000000000001
5.765075540525814e+18	5.9
5.7167458734505e+18	6.0
5.495552998536092e+18	6.1000000000000005
5.431765447665285e+18	6.2
5.274093000762196e+18	6.300000000000001
5.126238959646977e+18	6.4
4.98122755420373e+18	6.5
4.791186184474586e+18	6.6000000000000005
4.708485859943879e+18	6.7
4.5098480695103974e+18	6.800000000000001
4.3097916571544576e+18	6.9
4.126182430118201e+18	7.0
3.9926470126645857e+18	7.1000000000000005
3.829518270300976e+18	7.2
3.682071666332173e+18	7.300000000000001
3.4799749309911286e+18	7.4
3.3263065881531095e+18	7.5
3.1647820523911004e+18	7.6000000000000005
2.985926902903511e+18	7.7
2.85012786891844e+18	7.800000000000001
2.692767081358423e+18	7.9
2.5232830736740623e+18	8.0
2.3633718249345997e+18	8.1
2.215226616238825e+18	8.200000000000001
2.0562460793735752e+18	8.3
1.91871743680724e+18	8.4
1.764261854571306e+18	8.5
1.6080385803976128e+18	8.6
1.4569940005581924e+18	8.700000000000001
1.3043826985098496e+18	8.8
1.1371806804661402e+18	8.9
9.608943342034554e+17	9.0
7.583839007692934e+17	9.1
4.99421013070574e+17	9.200000000000001
0.0	9.3
0.0	9.4
0.0	9.5
0.0	9.600000000000001
0.0	9.700000000000001
0.0	9.8
0.0	9.9
0.0	10.0
0.0	10.100000000000001
0.0	10.200000000000001
0.0	10.3
0.0	10.4
0.0	10.5
0.0	10.600000000000001
0.0	10.700000000000001
0.0	10.8
0.0	10.9
0.0	11.0
