a = 12106.131059309771 м
b = 10112.496738717578 м
x0 = 9934.12390459875 м
vr = 1537.729311193269 м/с
A0 = 1.6829463264304243 м
Xmax = 13867.65138535914 м
sigmaX = 4647.312254835479 м
sigmaY = 4536.67727069619 м
M0 = 3.539690629583147e+19 Н*м - интегральное значение сейсмического момента
Mr_max = 6.733982183144431e+18 Н*м/с - максимальное значение функции источника
1-ый столбец - источника
2-ой столбец - время
0.0	0.0
2713592304130503.5	0.1
3.3385637169797786e+17	0.2
6.616358911923745e+17	0.30000000000000004
9.90446013571589e+17	0.4
1.3169676129976806e+18	0.5
1.6334440781299604e+18	0.6000000000000001
1.9418521599497592e+18	0.7000000000000001
2.2559934312321326e+18	0.8
2.5712936686550124e+18	0.9
2.8726280336981007e+18	1.0
3.1345133894242693e+18	1.1
3.3910873112634865e+18	1.2000000000000002
3.6808115851550746e+18	1.3
3.966661024714872e+18	1.4000000000000001
4.176228353264096e+18	1.5
4.434536330733162e+18	1.6
4.628458669846946e+18	1.7000000000000002
4.920329479418248e+18	1.8
5.077940108186798e+18	1.9000000000000001
5.272008397023657e+18	2.0
5.456810548401331e+18	2.1
5.611784413354418e+18	2.2
5.763903640309735e+18	2.3000000000000003
5.906979358737214e+18	2.4000000000000004
6.052932149772827e+18	2.5
6.198919624326372e+18	2.6
6.296437422650597e+18	2.7
6.389549335305553e+18	2.8000000000000003
6.491194137535788e+18	2.9000000000000004
6.508451039850759e+18	3.0
6.571395273056764e+18	3.1
6.593885947224731e+18	3.2
6.669574862254294e+18	3.3000000000000003
6.615811008974199e+18	3.4000000000000004
6.733982183144431e+18	3.5
6.715069328998835e+18	3.6
6.731360706015574e+18	3.7
6.613938338772028e+18	3.8000000000000003
6.62632529545955e+18	3.9000000000000004
6.564648100883554e+18	4.0
6.567229254253843e+18	4.1000000000000005
6.424606323139266e+18	4.2
6.41009205384887e+18	4.3
6.333465922026003e+18	4.4
6.286426803673902e+18	4.5
6.129187391965974e+18	4.6000000000000005
6.024273703031539e+18	4.7
5.918616837586766e+18	4.800000000000001
5.807389669981607e+18	4.9
5.662515780277443e+18	5.0
5.580983000364478e+18	5.1000000000000005
5.401678552392893e+18	5.2
5.337148869997915e+18	5.300000000000001
5.141201982722756e+18	5.4
5.007445914683614e+18	5.5
4.880702005357894e+18	5.6000000000000005
4.725945660916765e+18	5.7
4.57871725134293e+18	5.800000000000001
4.466958303435914e+18	5.9
4.313145827227449e+18	6.0
4.139806168516655e+18	6.1000000000000005
3.9731781995630213e+18	6.2
3.882354960949177e+18	6.300000000000001
3.531218188993212e+18	6.4
3.329165383179416e+18	6.5
3.1053491344038303e+18	6.6000000000000005
2.902939285448583e+18	6.7
2.790373571778976e+18	6.800000000000001
2.6045302601914916e+18	6.9
2.4813292192681047e+18	7.0
2.3612042529125284e+18	7.1000000000000005
2.203966845638577e+18	7.2
2.0561841078470513e+18	7.300000000000001
1.9084357218410132e+18	7.4
1.8097027694536755e+18	7.5
1.6872503791974356e+18	7.6000000000000005
1.5656214622456602e+18	7.7
1.445049614235732e+18	7.800000000000001
1.3393334121569024e+18	7.9
1.2358044563360125e+18	8.0
1.13873833995502e+18	8.1
1.046346518096442e+18	8.200000000000001
9.490028805405184e+17	8.3
8.656918098858106e+17	8.4
7.76658813417386e+17	8.5
7.010412175428687e+17	8.6
6.204067574698857e+17	8.700000000000001
5.424636466260965e+17	8.8
4.710861025281084e+17	8.9
3.967879199097555e+17	9.0
3.250591098961932e+17	9.1
2.47970598251489e+17	9.200000000000001
1.6092252432216413e+17	9.3
0.0	9.4
0.0	9.5
0.0	9.600000000000001
0.0	9.700000000000001
0.0	9.8
0.0	9.9
0.0	10.0
0.0	10.100000000000001
0.0	10.200000000000001
