a = 4863.862296022817 м
b = 4468.624697470565 м
x0 = 520.8282547867891 м
vr = 2206.417453733 м/с
A0 = 1.2229872364058665 м
Xmax = 3792.6718205244924 м
sigmaX = 4782.619646940756 м
sigmaY = 4053.506553802435 м
M0 = 1.0518823939924445e+19 Н*м - интегральное значение сейсмического момента
Mr_max = 3.726446110040246e+18 Н*м/с - максимальное значение функции источника
1-ый столбец - источника
2-ой столбец - время
0.0	0.0
3205038058144023.5	0.1
5.666422191176629e+17	0.2
1.1171627699307578e+18	0.30000000000000004
1.3217942726839468e+18	0.4
1.514032683217155e+18	0.5
1.7454938953645647e+18	0.6000000000000001
1.9776899822724372e+18	0.7000000000000001
2.1750302171148365e+18	0.8
2.4403547484808637e+18	0.9
2.622605394730992e+18	1.0
2.7970814522414725e+18	1.1
2.995823632734389e+18	1.2000000000000002
3.145211475375182e+18	1.3
3.299002448745044e+18	1.4000000000000001
3.4062102765272776e+18	1.5
3.5206973957066225e+18	1.6
3.5572298406586655e+18	1.7000000000000002
3.6077303125047383e+18	1.8
3.655514761761136e+18	1.9000000000000001
3.655002419147782e+18	2.0
3.6819253864615526e+18	2.1
3.726446110040246e+18	2.2
3.5885619833554427e+18	2.3000000000000003
3.5918818404629545e+18	2.4000000000000004
3.508854994176952e+18	2.5
3.3944786833310285e+18	2.6
3.336486398052384e+18	2.7
3.172019076910474e+18	2.8000000000000003
3.053694820202144e+18	2.9000000000000004
2.9458278134318444e+18	3.0
2.855525878888511e+18	3.1
2.6522615974639017e+18	3.2
2.5117300176262656e+18	3.3000000000000003
2.3375794316468065e+18	3.4000000000000004
2.1694307188027108e+18	3.5
1.9946949123167788e+18	3.6
1.8127544940265208e+18	3.7
1.6100256034889285e+18	3.8000000000000003
1.4096548589452797e+18	3.9000000000000004
1.1888058927016837e+18	4.0
9.306469215292408e+17	4.1000000000000005
5.914367290091407e+17	4.2
0.0	4.3
0.0	4.4
0.0	4.5
0.0	4.6000000000000005
0.0	4.7
0.0	4.800000000000001
0.0	4.9
0.0	5.0
0.0	5.1000000000000005
