a = 9409.411269384147 м
b = 8549.081819904635 м
x0 = 1981.4467802146737 м
vr = 1729.9893726374578 м/с
A0 = 1.2919682574734146 м
Xmax = 11440.9706060234 м
sigmaX = 4245.997906049545 м
sigmaY = 4321.598254235331 м
M0 = 2.090748018663055e+19 Н*м - интегральное значение сейсмического момента
Mr_max = 3.971900401706596e+18 Н*м/с - максимальное значение функции источника
1-ый столбец - источника
2-ой столбец - время
0.0	0.0
280807137348049.47	0.1
3.906733001673364e+16	0.2
7.848288724533027e+16	0.30000000000000004
1.1657542948564923e+17	0.4
1.571002400313897e+17	0.5
1.9789796718575226e+17	0.6000000000000001
2.3894875179449862e+17	0.7000000000000001
2.8403921617258534e+17	0.8
3.290936794109122e+17	0.9
3.783676676754803e+17	1.0
4.2409821238958074e+17	1.1
4.7763651773451616e+17	1.2000000000000002
5.178300428227652e+17	1.3
5.6125021867903974e+17	1.4000000000000001
6.115156105606317e+17	1.5
6.65030815914987e+17	1.6
7.325719588133112e+17	1.7000000000000002
8.020715568491528e+17	1.8
8.484202098654213e+17	1.9000000000000001
9.364617842903139e+17	2.0
1.0161975328293056e+18	2.1
1.091637963235863e+18	2.2
1.1833225259173645e+18	2.3000000000000003
1.2604085430388342e+18	2.4000000000000004
1.351476381146035e+18	2.5
1.4434771573008502e+18	2.6
1.5251768122781217e+18	2.7
1.6113509097188913e+18	2.8000000000000003
1.7492040711316355e+18	2.9000000000000004
1.8029381799200942e+18	3.0
1.940309753733202e+18	3.1
2.0310673853678538e+18	3.2
2.1343753080796147e+18	3.3000000000000003
2.2574858005213514e+18	3.4000000000000004
2.35790281352244e+18	3.5
2.450808341748001e+18	3.6
2.5837088724792806e+18	3.7
2.661366443871033e+18	3.8000000000000003
2.797059849317742e+18	3.9000000000000004
2.8741179303843686e+18	4.0
2.966241991639303e+18	4.1000000000000005
3.0909803937260544e+18	4.2
3.1461682189411804e+18	4.3
3.2585768114979697e+18	4.4
3.3406735334067005e+18	4.5
3.4367944776465213e+18	4.6000000000000005
3.4927180058999004e+18	4.7
3.5600609778616975e+18	4.800000000000001
3.63733381749083e+18	4.9
3.7078126561990436e+18	5.0
3.742097908294277e+18	5.1000000000000005
3.8036131956927386e+18	5.2
3.844711757984537e+18	5.300000000000001
3.8703988658271427e+18	5.4
3.911210624044568e+18	5.5
3.971900401706596e+18	5.6000000000000005
3.9357927939734195e+18	5.7
3.9433478298413286e+18	5.800000000000001
3.924373770686113e+18	5.9
3.908408862706459e+18	6.0
3.9024502948811546e+18	6.1000000000000005
3.8634744190847647e+18	6.2
3.8632883946662963e+18	6.300000000000001
3.795573937883491e+18	6.4
3.753988121523317e+18	6.5
3.7094576262144753e+18	6.6000000000000005
3.6792051598446464e+18	6.7
3.583646566304642e+18	6.800000000000001
3.5064565694930616e+18	6.9
3.4314371619001994e+18	7.0
3.3512048097130593e+18	7.1000000000000005
3.2572255070655764e+18	7.2
3.1967953797751854e+18	7.300000000000001
3.0741785319375764e+18	7.4
2.9863850533812536e+18	7.5
2.8741798921307505e+18	7.6000000000000005
2.781477669431099e+18	7.7
2.659298210202655e+18	7.800000000000001
2.5494913966152346e+18	7.9
2.4402302849560125e+18	8.0
2.3316868025878313e+18	8.1
2.204649822849774e+18	8.200000000000001
2.0881819986665766e+18	8.3
1.9810330284580805e+18	8.4
1.8617596465782835e+18	8.5
1.738532289433406e+18	8.6
1.6315355603697587e+18	8.700000000000001
1.5048936327891756e+18	8.8
1.3977170588666547e+18	8.9
1.2845999885573642e+18	9.0
1.1581337732938184e+18	9.1
1.0488743697969495e+18	9.200000000000001
9.227795068551562e+17	9.3
8.100133179204298e+17	9.4
6.83598526028993e+17	9.5
5.5163039226114003e+17	9.600000000000001
4.056126020687289e+17	9.700000000000001
1.96774187235238e+17	9.8
0.0	9.9
0.0	10.0
0.0	10.100000000000001
0.0	10.200000000000001
0.0	10.3
0.0	10.4
0.0	10.5
0.0	10.600000000000001
0.0	10.700000000000001
