a = 9993.053749868159 м
b = 11739.089123839944 м
x0 = 4951.219705898594 м
vr = 1716.1114414440394 м/с
A0 = 1.8179811967015473 м
Xmax = 10853.07523395852 м
sigmaX = 4663.737479279687 м
sigmaY = 4871.045728570978 м
M0 = 3.9847545890484535e+19 Н*м - интегральное значение сейсмического момента
Mr_max = 7.24629526892782e+18 Н*м/с - максимальное значение функции источника
1-ый столбец - источника
2-ой столбец - время
0.0	0.0
2103413072193771.2	0.1
2.922836583957343e+17	0.2
5.741565512683967e+17	0.30000000000000004
8.639351883539045e+17	0.4
1.1440371800418203e+18	0.5
1.4247580105595018e+18	0.6000000000000001
1.6818911949629181e+18	0.7000000000000001
1.9618411435034248e+18	0.8
2.2378010458662994e+18	0.9
2.4929627102861804e+18	1.0
2.749833043071762e+18	1.1
3.0351178819558774e+18	1.2000000000000002
3.308674327940831e+18	1.3
3.5361362817504527e+18	1.4000000000000001
3.7917824005293737e+18	1.5
4.0614192010390784e+18	1.6
4.3253859316716513e+18	1.7000000000000002
4.4869988079884196e+18	1.8
4.726097798604645e+18	1.9000000000000001
4.988577154391676e+18	2.0
5.121577954720126e+18	2.1
5.365493923516843e+18	2.2
5.529513695967607e+18	2.3000000000000003
5.750835774401307e+18	2.4000000000000004
5.92582277071776e+18	2.5
6.078728363861693e+18	2.6
6.270130457931645e+18	2.7
6.435699713295752e+18	2.8000000000000003
6.549903708871871e+18	2.9000000000000004
6.655904958895562e+18	3.0
6.742431088688473e+18	3.1
6.765981248181752e+18	3.2
6.864742647903999e+18	3.3000000000000003
6.871458558062178e+18	3.4000000000000004
6.99197219774944e+18	3.5
6.958357709644047e+18	3.6
7.087670458436541e+18	3.7
7.0903274978748e+18	3.8000000000000003
7.14558481967231e+18	3.9000000000000004
7.173856421383124e+18	4.0
7.24629526892782e+18	4.1000000000000005
7.120247904089979e+18	4.2
7.16616448167516e+18	4.3
7.11138354851398e+18	4.4
7.062560743598426e+18	4.5
7.065926403091714e+18	4.6000000000000005
7.006141392055129e+18	4.7
6.938045744428101e+18	4.800000000000001
6.782181420407096e+18	4.9
6.781939962917654e+18	5.0
6.663183353508564e+18	5.1000000000000005
6.568338924023818e+18	5.2
6.47248383287005e+18	5.300000000000001
6.314390503781462e+18	5.4
6.195908455062405e+18	5.5
6.062600381983102e+18	5.6000000000000005
5.92961587014786e+18	5.7
5.747672294430907e+18	5.800000000000001
5.604035619986794e+18	5.9
5.425887205283324e+18	6.0
5.309239986130125e+18	6.1000000000000005
5.121890520016484e+18	6.2
5.096828319781194e+18	6.300000000000001
4.856282162773239e+18	6.4
4.61597861460434e+18	6.5
4.481635150197389e+18	6.6000000000000005
4.3181163469067663e+18	6.7
4.113039472225422e+18	6.800000000000001
3.9486988662002744e+18	6.9
3.78839796558115e+18	7.0
3.587722900858568e+18	7.1000000000000005
3.4287869403778417e+18	7.2
3.273791627834208e+18	7.300000000000001
3.1278272198849874e+18	7.4
2.959795740749716e+18	7.5
2.7982364634869893e+18	7.6000000000000005
2.6392625452937293e+18	7.7
2.489815288838119e+18	7.800000000000001
2.321873260263801e+18	7.9
2.1603744536823908e+18	8.0
2.0283104002210465e+18	8.1
1.888515823561313e+18	8.200000000000001
1.7404355998533962e+18	8.3
1.5882089153041357e+18	8.4
1.4280947062244234e+18	8.5
1.2623011288794358e+18	8.6
1.046452029870802e+18	8.700000000000001
7.287562494296567e+17	8.8
0.0	8.9
0.0	9.0
0.0	9.1
0.0	9.200000000000001
0.0	9.3
0.0	9.4
0.0	9.5
0.0	9.600000000000001
0.0	9.700000000000001
0.0	9.8
0.0	9.9
0.0	10.0
0.0	10.100000000000001
0.0	10.200000000000001
0.0	10.3
0.0	10.4
0.0	10.5
0.0	10.600000000000001
0.0	10.700000000000001
0.0	10.8
0.0	10.9
0.0	11.0
0.0	11.100000000000001
0.0	11.200000000000001
0.0	11.3
0.0	11.4
0.0	11.5
0.0	11.600000000000001
0.0	11.700000000000001
