a = 16253.885234228981 м
b = 12504.84113687 м
x0 = 3473.28034307484 м
vr = 1866.070315520381 м/с
A0 = 1.588547288432122 м
Xmax = 14591.71761971863 м
sigmaX = 4166.627100439897 м
sigmaY = 4885.341422059294 м
M0 = 3.3718341328030495e+19 Н*м - интегральное значение сейсмического момента
Mr_max = 6.257331734862438e+18 Н*м/с - максимальное значение функции источника
1-ый столбец - источника
2-ой столбец - время
0.0	0.0
126553215170510.53	0.1
1.90523151285174e+16	0.2
3.8322461136096984e+16	0.30000000000000004
5.7663135248048216e+16	0.4
7.821723460996109e+16	0.5
1.003109653500894e+17	0.6000000000000001
1.2310655345879944e+17	0.7000000000000001
1.4884375072352848e+17	0.8
1.7622859925613997e+17	0.9
2.0414578806604294e+17	1.0
2.3783539425253594e+17	1.1
2.7103792906360902e+17	1.2000000000000002
3.070123502894524e+17	1.3
3.4995364274347264e+17	1.4000000000000001
3.9626814399787014e+17	1.5
4.451627552016739e+17	1.6
5.0150689773129504e+17	1.7000000000000002
5.602958135836998e+17	1.8
6.236477542321604e+17	1.9000000000000001
6.863947823884237e+17	2.0
7.628297567190505e+17	2.1
8.351092286543892e+17	2.2
9.204671392979949e+17	2.3000000000000003
1.0185224138594188e+18	2.4000000000000004
1.1075731011438063e+18	2.5
1.2136744502544174e+18	2.6
1.3214008631932372e+18	2.7
1.4464209440612756e+18	2.8000000000000003
1.5665179928159923e+18	2.9000000000000004
1.6899251731679434e+18	3.0
1.8121949324111808e+18	3.1
1.9661687004476355e+18	3.2
2.1208352362904937e+18	3.3000000000000003
2.267675803818789e+18	3.4000000000000004
2.4163771292797563e+18	3.5
2.57750878594876e+18	3.6
2.7345436400435937e+18	3.7
2.9105395070990863e+18	3.8000000000000003
3.0732785100406313e+18	3.9000000000000004
3.2121117782144384e+18	4.0
3.4508088298064205e+18	4.1000000000000005
3.61423219393306e+18	4.2
3.7786899683510815e+18	4.3
3.949965356854421e+18	4.4
4.112549959137036e+18	4.5
4.301657664474903e+18	4.6000000000000005
4.4575601624715566e+18	4.7
4.633556146744686e+18	4.800000000000001
4.771885198651624e+18	4.9
4.959100558860439e+18	5.0
5.124309013056426e+18	5.1000000000000005
5.285628704986822e+18	5.2
5.369021427231072e+18	5.300000000000001
5.514711914475992e+18	5.4
5.671832057505057e+18	5.5
5.78000739138935e+18	5.6000000000000005
5.929178494554581e+18	5.7
5.913981157828698e+18	5.800000000000001
6.018981080663961e+18	5.9
6.051939133008647e+18	6.0
6.167282307581326e+18	6.1000000000000005
6.152334321614054e+18	6.2
6.206316910362966e+18	6.300000000000001
6.257331734862438e+18	6.4
6.25253365813363e+18	6.5
6.216520753210063e+18	6.6000000000000005
6.159319718693063e+18	6.7
6.208748547268026e+18	6.800000000000001
6.122184406917459e+18	6.9
6.086833560225252e+18	7.0
5.974596183637901e+18	7.1000000000000005
5.860232716234619e+18	7.2
5.835507562820207e+18	7.300000000000001
5.720825999781898e+18	7.4
5.571988548308868e+18	7.5
5.474850403884563e+18	7.6000000000000005
5.333589419100394e+18	7.7
5.172483636515115e+18	7.800000000000001
5.059837019059168e+18	7.9
4.859871383078401e+18	8.0
4.743827434856174e+18	8.1
4.5766410524461e+18	8.200000000000001
4.365950893341496e+18	8.3
4.2358113575975163e+18	8.4
4.0221471531770424e+18	8.5
3.874601561697008e+18	8.6
3.702596743670606e+18	8.700000000000001
3.54105715429292e+18	8.8
3.3282632645139814e+18	8.9
3.1848260031186785e+18	9.0
3.0022567314926316e+18	9.1
2.8496745971814625e+18	9.200000000000001
2.704264671019209e+18	9.3
2.5364138678645146e+18	9.4
2.3690979879654103e+18	9.5
2.2266171097759596e+18	9.600000000000001
2.0665401415503795e+18	9.700000000000001
1.9330623853313592e+18	9.8
1.7962643134691407e+18	9.9
1.6669947540522803e+18	10.0
1.5567272937518525e+18	10.100000000000001
1.4295472362761774e+18	10.200000000000001
1.3238133209446735e+18	10.3
1.2190689979747948e+18	10.4
1.1170891907274598e+18	10.5
1.0296475188022212e+18	10.600000000000001
9.358728407572424e+17	10.700000000000001
8.62972689783003e+17	10.8
7.84706625760372e+17	10.9
7.106659117910193e+17	11.0
6.412343393800221e+17	11.100000000000001
5.811209493461605e+17	11.200000000000001
5.2167343742246483e+17	11.3
4.7350290667982925e+17	11.4
4.239565461125782e+17	11.5
3.8161882978005094e+17	11.600000000000001
3.446677532100063e+17	11.700000000000001
3.0349416844769306e+17	11.8
2.7177426607871965e+17	11.9
2.3835083601419165e+17	12.0
2.1326914776263024e+17	12.100000000000001
1.8648801004109904e+17	12.200000000000001
1.6638504353218288e+17	12.3
1.4584761811008432e+17	12.4
1.2771368319721445e+17	12.5
1.1214795200776222e+17	12.600000000000001
9.716055059794968e+16	12.700000000000001
8.435598424890925e+16	12.8
7.346557572210738e+16	12.9
6.351011676379051e+16	13.0
5.483246032749488e+16	13.100000000000001
4.678754185988475e+16	13.200000000000001
4.0351273178342264e+16	13.3
3.4553980074759104e+16	13.4
2.9495196767221148e+16	13.5
2.5024285377455776e+16	13.600000000000001
2.131239436630766e+16	13.700000000000001
1.793620923168195e+16	13.8
1.5075534029182516e+16	13.9
1.2668444626410508e+16	14.0
1.0586054103035526e+16	14.100000000000001
8788111718160951.0	14.200000000000001
7263118578837156.0	14.3
5967382974309528.0	14.4
4908021474253824.0	14.5
3989937772221634.0	14.600000000000001
3238054452578523.0	14.700000000000001
2614893871170007.0	14.8
2064480128072502.0	14.9
1627067906405936.5	15.0
1269707117987212.2	15.100000000000001
967132489836308.9	15.200000000000001
718513831145514.5	15.3
513034544371708.75	15.4
336591990198345.3	15.5
172226361868743.72	15.600000000000001
0.0	15.700000000000001
0.0	15.8
0.0	15.9
0.0	16.0
0.0	16.1
0.0	16.2
0.0	16.3
0.0	16.400000000000002
0.0	16.5
