a = 12439.8944208718 м
b = 12452.798022553376 м
x0 = 2731.153300003724 м
vr = 1501.3087143608116 м/с
A0 = 0.5913150047796127 м
Xmax = 13720.19277699873 м
sigmaX = 4110.974281552476 м
sigmaY = 4363.677078995738 м
M0 = 1.0760429418888126e+19 Н*м - интегральное значение сейсмического момента
Mr_max = 1.6448009852532716e+18 Н*м/с - максимальное значение функции источника
1-ый столбец - источника
2-ой столбец - время
0.0	0.0
37484369250211.805	0.1
4582750216305484.0	0.2
9104182834924158.0	0.30000000000000004
1.3708853656509372e+16	0.4
1.835368815365284e+16	0.5
2.3512564010968864e+16	0.6000000000000001
2.853148661324373e+16	0.7000000000000001
3.3769374602796316e+16	0.8
3.955704444382656e+16	0.9
4.59404404609389e+16	1.0
5.249118440001732e+16	1.1
5.8723889801203944e+16	1.2000000000000002
6.658229773461943e+16	1.3
7.40633507932087e+16	1.4000000000000001
8.236912782492877e+16	1.5
9.164358960484035e+16	1.6
1.017557899334644e+17	1.7000000000000002
1.1191362413661902e+17	1.8
1.2298078787911382e+17	1.9000000000000001
1.3299706213413258e+17	2.0
1.4742361532097504e+17	2.1
1.589197821368818e+17	2.2
1.7485831732580618e+17	2.3000000000000003
1.9095455626546416e+17	2.4000000000000004
2.0576574920689654e+17	2.5
2.2306834027304912e+17	2.6
2.4033117942891952e+17	2.7
2.6111756618433907e+17	2.8000000000000003
2.823017871986524e+17	2.9000000000000004
3.0224482432963674e+17	3.0
3.219250987415919e+17	3.1
3.5052588661956525e+17	3.2
3.7211175075998e+17	3.3000000000000003
3.950746963706188e+17	3.4000000000000004
4.22353733549747e+17	3.5
4.555532067872109e+17	3.6
4.835348364623727e+17	3.7
5.139113894571286e+17	3.8000000000000003
5.49146901440636e+17	3.9000000000000004
5.7583892985034285e+17	4.0
6.089491760626089e+17	4.1000000000000005
6.415919133409539e+17	4.2
6.799487849347201e+17	4.3
7.15727509642952e+17	4.4
7.52512460911086e+17	4.5
7.844767652327878e+17	4.6000000000000005
8.18068734046981e+17	4.7
8.55310294983166e+17	4.800000000000001
8.936190270767551e+17	4.9
9.269636113635342e+17	5.0
9.737666971057475e+17	5.1000000000000005
1.0111149284451391e+18	5.2
1.0413251614708111e+18	5.300000000000001
1.0862339997361846e+18	5.4
1.1128673599486442e+18	5.5
1.152483788731095e+18	5.6000000000000005
1.1864478683333317e+18	5.7
1.2379857610232796e+18	5.800000000000001
1.256277861423607e+18	5.9
1.2980890762979904e+18	6.0
1.3310443204223127e+18	6.1000000000000005
1.353551752531982e+18	6.2
1.3985632272635712e+18	6.300000000000001
1.4252588899424082e+18	6.4
1.455828857707183e+18	6.5
1.483332618967933e+18	6.6000000000000005
1.5233066566667889e+18	6.7
1.5280899090497021e+18	6.800000000000001
1.5556391006911293e+18	6.9
1.5504099873886339e+18	7.0
1.5772232039993674e+18	7.1000000000000005
1.5863871764829796e+18	7.2
1.6077768008363356e+18	7.300000000000001
1.6187234366745324e+18	7.4
1.620956951386179e+18	7.5
1.640231521552903e+18	7.6000000000000005
1.633610021414364e+18	7.7
1.6397716268293169e+18	7.800000000000001
1.6448009852532716e+18	7.9
1.6406137598676557e+18	8.0
1.632120423397313e+18	8.1
1.6339795514529736e+18	8.200000000000001
1.607107557142229e+18	8.3
1.5917109241320492e+18	8.4
1.5794210306458007e+18	8.5
1.5730469847414405e+18	8.6
1.5524676628784602e+18	8.700000000000001
1.5321064301649055e+18	8.8
1.5102579148754447e+18	8.9
1.491690231331671e+18	9.0
1.446420582176461e+18	9.1
1.4256261793218335e+18	9.200000000000001
1.402182741332352e+18	9.3
1.3706599384280783e+18	9.4
1.3360895203695416e+18	9.5
1.3020516803408177e+18	9.600000000000001
1.2760207027208732e+18	9.700000000000001
1.2427683856471526e+18	9.8
1.199436875920936e+18	9.9
1.170275222196192e+18	10.0
1.1377979586572028e+18	10.100000000000001
1.1028914297582034e+18	10.200000000000001
1.0622436324080146e+18	10.3
1.0183833695858852e+18	10.4
9.814795862062813e+17	10.5
9.43080386757899e+17	10.600000000000001
9.044690245991432e+17	10.700000000000001
8.769806606883438e+17	10.8
8.361593407195812e+17	10.9
7.98698831422494e+17	11.0
7.657569095297729e+17	11.100000000000001
7.355844693793188e+17	11.200000000000001
6.991945278939154e+17	11.3
6.659392823200186e+17	11.4
6.275331428566876e+17	11.5
5.954610471823584e+17	11.600000000000001
5.650194553261787e+17	11.700000000000001
5.326437194593972e+17	11.8
5.04872370519612e+17	11.9
4.784224612200258e+17	12.0
4.457302818930457e+17	12.100000000000001
4.2202511925636224e+17	12.200000000000001
3.929887475758412e+17	12.3
3.7149589469652794e+17	12.4
3.442796389035193e+17	12.5
3.2238956715403456e+17	12.600000000000001
3.0099462848019866e+17	12.700000000000001
2.7825684100167024e+17	12.8
2.5972679745110346e+17	12.9
2.4032458262863507e+17	13.0
2.2074293104298426e+17	13.100000000000001
2.036693728426944e+17	13.200000000000001
1.8842355242075008e+17	13.3
1.7130294215900387e+17	13.4
1.573817636745181e+17	13.5
1.422697518951577e+17	13.600000000000001
1.2983728799172326e+17	13.700000000000001
1.1720822574330555e+17	13.8
1.051904362599841e+17	13.9
9.37712956129406e+16	14.0
8.469628759107008e+16	14.100000000000001
7.361081285094771e+16	14.200000000000001
6.376410102149517e+16	14.3
5.454610817258749e+16	14.4
4.5485552070230936e+16	14.5
3.611212903972056e+16	14.600000000000001
2.6626638741180236e+16	14.700000000000001
1.492844864887361e+16	14.8
0.0	14.9
0.0	15.0
0.0	15.100000000000001
0.0	15.200000000000001
0.0	15.3
0.0	15.4
0.0	15.5
0.0	15.600000000000001
0.0	15.700000000000001
