a = 10572.314546892707 м
b = 8918.238808112603 м
x0 = 3850.485624946965 м
vr = 1731.651872631653 м/с
A0 = 2.0037980962695903 м
Xmax = 10933.49226105435 м
sigmaX = 4795.288626253752 м
sigmaY = 4384.026061619296 м
M0 = 3.971413434823083e+19 Н*м - интегральное значение сейсмического момента
Mr_max = 6.826583066190934e+18 Н*м/с - максимальное значение функции источника
1-ый столбец - источника
2-ой столбец - время
0.0	0.0
1750844779674713.2	0.1
2.4328311958196285e+17	0.2
4.8448126058399014e+17	0.30000000000000004
7.189996059167382e+17	0.4
9.578311730314975e+17	0.5
1.1957076779989215e+18	0.6000000000000001
1.434755410955336e+18	0.7000000000000001
1.6634008783647603e+18	0.8
1.910963340983057e+18	0.9
2.1254999680386074e+18	1.0
2.3553508047464197e+18	1.1
2.5902913372511887e+18	1.2000000000000002
2.8380047312857426e+18	1.3
3.0544788256232694e+18	1.4000000000000001
3.2741657721620357e+18	1.5
3.492890707915297e+18	1.6
3.6931536078278195e+18	1.7000000000000002
3.926130613238584e+18	1.8
4.117793513278129e+18	1.9000000000000001
4.3403401094699535e+18	2.0
4.5655689952212465e+18	2.1
4.743490889644746e+18	2.2
4.955741743649767e+18	2.3000000000000003
4.956689677068721e+18	2.4000000000000004
5.129307101790909e+18	2.5
5.188152383939193e+18	2.6
5.393101064169856e+18	2.7
5.469116200561378e+18	2.8000000000000003
5.64812560834877e+18	2.9000000000000004
5.761873238640868e+18	3.0
5.895933494344757e+18	3.1
6.033841412137033e+18	3.2
6.136300036069058e+18	3.3000000000000003
6.241936190599221e+18	3.4000000000000004
6.315101814522767e+18	3.5
6.446579937312528e+18	3.6
6.42097403135481e+18	3.7
6.622196815371176e+18	3.8000000000000003
6.638576730752757e+18	3.9000000000000004
6.726110111336253e+18	4.0
6.738788204828019e+18	4.1000000000000005
6.754648616930689e+18	4.2
6.78650213426069e+18	4.3
6.771824403308324e+18	4.4
6.826583066190934e+18	4.5
6.739580312050044e+18	4.6000000000000005
6.804669795958787e+18	4.7
6.799054085270714e+18	4.800000000000001
6.753973868820603e+18	4.9
6.714081523569981e+18	5.0
6.577961080227187e+18	5.1000000000000005
6.510278414595638e+18	5.2
6.429170198357771e+18	5.300000000000001
6.427985794451601e+18	5.4
6.307194889780668e+18	5.5
6.199683203379041e+18	5.6000000000000005
6.079120871150121e+18	5.7
5.989056844816815e+18	5.800000000000001
5.873800559692842e+18	5.9
5.726807177437155e+18	6.0
5.593288009456223e+18	6.1000000000000005
5.443199618789556e+18	6.2
5.351044420064782e+18	6.300000000000001
5.114501824985733e+18	6.4
5.049444503156356e+18	6.5
4.838878951261314e+18	6.6000000000000005
4.706734473818063e+18	6.7
4.521060798829232e+18	6.800000000000001
4.3808389382536576e+18	6.9
4.195101632105658e+18	7.0
4.029947890586904e+18	7.1000000000000005
3.886067000650868e+18	7.2
3.665431985114161e+18	7.300000000000001
3.5316967733636675e+18	7.4
3.408465361262692e+18	7.5
3.1876498272186583e+18	7.6000000000000005
3.10022881096787e+18	7.7
2.877578126734549e+18	7.800000000000001
2.7724713057059287e+18	7.9
2.57632544691304e+18	8.0
2.4502291779689103e+18	8.1
2.295532726914057e+18	8.200000000000001
2.1555227776499387e+18	8.3
2.0304280799293798e+18	8.4
1.8847216988984054e+18	8.5
1.7567474776392202e+18	8.6
1.6268877396242342e+18	8.700000000000001
1.5219805617488906e+18	8.8
1.3936664974366725e+18	8.9
1.2771444486780682e+18	9.0
1.1551364562322363e+18	9.1
1.0609103921957861e+18	9.200000000000001
9.487830089971969e+17	9.3
8.48155976380594e+17	9.4
7.482727103280559e+17	9.5
6.53748522966455e+17	9.600000000000001
5.5255369474948314e+17	9.700000000000001
4.540344426450746e+17	9.8
3.502786617119323e+17	9.9
2.2789690542839523e+17	10.0
0.0	10.100000000000001
0.0	10.200000000000001
0.0	10.3
0.0	10.4
0.0	10.5
0.0	10.600000000000001
0.0	10.700000000000001
0.0	10.8
0.0	10.9
