a = 16061.091850812827 м
b = 15216.379214544277 м
x0 = 1602.2508123367522 м
vr = 1892.7856172964225 м/с
A0 = 2.0779842559860713 м
Xmax = 12264.476250279418 м
sigmaX = 4716.135539585013 м
sigmaY = 4015.8414382128044 м
M0 = 4.1513492810861855e+19 Н*м - интегральное значение сейсмического момента
Mr_max = 7.029258333951231e+18 Н*м/с - максимальное значение функции источника
1-ый столбец - источника
2-ой столбец - время
0.0	0.0
458694463270763.4	0.1
6.935467750910327e+16	0.2
1.3837411382833149e+17	0.30000000000000004
2.1134587634756934e+17	0.4
2.8197887962554307e+17	0.5
3.546078548262336e+17	0.6000000000000001
4.29697591073654e+17	0.7000000000000001
5.088625863582347e+17	0.8
5.878042859254881e+17	0.9
6.432774510477073e+17	1.0
7.071778668677609e+17	1.1
7.841560840988123e+17	1.2000000000000002
8.663740232591292e+17	1.3
9.606543429685076e+17	1.4000000000000001
1.0605554524511004e+18	1.5
1.1468617890362252e+18	1.6
1.262569346710483e+18	1.7000000000000002
1.3780959310392481e+18	1.8
1.5079964370916529e+18	1.9000000000000001
1.6303958088181335e+18	2.0
1.7467464915696801e+18	2.1
1.9070185238845248e+18	2.2
2.0372648368366057e+18	2.3000000000000003
2.2200398787913705e+18	2.4000000000000004
2.3665094804558377e+18	2.5
2.5175696744558024e+18	2.6
2.6797149551852616e+18	2.7
2.8469382830528814e+18	2.8000000000000003
3.018144232047181e+18	2.9000000000000004
3.1853962522784456e+18	3.0
3.374274448753012e+18	3.1
3.5221734817568927e+18	3.2
3.7392535795790413e+18	3.3000000000000003
3.9045263733165537e+18	3.4000000000000004
4.0972257973574845e+18	3.5
4.298615046715386e+18	3.6
4.488104327998755e+18	3.7
4.668702916492274e+18	3.8000000000000003
4.825854350507824e+18	3.9000000000000004
4.967751772088522e+18	4.0
5.17392614855704e+18	4.1000000000000005
5.327581309137021e+18	4.2
5.46790425709999e+18	4.3
5.698509320083222e+18	4.4
5.835845799830583e+18	4.5
5.975090066934343e+18	4.6000000000000005
6.099501354075823e+18	4.7
6.306401101465864e+18	4.800000000000001
6.358661334772696e+18	4.9
6.50098730073569e+18	5.0
6.54930290974914e+18	5.1000000000000005
6.665370837303245e+18	5.2
6.762192993649129e+18	5.300000000000001
6.754021197958624e+18	5.4
6.869328846763099e+18	5.5
6.906897134013864e+18	5.6000000000000005
6.970234689215496e+18	5.7
7.029258333951231e+18	5.800000000000001
7.02889264841684e+18	5.9
6.977348257589087e+18	6.0
7.011124851557334e+18	6.1000000000000005
6.9777181865634e+18	6.2
6.839694578709864e+18	6.300000000000001
6.864894399553986e+18	6.4
6.792356000825824e+18	6.5
6.685810786146142e+18	6.6000000000000005
6.630689717492939e+18	6.7
6.550143034381994e+18	6.800000000000001
6.476898603211108e+18	6.9
6.384607679264903e+18	7.0
6.226664920535085e+18	7.1000000000000005
6.120469395476674e+18	7.2
5.994530387631923e+18	7.300000000000001
5.848464461786257e+18	7.4
5.659464998145076e+18	7.5
5.560267771919839e+18	7.6000000000000005
5.369503080350482e+18	7.7
5.232741647517478e+18	7.800000000000001
5.078710368558856e+18	7.9
4.899618824593442e+18	8.0
4.739795452402678e+18	8.1
4.591371034753617e+18	8.200000000000001
4.411602547813169e+18	8.3
4.2510995521608443e+18	8.4
4.0282260873204787e+18	8.5
3.8816949070526495e+18	8.6
3.7363007279466926e+18	8.700000000000001
3.5005941996474865e+18	8.8
3.357522230393031e+18	8.9
3.2075782239598336e+18	9.0
3.0514612803385426e+18	9.1
2.8834224434380334e+18	9.200000000000001
2.7539645163923717e+18	9.3
2.592975047945948e+18	9.4
2.436863693651715e+18	9.5
2.2958897361019192e+18	9.600000000000001
2.1474831453846308e+18	9.700000000000001
2.0188130000042647e+18	9.8
1.8936898543467366e+18	9.9
1.7726453718641784e+18	10.0
1.6520635166673956e+18	10.100000000000001
1.5353828023194058e+18	10.200000000000001
1.438588525651868e+18	10.3
1.34014039688858e+18	10.4
1.2364418387108582e+18	10.5
1.1487987632637189e+18	10.600000000000001
1.0674362719003668e+18	10.700000000000001
9.817554726579721e+17	10.8
9.072679106413417e+17	10.9
8.302998347957169e+17	11.0
7.673560710318945e+17	11.100000000000001
6.989672098125996e+17	11.200000000000001
6.419800766210796e+17	11.3
5.876267675201245e+17	11.4
5.390664955937801e+17	11.5
4.91404628830567e+17	11.600000000000001
4.464144026131383e+17	11.700000000000001
4.047328887422276e+17	11.8
3.6797921318801126e+17	11.9
3.3300426990185504e+17	12.0
3.026691641084381e+17	12.100000000000001
2.7028904583966106e+17	12.200000000000001
2.45446714619311e+17	12.3
2.1952830019532765e+17	12.4
1.9831598147469226e+17	12.5
1.7696490285765386e+17	12.600000000000001
1.5915010863747955e+17	12.700000000000001
1.41576675250442e+17	12.8
1.2681335276173498e+17	12.9
1.1212401714432139e+17	13.0
1.0065063296166731e+17	13.100000000000001
8.933608016900722e+16	13.200000000000001
7.860835905556837e+16	13.3
7.036367757480517e+16	13.4
6.17818834823926e+16	13.5
5.4420753456318056e+16	13.600000000000001
4.757437889261475e+16	13.700000000000001
4.181637493383212e+16	13.8
3.66497313663457e+16	13.9
3.2158339885806544e+16	14.0
2.8037724063740684e+16	14.100000000000001
2.451476434068792e+16	14.200000000000001
2.1326105124223628e+16	14.3
1.862012078815058e+16	14.4
1.6077888213764782e+16	14.5
1.3908558930900614e+16	14.600000000000001
1.1985686143836706e+16	14.700000000000001
1.0325899215782118e+16	14.8
8847218372216727.0	14.9
7573173737179936.0	15.0
6467529202619216.0	15.100000000000001
5481686120672446.0	15.200000000000001
4624583772979152.0	15.3
3888049146766091.0	15.4
3241044755339931.5	15.5
2683554933877685.0	15.600000000000001
2197625085809741.8	15.700000000000001
1763252796954567.8	15.8
1375769469769171.5	15.9
1028355727726140.2	16.0
687986691641581.8	16.1
279315050651801.97	16.2
0.0	16.3
0.0	16.400000000000002
0.0	16.5
0.0	16.6
0.0	16.7
0.0	16.8
0.0	16.900000000000002
0.0	17.0
0.0	17.1
