a = 12615.129524134385 м
b = 11797.97565110752 м
x0 = 2002.2597472515167 м
vr = 2169.3040950874934 м/с
A0 = 1.3846667362416016 м
Xmax = 11961.248385602328 м
sigmaX = 4858.97674092027 м
sigmaY = 4200.718755962004 м
M0 = 2.879673309346732e+19 Н*м - интегральное значение сейсмического момента
Mr_max = 5.518767010088579e+18 Н*м/с - максимальное значение функции источника
1-ый столбец - источника
2-ой столбец - время
0.0	0.0
552138726212296.94	0.1
9.620543183426256e+16	0.2
1.9175705659970742e+17	0.30000000000000004
2.898828304125592e+17	0.4
3.854427892769669e+17	0.5
4.8435304650027334e+17	0.6000000000000001
5.868380561164954e+17	0.7000000000000001
6.899533964580093e+17	0.8
7.909472268553989e+17	0.9
9.024975465504188e+17	1.0
9.644956987002113e+17	1.1
1.0612188952966053e+18	1.2000000000000002
1.1623876937870828e+18	1.3
1.2739124156412352e+18	1.4000000000000001
1.388472215226263e+18	1.5
1.5207762102747482e+18	1.6
1.6326191397591393e+18	1.7000000000000002
1.7850011896524147e+18	1.8
1.9382719903643697e+18	1.9000000000000001
2.064297957089265e+18	2.0
2.227230336488844e+18	2.1
2.3781977524716037e+18	2.2
2.5359330268773617e+18	2.3000000000000003
2.716184201728016e+18	2.4000000000000004
2.822938792131017e+18	2.5
3.0296504771811164e+18	2.6
3.2110550284074665e+18	2.7
3.354589319443021e+18	2.8000000000000003
3.533127164413322e+18	2.9000000000000004
3.674394923360842e+18	3.0
3.8435177915856507e+18	3.1
4.02422713614809e+18	3.2
4.1692546227332244e+18	3.3000000000000003
4.311244232449805e+18	3.4000000000000004
4.4692564337688765e+18	3.5
4.601641945845124e+18	3.6
4.740626980592534e+18	3.7
4.861797005153128e+18	3.8000000000000003
4.919123074413394e+18	3.9000000000000004
5.058455267417248e+18	4.0
5.127884768138684e+18	4.1000000000000005
5.205575077678448e+18	4.2
5.379659409775565e+18	4.3
5.400749590698612e+18	4.4
5.442949926510164e+18	4.5
5.483867420232429e+18	4.6000000000000005
5.510129637763312e+18	4.7
5.485909829482637e+18	4.800000000000001
5.512333528220474e+18	4.9
5.492766969676253e+18	5.0
5.518767010088579e+18	5.1000000000000005
5.469291840188588e+18	5.2
5.44385402762258e+18	5.300000000000001
5.399945141303102e+18	5.4
5.328974444373544e+18	5.5
5.28312825244079e+18	5.6000000000000005
5.132855378822839e+18	5.7
5.068191041974615e+18	5.800000000000001
4.967963137242937e+18	5.9
4.871859553969642e+18	6.0
4.719149128377388e+18	6.1000000000000005
4.5823202086231173e+18	6.2
4.506059778524366e+18	6.300000000000001
4.3338042361681137e+18	6.4
4.169942885119704e+18	6.5
4.032845979144335e+18	6.6000000000000005
3.884818955261581e+18	6.7
3.770368738875134e+18	6.800000000000001
3.592911877335904e+18	6.9
3.434263805032488e+18	7.0
3.285561565207711e+18	7.1000000000000005
3.156640727255792e+18	7.2
3.0080337280303754e+18	7.300000000000001
2.845150209058899e+18	7.4
2.68463008993795e+18	7.5
2.54334325934455e+18	7.6000000000000005
2.4011160958029696e+18	7.7
2.2478750666327905e+18	7.800000000000001
2.1208994645120136e+18	7.9
1.985500571328378e+18	8.0
1.85491276050976e+18	8.1
1.7391590188219343e+18	8.200000000000001
1.6227759827727465e+18	8.3
1.501885271240839e+18	8.4
1.3895441286861755e+18	8.5
1.2880649818139988e+18	8.6
1.1939191731031841e+18	8.700000000000001
1.0957903872806243e+18	8.8
1.0052971630171972e+18	8.9
9.289437769686652e+17	9.0
8.466086797787305e+17	9.1
7.651587005649097e+17	9.200000000000001
7.004763286921064e+17	9.3
6.320248854860436e+17	9.4
5.6990017843003994e+17	9.5
5.150623207939758e+17	9.600000000000001
4.60081192882464e+17	9.700000000000001
4.0936158758373274e+17	9.8
3.619912100371428e+17	9.9
3.1929098112962726e+17	10.0
2.8027358339407974e+17	10.100000000000001
2.413891809603661e+17	10.200000000000001
2.0670605568377206e+17	10.3
1.7358232213704944e+17	10.4
1.4023161177333698e+17	10.5
1.080935927207759e+17	10.600000000000001
7.303158422324686e+16	10.700000000000001
1.955350067801659e+16	10.8
0.0	10.9
0.0	11.0
0.0	11.100000000000001
0.0	11.200000000000001
0.0	11.3
0.0	11.4
0.0	11.5
0.0	11.600000000000001
0.0	11.700000000000001
