a = 6571.8818596304045 м
b = 6462.894316962039 м
x0 = 2337.014520727495 м
vr = 2025.3227210785367 м/с
A0 = 0.8254920730207347 м
Xmax = 8461.756980835176 м
sigmaX = 4875.494232245543 м
sigmaY = 4429.171363299772 м
M0 = 1.1040608514947828e+19 Н*м - интегральное значение сейсмического момента
Mr_max = 2.945476692910219e+18 Н*м/с - максимальное значение функции источника
1-ый столбец - источника
2-ой столбец - время
0.0	0.0
1140116681337427.0	0.1
1.846655873478746e+17	0.2
3.691178943313508e+17	0.30000000000000004
5.479500780730555e+17	0.4
7.267906566934789e+17	0.5
8.91435104825111e+17	0.6000000000000001
1.0638537400955654e+18	0.7000000000000001
1.2361284295124242e+18	0.8
1.4070908334941742e+18	0.9
1.557351265720706e+18	1.0
1.712991357484712e+18	1.1
1.8710392706746808e+18	1.2000000000000002
1.924841945062013e+18	1.3
1.9425654846614574e+18	1.4000000000000001
2.0283351070583962e+18	1.5
2.0917549288322004e+18	1.6
2.1652751705276342e+18	1.7000000000000002
2.2562162906868334e+18	1.8
2.3283706729612406e+18	1.9000000000000001
2.41359883267861e+18	2.0
2.462706556950279e+18	2.1
2.5714226732914913e+18	2.2
2.627513037618288e+18	2.3000000000000003
2.6802574473120696e+18	2.4000000000000004
2.716292030732895e+18	2.5
2.816240942745695e+18	2.6
2.8898323642805115e+18	2.7
2.853358450715723e+18	2.8000000000000003
2.915508582368604e+18	2.9000000000000004
2.942320028484659e+18	3.0
2.9174354566132787e+18	3.1
2.9108980543760553e+18	3.2
2.945476692910219e+18	3.3000000000000003
2.9344244558048205e+18	3.4000000000000004
2.911903768458936e+18	3.5
2.857611503645154e+18	3.6
2.839333654865831e+18	3.7
2.776331718672532e+18	3.8000000000000003
2.766118715021251e+18	3.9000000000000004
2.701789297186444e+18	4.0
2.637556895233754e+18	4.1000000000000005
2.545479363532694e+18	4.2
2.4327836104550743e+18	4.3
2.3631028426727183e+18	4.4
2.2420292243219814e+18	4.5
2.1622654485398031e+18	4.6000000000000005
2.0355107275099057e+18	4.7
1.9025625211339195e+18	4.800000000000001
1.746809244301286e+18	4.9
1.595114224373369e+18	5.0
1.4020287433929718e+18	5.1000000000000005
1.1880208861037834e+18	5.2
9.126795337878956e+17	5.300000000000001
4.828536846615352e+17	5.4
0.0	5.5
0.0	5.6000000000000005
0.0	5.7
0.0	5.800000000000001
0.0	5.9
0.0	6.0
0.0	6.1000000000000005
0.0	6.2
0.0	6.300000000000001
