a = 3910.70340276356 м
b = 3251.7263101898493 м
x0 = 982.5315357555496 м
vr = 1632.2100611490896 м/с
A0 = 1.843755909156088 м
Xmax = 4760.525385934054 м
sigmaX = 4534.350232268604 м
sigmaY = 4599.115192612121 м
M0 = 1.0417685483107168e+19 Н*м - интегральное значение сейсмического момента
Mr_max = 3.4575819537073464e+18 Н*м/с - максимальное значение функции источника
1-ый столбец - источника
2-ой столбец - время
0.0	0.0
3191694765797360.0	0.1
4.1812782502282586e+17	0.2
8.316520713962565e+17	0.30000000000000004
1.1987796265088161e+18	0.4
1.6230238782059894e+18	0.5
2.005947940604176e+18	0.6000000000000001
2.361474204496622e+18	0.7000000000000001
2.280197955769118e+18	0.8
2.3108781717432934e+18	0.9
2.447598495162937e+18	1.0
2.551771419066924e+18	1.1
2.6730920682116096e+18	1.2000000000000002
2.810828149939122e+18	1.3
2.948572403553176e+18	1.4000000000000001
3.067469315104313e+18	1.5
3.132950294294651e+18	1.6
3.1793422756174843e+18	1.7000000000000002
3.2630958593020216e+18	1.8
3.3417408125942984e+18	1.9000000000000001
3.369464802449201e+18	2.0
3.4575819537073464e+18	2.1
3.345475464933124e+18	2.2
3.358708602550339e+18	2.3000000000000003
3.3579038490916106e+18	2.4000000000000004
3.387397058715233e+18	2.5
3.3638838682661115e+18	2.6
3.3190967350128696e+18	2.7
3.202986565398771e+18	2.8000000000000003
3.137661586861534e+18	2.9000000000000004
3.063056432346043e+18	3.0
2.9199379937503626e+18	3.1
2.8627021972655647e+18	3.2
2.774609819690646e+18	3.3000000000000003
2.612073042331765e+18	3.4000000000000004
2.4762234581059313e+18	3.5
2.332460930186706e+18	3.6
2.1240936039650243e+18	3.7
1.957361531269014e+18	3.8000000000000003
1.7565577373331814e+18	3.9000000000000004
1.4990236265787873e+18	4.0
1.205794774105546e+18	4.1000000000000005
8.430647357975195e+17	4.2
0.0	4.3
0.0	4.4
0.0	4.5
0.0	4.6000000000000005
0.0	4.7
0.0	4.800000000000001
0.0	4.9
0.0	5.0
0.0	5.1000000000000005
