a = 14039.109171857255 м
b = 17893.351848300943 м
x0 = 1608.1602976874904 м
vr = 2101.899005881223 м/с
A0 = 0.8093324989015933 м
Xmax = 10183.723854592174 м
sigmaX = 4268.240892526372 м
sigmaY = 4181.356426260032 м
M0 = 1.5365790977625743e+19 Н*м - интегральное значение сейсмического момента
Mr_max = 3.2506986666667305e+18 Н*м/с - максимальное значение функции источника
1-ый столбец - источника
2-ой столбец - время
0.0	0.0
339348403154127.25	0.1
5.779932065397708e+16	0.2
1.1533466382982166e+17	0.30000000000000004
1.7334112962992093e+17	0.4
2.3140981396275373e+17	0.5
2.913241181431972e+17	0.6000000000000001
3.554866938200563e+17	0.7000000000000001
4.2013948699295386e+17	0.8
4.6666308406126426e+17	0.9
5.172127458855814e+17	1.0
5.787746909609289e+17	1.1
6.402532872281098e+17	1.2000000000000002
7.117421860886441e+17	1.3
7.860090437605876e+17	1.4000000000000001
8.728321175985626e+17	1.5
9.56225848455176e+17	1.6
1.0481965695565354e+18	1.7000000000000002
1.1347401599932234e+18	1.8
1.2336549685058445e+18	1.9000000000000001
1.3295091291803397e+18	2.0
1.4360053700095299e+18	2.1
1.5413638466902095e+18	2.2
1.6427141160484849e+18	2.3000000000000003
1.7338600108207173e+18	2.4000000000000004
1.8430836548695043e+18	2.5
1.9598127379101123e+18	2.6
2.0519218575404762e+18	2.7
2.1847407878454756e+18	2.8000000000000003
2.272177510096697e+18	2.9000000000000004
2.3638138125365627e+18	3.0
2.4671541078169523e+18	3.1
2.5783404096247465e+18	3.2
2.6643827361033897e+18	3.3000000000000003
2.7752096794138726e+18	3.4000000000000004
2.8392847003702175e+18	3.5
2.896488520679534e+18	3.6
2.9768867391435776e+18	3.7
3.0358116394634737e+18	3.8000000000000003
3.091335627924919e+18	3.9000000000000004
3.116287943709251e+18	4.0
3.162743949995435e+18	4.1000000000000005
3.188135293874521e+18	4.2
3.205645925118213e+18	4.3
3.218769660568369e+18	4.4
3.2506986666667305e+18	4.5
3.211845142094159e+18	4.6000000000000005
3.205752028465768e+18	4.7
3.2008882607709737e+18	4.800000000000001
3.1646163547683164e+18	4.9
3.1378426989044603e+18	5.0
3.075745778605953e+18	5.1000000000000005
3.0357215541643965e+18	5.2
2.991053893642616e+18	5.300000000000001
2.914949026347208e+18	5.4
2.838981037178138e+18	5.5
2.781416749524081e+18	5.6000000000000005
2.678958667338239e+18	5.7
2.5883120772325683e+18	5.800000000000001
2.514304764982236e+18	5.9
2.41347729389097e+18	6.0
2.323126950704868e+18	6.1000000000000005
2.2237522439291287e+18	6.2
2.1168268755178621e+18	6.300000000000001
2.0079965151858176e+18	6.4
1.9378161154257285e+18	6.5
1.8129203643502572e+18	6.6000000000000005
1.7302542847065695e+18	6.7
1.6350265423354652e+18	6.800000000000001
1.5405873441096292e+18	6.9
1.4345598262308134e+18	7.0
1.3565213042378447e+18	7.1000000000000005
1.2560182635068232e+18	7.2
1.1743471603814367e+18	7.300000000000001
1.0876294086957759e+18	7.4
1.0160051813424556e+18	7.5
9.325644777124535e+17	7.6000000000000005
8.656390846820256e+17	7.7
7.972860128221997e+17	7.800000000000001
7.347853062311674e+17	7.9
6.689685074687771e+17	8.0
6.141974704264068e+17	8.1
5.597939937700255e+17	8.200000000000001
5.124584432392617e+17	8.3
4.622762914195249e+17	8.4
4.15424696127821e+17	8.5
3.756980078362655e+17	8.6
3.4256181788830835e+17	8.700000000000001
3.038286867163147e+17	8.8
2.7065616872751808e+17	8.9
2.4346675739027526e+17	9.0
2.161023930393322e+17	9.1
1.912642628889498e+17	9.200000000000001
1.706924000130221e+17	9.3
1.5225714300232346e+17	9.4
1.3340181296963309e+17	9.5
1.1761289183596995e+17	9.600000000000001
1.0322923862581395e+17	9.700000000000001
9.027668348285283e+16	9.8
7.929691377307234e+16	9.9
6.886803135966905e+16	10.0
5.978114073274834e+16	10.100000000000001
5.209615103175053e+16	10.200000000000001
4.487221885915164e+16	10.3
3.8740341051193976e+16	10.4
3.3267941592131024e+16	10.5
2.8484986218801892e+16	10.600000000000001
2.4528514328252268e+16	10.700000000000001
2.0945121712952864e+16	10.8
1.7857232103059856e+16	10.9
1.5159017339621096e+16	11.0
1.2919452168326714e+16	11.100000000000001
1.0937730579885274e+16	11.200000000000001
9231647091427666.0	11.3
7733958288147199.0	11.4
6506313900001742.0	11.5
5436996256552430.0	11.600000000000001
4539190360804323.0	11.700000000000001
3776106380893702.0	11.8
3138357153628956.0	11.9
2583597314165714.5	12.0
2127754571816879.2	12.100000000000001
1742444524511303.2	12.200000000000001
1410512060213650.5	12.3
1118711474977962.8	12.4
863662428893536.9	12.5
591763162440021.4	12.600000000000001
0.0	12.700000000000001
0.0	12.8
0.0	12.9
0.0	13.0
0.0	13.100000000000001
0.0	13.200000000000001
0.0	13.3
0.0	13.4
0.0	13.5
0.0	13.600000000000001
0.0	13.700000000000001
0.0	13.8
0.0	13.9
0.0	14.0
0.0	14.100000000000001
0.0	14.200000000000001
0.0	14.3
0.0	14.4
0.0	14.5
0.0	14.600000000000001
0.0	14.700000000000001
0.0	14.8
0.0	14.9
0.0	15.0
0.0	15.100000000000001
0.0	15.200000000000001
0.0	15.3
0.0	15.4
0.0	15.5
0.0	15.600000000000001
0.0	15.700000000000001
0.0	15.8
0.0	15.9
0.0	16.0
0.0	16.1
0.0	16.2
0.0	16.3
0.0	16.400000000000002
0.0	16.5
0.0	16.6
0.0	16.7
0.0	16.8
0.0	16.900000000000002
0.0	17.0
0.0	17.1
0.0	17.2
