a = 12376.590086677354 м
b = 14708.860021288538 м
x0 = 5629.371333432676 м
vr = 1669.3881393699046 м/с
A0 = 1.0619790240143665 м
Xmax = 8778.053733757488 м
sigmaX = 4561.6079720610505 м
sigmaY = 4247.52946513777 м
M0 = 2.1801608483514573e+19 Н*м - интегральное значение сейсмического момента
Mr_max = 4.745259423647041e+18 Н*м/с - максимальное значение функции источника
1-ый столбец - источника
2-ой столбец - время
0.0	0.0
2095776493258686.8	0.1
2.8291730116644422e+17	0.2
5.5656326456683514e+17	0.30000000000000004
8.36836590034556e+17	0.4
1.1032097849094774e+18	0.5
1.3556683782864548e+18	0.6000000000000001
1.6229145219486927e+18	0.7000000000000001
1.8873362357402286e+18	0.8
2.1294559977380956e+18	0.9
2.357244969200469e+18	1.0
2.582072207338712e+18	1.1
2.8045474655076787e+18	1.2000000000000002
3.0222319163293036e+18	1.3
3.2262606645763717e+18	1.4000000000000001
3.410792313177047e+18	1.5
3.578274071096117e+18	1.6
3.737513774249909e+18	1.7000000000000002
3.9063730476426783e+18	1.8
4.0464825107294536e+18	1.9000000000000001
4.1436651012715786e+18	2.0
4.2545944928210324e+18	2.1
4.3731038446890895e+18	2.2
4.453858437183125e+18	2.3000000000000003
4.537206325802263e+18	2.4000000000000004
4.570086795301816e+18	2.5
4.645745420124923e+18	2.6
4.690220658451529e+18	2.7
4.702701988051796e+18	2.8000000000000003
4.711173339659739e+18	2.9000000000000004
4.745259423647041e+18	3.0
4.738942055640048e+18	3.1
4.729966368023261e+18	3.2
4.660174020647492e+18	3.3000000000000003
4.6095091625673416e+18	3.4000000000000004
4.499176094866579e+18	3.5
4.3928034325524413e+18	3.6
4.272711658517563e+18	3.7
4.13598647224514e+18	3.8000000000000003
4.04763031727218e+18	3.9000000000000004
3.9607580735922145e+18	4.0
3.8311501685250816e+18	4.1000000000000005
3.7556175983513124e+18	4.2
3.619658726087876e+18	4.3
3.5037323558284216e+18	4.4
3.430601970039671e+18	4.5
3.3103634567181373e+18	4.6000000000000005
3.184576426671557e+18	4.7
3.084259278318659e+18	4.800000000000001
2.996293138462872e+18	4.9
2.865605067179539e+18	5.0
2.7904330697786783e+18	5.1000000000000005
2.640492826934887e+18	5.2
2.512487687068874e+18	5.300000000000001
2.4545169789473556e+18	5.4
2.3242626511543086e+18	5.5
2.2375696580448883e+18	5.6000000000000005
2.1119951947007854e+18	5.7
2.0004573427127222e+18	5.800000000000001
1.9297857679375199e+18	5.9
1.8367852678436987e+18	6.0
1.7298932963622625e+18	6.1000000000000005
1.636546870890953e+18	6.2
1.5573843260445742e+18	6.300000000000001
1.467046295363252e+18	6.4
1.381564335821305e+18	6.5
1.3107131816192049e+18	6.6000000000000005
1.2161917624164268e+18	6.7
1.1471370522771036e+18	6.800000000000001
1.0794975163114487e+18	6.9
1.0002440008823197e+18	7.0
9.421019787394452e+17	7.1000000000000005
8.804903609192618e+17	7.2
8.246076389625661e+17	7.300000000000001
7.650051738164136e+17	7.4
7.095338244292561e+17	7.5
6.546026026508407e+17	7.6000000000000005
6.137741950000515e+17	7.7
5.700687327177116e+17	7.800000000000001
5.2052014691223846e+17	7.9
4.848393689703252e+17	8.0
4.4401804296643616e+17	8.1
4.0965303204881683e+17	8.200000000000001
3.790502050049917e+17	8.3
3.437449720969131e+17	8.4
3.174267700598207e+17	8.5
2.885114075229806e+17	8.6
2.635635403196219e+17	8.700000000000001
2.4397429807538707e+17	8.8
2.215454759643515e+17	8.9
2.0037875239993395e+17	9.0
1.8259601591739034e+17	9.1
1.660150623289239e+17	9.200000000000001
1.496535822253298e+17	9.3
1.3446664466858453e+17	9.4
1.2217005339621726e+17	9.5
1.1040097540264723e+17	9.600000000000001
9.949782102142498e+16	9.700000000000001
8.933392587318558e+16	9.8
7.964261338215557e+16	9.9
7.166386339891328e+16	10.0
6.406711906516417e+16	10.100000000000001
5.72617767974868e+16	10.200000000000001
5.105279028754002e+16	10.3
4.574167878278332e+16	10.4
3.995129599367436e+16	10.5
3.577311967533897e+16	10.600000000000001
3.1571653820493484e+16	10.700000000000001
2.7669365510952748e+16	10.8
2.4384035914481236e+16	10.9
2.119245025630838e+16	11.0
1.819868236762583e+16	11.100000000000001
1.5540042426273574e+16	11.200000000000001
1.302062607726349e+16	11.3
1.026720409849572e+16	11.4
6614373924006626.0	11.5
0.0	11.600000000000001
0.0	11.700000000000001
0.0	11.8
0.0	11.9
0.0	12.0
0.0	12.100000000000001
0.0	12.200000000000001
0.0	12.3
0.0	12.4
0.0	12.5
0.0	12.600000000000001
0.0	12.700000000000001
0.0	12.8
0.0	12.9
0.0	13.0
0.0	13.100000000000001
0.0	13.200000000000001
0.0	13.3
0.0	13.4
0.0	13.5
0.0	13.600000000000001
0.0	13.700000000000001
0.0	13.8
0.0	13.9
0.0	14.0
0.0	14.100000000000001
0.0	14.200000000000001
0.0	14.3
0.0	14.4
0.0	14.5
0.0	14.600000000000001
0.0	14.700000000000001
0.0	14.8
0.0	14.9
0.0	15.0
0.0	15.100000000000001
0.0	15.200000000000001
