a = 13470.921417741674 м
b = 15891.783690102384 м
x0 = 3151.3522852188285 м
vr = 2000.0323953777247 м/с
A0 = 1.931688068760806 м
Xmax = 13369.878865274677 м
sigmaX = 4769.74981273344 м
sigmaY = 4538.821415920799 м
M0 = 4.344373057753857e+19 Н*м - интегральное значение сейсмического момента
Mr_max = 7.731358228763848e+18 Н*м/с - максимальное значение функции источника
1-ый столбец - источника
2-ой столбец - время
0.0	0.0
584969983476943.9	0.1
9.304300032987102e+16	0.2
1.879755322265797e+17	0.30000000000000004
2.831310750417098e+17	0.4
3.772224014521311e+17	0.5
4.76171072412755e+17	0.6000000000000001
5.762140202493922e+17	0.7000000000000001
6.825775019240408e+17	0.8
7.834307240509352e+17	0.9
9.02783066483253e+17	1.0
1.0171971236078506e+18	1.1
1.1309220745267451e+18	1.2000000000000002
1.2548856563003848e+18	1.3
1.3886002063931953e+18	1.4000000000000001
1.5244130920621117e+18	1.5
1.6728395660275415e+18	1.6
1.7977863195325496e+18	1.7000000000000002
1.9338817652882458e+18	1.8
2.0978506775404634e+18	1.9000000000000001
2.2235987928514772e+18	2.0
2.4114906807772723e+18	2.1
2.576728121310877e+18	2.2
2.77013722260017e+18	2.3000000000000003
2.966892684719161e+18	2.4000000000000004
3.1366522781231636e+18	2.5
3.340404812115808e+18	2.6
3.5175526408295153e+18	2.7
3.752541224973465e+18	2.8000000000000003
3.9099114949561544e+18	2.9000000000000004
4.1378778656918446e+18	3.0
4.347496361436319e+18	3.1
4.567092186097889e+18	3.2
4.829045219830061e+18	3.3000000000000003
4.975310697648931e+18	3.4000000000000004
5.235331092463418e+18	3.5
5.369525221555406e+18	3.6
5.595360976049663e+18	3.7
5.793201119146799e+18	3.8000000000000003
6.007529166727552e+18	3.9000000000000004
6.173247168390784e+18	4.0
6.336746858648995e+18	4.1000000000000005
6.587226873238711e+18	4.2
6.642994242023838e+18	4.3
6.861741911620862e+18	4.4
7.045479963920227e+18	4.5
7.190201674894289e+18	4.6000000000000005
7.227848252238505e+18	4.7
7.358593908363742e+18	4.800000000000001
7.574142478809788e+18	4.9
7.543863006484196e+18	5.0
7.688258026895151e+18	5.1000000000000005
7.601676067206426e+18	5.2
7.731358228763848e+18	5.300000000000001
7.670482810531613e+18	5.4
7.730088399009708e+18	5.5
7.703060611517465e+18	5.6000000000000005
7.633883275107127e+18	5.7
7.657591008978568e+18	5.800000000000001
7.575365092159237e+18	5.9
7.502626324914165e+18	6.0
7.481811663849224e+18	6.1000000000000005
7.362855857270612e+18	6.2
7.300649480689476e+18	6.300000000000001
7.199969486466968e+18	6.4
7.054871467613907e+18	6.5
6.878795586698202e+18	6.6000000000000005
6.757928546470019e+18	6.7
6.527512506106754e+18	6.800000000000001
6.423407312987323e+18	6.9
6.248331548715981e+18	7.0
6.093537240448406e+18	7.1000000000000005
5.889046470445214e+18	7.2
5.743596343735705e+18	7.300000000000001
5.540749107540866e+18	7.4
5.343058930515409e+18	7.5
5.1760015228664e+18	7.6000000000000005
4.92098694385274e+18	7.7
4.753086854156496e+18	7.800000000000001
4.5212020776042496e+18	7.9
4.3197480244028774e+18	8.0
4.148473417643731e+18	8.1
3.9531339405784776e+18	8.200000000000001
3.7300208845785554e+18	8.3
3.5450318890705464e+18	8.4
3.3440928886963983e+18	8.5
3.1992834040557793e+18	8.6
3.0040971903006566e+18	8.700000000000001
2.8179840552165873e+18	8.8
2.6635544867996047e+18	8.9
2.487336348883994e+18	9.0
2.3483092172434913e+18	9.1
2.1850518195462748e+18	9.200000000000001
2.0472357186006098e+18	9.3
1.8956465479998735e+18	9.4
1.765380527774872e+18	9.5
1.6467710544296868e+18	9.600000000000001
1.5132312452840594e+18	9.700000000000001
1.4102447228700836e+18	9.8
1.3077247309470528e+18	9.9
1.1957962771273247e+18	10.0
1.1010241341602085e+18	10.100000000000001
1.0134113746961069e+18	10.200000000000001
9.233680084316326e+17	10.3
8.478344984193725e+17	10.4
7.740635600771456e+17	10.5
7.038599988479054e+17	10.600000000000001
6.40985357330497e+17	10.700000000000001
5.81449296663952e+17	10.8
5.262618339473142e+17	10.9
4.7687401786732525e+17	11.0
4.272199830575771e+17	11.100000000000001
3.8370214083175546e+17	11.200000000000001
3.4078097695605434e+17	11.3
3.019588917587509e+17	11.4
2.6623274761591366e+17	11.5
2.3145201212308758e+17	11.600000000000001
1.966060042181553e+17	11.700000000000001
1.5950317672040294e+17	11.8
1.1350453252280045e+17	11.9
0.0	12.0
0.0	12.100000000000001
0.0	12.200000000000001
0.0	12.3
0.0	12.4
0.0	12.5
0.0	12.600000000000001
0.0	12.700000000000001
0.0	12.8
0.0	12.9
0.0	13.0
0.0	13.100000000000001
0.0	13.200000000000001
0.0	13.3
0.0	13.4
0.0	13.5
0.0	13.600000000000001
0.0	13.700000000000001
0.0	13.8
0.0	13.9
0.0	14.0
0.0	14.100000000000001
0.0	14.200000000000001
0.0	14.3
0.0	14.4
0.0	14.5
0.0	14.600000000000001
0.0	14.700000000000001
0.0	14.8
0.0	14.9
0.0	15.0
0.0	15.100000000000001
0.0	15.200000000000001
0.0	15.3
