a = 4215.753243162167 м
b = 3740.980941409559 м
x0 = 276.1767958454449 м
vr = 1972.7961829828387 м/с
A0 = 0.6170981453734347 м
Xmax = 5124.167511101963 м
sigmaX = 4001.6478036717513 м
sigmaY = 4067.2024752197435 м
M0 = 3.918130478626414e+18 Н*м - интегральное значение сейсмического момента
Mr_max = 1.4322607549800873e+18 Н*м/с - максимальное значение функции источника
1-ый столбец - источника
2-ой столбец - время
0.0	0.0
877641060480939.9	0.1
1.3764229895793378e+17	0.2
2.0676783716684698e+17	0.30000000000000004
2.76027321907968e+17	0.4
3.473459311862525e+17	0.5
4.161858826510297e+17	0.6000000000000001
4.8971269583105146e+17	0.7000000000000001
5.7419603771738605e+17	0.8
6.538157682543453e+17	0.9
7.28898915973258e+17	1.0
8.00290944282361e+17	1.1
8.766903120552709e+17	1.2000000000000002
9.340651671226263e+17	1.3
1.0114032920118459e+18	1.4000000000000001
1.0793303640398775e+18	1.5
1.1362599383664422e+18	1.6
1.1664292881722084e+18	1.7000000000000002
1.2198090604313636e+18	1.8
1.2836042805404142e+18	1.9000000000000001
1.3237942999317315e+18	2.0
1.341775836415219e+18	2.1
1.3655547470146378e+18	2.2
1.4005864111789294e+18	2.3000000000000003
1.4322607549800873e+18	2.4000000000000004
1.4041034942300695e+18	2.5
1.4020288743057917e+18	2.6
1.40688875322398e+18	2.7
1.3889585675014203e+18	2.8000000000000003
1.356962095400306e+18	2.9000000000000004
1.3285403069306606e+18	3.0
1.2888406959264763e+18	3.1
1.2400200947922358e+18	3.2
1.199376959675832e+18	3.3000000000000003
1.1364967423498419e+18	3.4000000000000004
1.0652321262439333e+18	3.5
1.001908210212261e+18	3.6
9.210286998793885e+17	3.7
8.243548559203176e+17	3.8000000000000003
7.203978153700001e+17	3.9000000000000004
6.069595624982976e+17	4.0
4.554889874427466e+17	4.1000000000000005
2.3039291711102016e+17	4.2
0.0	4.3
0.0	4.4
0.0	4.5
0.0	4.6000000000000005
0.0	4.7
0.0	4.800000000000001
0.0	4.9
0.0	5.0
0.0	5.1000000000000005
