a = 10961.73471491526 м
b = 9528.458205693372 м
x0 = 3191.598131019974 м
vr = 2011.4260611734762 м/с
A0 = 1.049445687774559 м
Xmax = 11329.208243916215 м
sigmaX = 4575.753212658315 м
sigmaY = 4565.23372256167 м
M0 = 2.1088385120058462e+19 Н*м - интегральное значение сейсмического момента
Mr_max = 4.2734094783576146e+18 Н*м/с - максимальное значение функции источника
1-ый столбец - источника
2-ой столбец - время
0.0	0.0
652140387128370.1	0.1
1.0504609550741878e+17	0.2
2.1044480721943872e+17	0.30000000000000004
3.120173750172646e+17	0.4
4.203446720437509e+17	0.5
5.2656195890266624e+17	0.6000000000000001
6.293159543242621e+17	0.7000000000000001
7.386039920285672e+17	0.8
8.52577022955595e+17	0.9
9.620725278187817e+17	1.0
1.0793684366778554e+18	1.1
1.1851989130879188e+18	1.2000000000000002
1.301466992116178e+18	1.3
1.4238009507504195e+18	1.4000000000000001
1.5483884650813747e+18	1.5
1.6635729431163896e+18	1.6
1.7734714279145915e+18	1.7000000000000002
1.8807070927456556e+18	1.8
1.986566690690666e+18	1.9000000000000001
2.1062457023747039e+18	2.0
2.196168444769412e+18	2.1
2.327033699142516e+18	2.2
2.4572671978427453e+18	2.3000000000000003
2.5608645804024074e+18	2.4000000000000004
2.706263452648948e+18	2.5
2.822948529846902e+18	2.6
2.962069447035824e+18	2.7
3.0792084974081853e+18	2.8000000000000003
3.15124625114506e+18	2.9000000000000004
3.2617260207081667e+18	3.0
3.376996730953187e+18	3.1
3.499441980628938e+18	3.2
3.598636479465991e+18	3.3000000000000003
3.704256167309871e+18	3.4000000000000004
3.790158105783084e+18	3.5
3.878101744611678e+18	3.6
3.955481549969097e+18	3.7
3.986412301897975e+18	3.8000000000000003
4.03119848132532e+18	3.9000000000000004
4.0808754813336187e+18	4.0
4.170639977484663e+18	4.1000000000000005
4.190293748619837e+18	4.2
4.2734094783576146e+18	4.3
4.203581303247235e+18	4.4
4.181344096488098e+18	4.5
4.17197838222213e+18	4.6000000000000005
4.162626012965399e+18	4.7
4.14420096580572e+18	4.800000000000001
4.125898683363307e+18	4.9
4.067600409937814e+18	5.0
4.0088435087643295e+18	5.1000000000000005
3.958595990965763e+18	5.2
3.8780552748570747e+18	5.300000000000001
3.782465614760676e+18	5.4
3.718683876741337e+18	5.5
3.6160322051196227e+18	5.6000000000000005
3.524599008521158e+18	5.7
3.4479136417024845e+18	5.800000000000001
3.3323535002789105e+18	5.9
3.2292240421973105e+18	6.0
3.1299304844707994e+18	6.1000000000000005
2.98725142890083e+18	6.2
2.8689001811251907e+18	6.300000000000001
2.766317217199091e+18	6.4
2.643616193270967e+18	6.5
2.5402189405019223e+18	6.6000000000000005
2.424340940944628e+18	6.7
2.274808469795574e+18	6.800000000000001
2.1656734699278528e+18	6.9
2.0497437029791112e+18	7.0
1.9455258138118034e+18	7.1000000000000005
1.8093276910642376e+18	7.2
1.681546332353202e+18	7.300000000000001
1.5850833688056735e+18	7.4
1.4672085944935974e+18	7.5
1.378916639648712e+18	7.6000000000000005
1.2800158919482294e+18	7.7
1.1751038823495916e+18	7.800000000000001
1.0744025775489727e+18	7.9
9.903948518004143e+17	8.0
9.005543992100019e+17	8.1
8.201198651950226e+17	8.200000000000001
7.37163804960617e+17	8.3
6.660835354113911e+17	8.4
5.935870764338796e+17	8.5
5.274999806175888e+17	8.6
4.6570824557703475e+17	8.700000000000001
4.029966139741869e+17	8.8
3.425242159396612e+17	8.9
2.892584299315979e+17	9.0
2.3496568783693322e+17	9.1
1.8059709585156186e+17	9.200000000000001
1.2306464022338366e+17	9.3
4.0281909091262216e+16	9.4
0.0	9.5
0.0	9.600000000000001
0.0	9.700000000000001
0.0	9.8
0.0	9.9
0.0	10.0
0.0	10.100000000000001
0.0	10.200000000000001
0.0	10.3
