a = 15707.821860075372 м
b = 13041.965006844592 м
x0 = 7379.918746797258 м
vr = 1718.0329430441639 м/с
A0 = 0.7913665738322837 м
Xmax = 17575.684810586452 м
sigmaX = 4093.6402717949773 м
sigmaY = 4843.12369147101 м
M0 = 1.6278341131957436e+19 Н*м - интегральное значение сейсмического момента
Mr_max = 2.8780553055802066e+18 Н*м/с - максимальное значение функции источника
1-ый столбец - источника
2-ой столбец - время
0.0	0.0
91727577221252.4	0.1
1.2804214675328352e+16	0.2
2.5371053978770452e+16	0.30000000000000004
3.829366052775481e+16	0.4
5.180290022951104e+16	0.5
6.571256850438518e+16	0.6000000000000001
8.019818432635808e+16	0.7000000000000001
9.549860406361386e+16	0.8
1.1144315325500318e+17	0.9
1.286539040310728e+17	1.0
1.4856138088803757e+17	1.1
1.6994848128462554e+17	1.2000000000000002
1.8799329038593968e+17	1.3
2.160990180994443e+17	1.4000000000000001
2.3558987727093507e+17	1.5
2.6388664390008832e+17	1.6
2.9284324761402426e+17	1.7000000000000002
3.224547809022041e+17	1.8
3.586869872822001e+17	1.9000000000000001
3.9369165206027245e+17	2.0
4.2743675971812416e+17	2.1
4.703105351583305e+17	2.2
5.162165263205042e+17	2.3000000000000003
5.5353678698024064e+17	2.4000000000000004
6.025823168469725e+17	2.5
6.545901410739634e+17	2.6
7.03352845961888e+17	2.7
7.508857854538825e+17	2.8000000000000003
8.062618283136347e+17	2.9000000000000004
8.612256198456557e+17	3.0
9.35399905546171e+17	3.1
1.0038529608803692e+18	3.2
1.0553267550750369e+18	3.3000000000000003
1.1313884812371181e+18	3.4000000000000004
1.2011729421187284e+18	3.5
1.2545284511685612e+18	3.6
1.3419300945795773e+18	3.7
1.4285137543856768e+18	3.8000000000000003
1.5024580488239447e+18	3.9000000000000004
1.5748360375456453e+18	4.0
1.6262439623064637e+18	4.1000000000000005
1.713794470065681e+18	4.2
1.796592755682422e+18	4.3
1.8736403674563505e+18	4.4
1.937172329520982e+18	4.5
2.0247712843312197e+18	4.6000000000000005
2.0823462410147786e+18	4.7
2.1694453088849567e+18	4.800000000000001
2.231227921945597e+18	4.9
2.285947194456267e+18	5.0
2.358137742376354e+18	5.1000000000000005
2.4318823246055864e+18	5.2
2.4679719435203553e+18	5.300000000000001
2.5289370688729016e+18	5.4
2.5797642416117345e+18	5.5
2.6214354588498417e+18	5.6000000000000005
2.669985941867472e+18	5.7
2.735647257489092e+18	5.800000000000001
2.729440140741115e+18	5.9
2.754469587874023e+18	6.0
2.793818964640143e+18	6.1000000000000005
2.8234460377394627e+18	6.2
2.8399215939495716e+18	6.300000000000001
2.819702860001757e+18	6.4
2.8187273848082304e+18	6.5
2.8780553055802066e+18	6.6000000000000005
2.8540411265641667e+18	6.7
2.8358893492929167e+18	6.800000000000001
2.8134088656381983e+18	6.9
2.790557937521072e+18	7.0
2.7454110155116237e+18	7.1000000000000005
2.7486602553515766e+18	7.2
2.713743168035326e+18	7.300000000000001
2.6342210185674875e+18	7.4
2.629420049637648e+18	7.5
2.553757897979788e+18	7.6000000000000005
2.4748052046670766e+18	7.7
2.4561038825809254e+18	7.800000000000001
2.357268090591849e+18	7.9
2.323638218217673e+18	8.0
2.2456930118949786e+18	8.1
2.1845225225676012e+18	8.200000000000001
2.1103610797940795e+18	8.3
2.0522203967365243e+18	8.4
1.9655183108468408e+18	8.5
1.8955892798162688e+18	8.6
1.837448353132766e+18	8.700000000000001
1.754378919258406e+18	8.8
1.6673700532645338e+18	8.9
1.5972074194005983e+18	9.0
1.5273740518330913e+18	9.1
1.4541219312786924e+18	9.200000000000001
1.3890067997007173e+18	9.3
1.312854411648674e+18	9.4
1.2463750960015864e+18	9.5
1.169309245543824e+18	9.600000000000001
1.1024041057455075e+18	9.700000000000001
1.0371628205963602e+18	9.8
9.769843089405569e+17	9.9
8.968977435885952e+17	10.0
8.46410562231552e+17	10.100000000000001
8.018777199195725e+17	10.200000000000001
7.521508441734333e+17	10.3
6.874465521616905e+17	10.4
6.435986341410838e+17	10.5
5.889785788631853e+17	10.600000000000001
5.4196899399763283e+17	10.700000000000001
4.995422239529454e+17	10.8
4.624084681387957e+17	10.9
4.232267742869035e+17	11.0
3.883300827052569e+17	11.100000000000001
3.546180433929714e+17	11.200000000000001
3.206704658250014e+17	11.3
2.918153586684031e+17	11.4
2.6554060638643978e+17	11.5
2.4100996454113517e+17	11.600000000000001
2.152635682495785e+17	11.700000000000001
1.937265055554352e+17	11.8
1.73901407060659e+17	11.9
1.5568318181116288e+17	12.0
1.3849671823332603e+17	12.100000000000001
1.2366204267367979e+17	12.200000000000001
1.092502877827505e+17	12.3
9.629573571236939e+16	12.4
8.489020247865486e+16	12.5
7.409201585245432e+16	12.600000000000001
6.4847525443200504e+16	12.700000000000001
5.6639804238062776e+16	12.8
4.85661298499064e+16	12.9
4.1937424975340456e+16	13.0
3.6018615738006316e+16	13.100000000000001
3.037179784366049e+16	13.200000000000001
2.5596124106508716e+16	13.3
2.1321154603369884e+16	13.4
1.7543396869057972e+16	13.5
1.4214997059409148e+16	13.600000000000001
1.1275923659048876e+16	13.700000000000001
8605762420078664.0	13.8
6165326088808350.0	13.9
3768258052908566.5	14.0
0.0	14.100000000000001
0.0	14.200000000000001
0.0	14.3
0.0	14.4
0.0	14.5
0.0	14.600000000000001
0.0	14.700000000000001
0.0	14.8
0.0	14.9
