a = 10807.570489413354 м
b = 11955.496155607798 м
x0 = 1773.5500689138614 м
vr = 2135.7466715946143 м/с
A0 = 0.7075306430263746 м
Xmax = 12566.408571792646 м
sigmaX = 4041.5681061191067 м
sigmaY = 4115.375725276184 м
M0 = 1.162253643094303e+19 Н*м - интегральное значение сейсмического момента
Mr_max = 2.588485907585105e+18 Н*м/с - максимальное значение функции источника
1-ый столбец - источника
2-ой столбец - время
0.0	0.0
64157034950670.62	0.1
1.1018309424148664e+16	0.2
2.2181313895946236e+16	0.30000000000000004
3.382285129593825e+16	0.4
4.630430510435188e+16	0.5
5.91014268491752e+16	0.6000000000000001
7.343388169579203e+16	0.7000000000000001
8.76575938946016e+16	0.8
1.0681820117518357e+17	0.9
1.2090905597568734e+17	1.0
1.411681547283199e+17	1.1
1.6112487549284166e+17	1.2000000000000002
1.8688852532467334e+17	1.3
2.1018899903885626e+17	1.4000000000000001
2.4608911088067e+17	1.5
2.7825533234497315e+17	1.6
3.1378772938539155e+17	1.7000000000000002
3.53097567257398e+17	1.8
3.959957563212892e+17	1.9000000000000001
4.4430368611574214e+17	2.0
4.970826025699458e+17	2.1
5.4802521667725357e+17	2.2
6.128481961774326e+17	2.3000000000000003
6.623718271587446e+17	2.4000000000000004
7.27958606254962e+17	2.5
7.989849735085522e+17	2.6
8.688777161044445e+17	2.7
9.367643607376635e+17	2.8000000000000003
1.010467435033198e+18	2.9000000000000004
1.1031740907979073e+18	3.0
1.1747048667139215e+18	3.1
1.2810310745338586e+18	3.2
1.3439913720316639e+18	3.3000000000000003
1.4486537048936996e+18	3.4000000000000004
1.5291261079643717e+18	3.5
1.6274122425521408e+18	3.6
1.6980374426061235e+18	3.7
1.7787758383584796e+18	3.8000000000000003
1.8563991418073057e+18	3.9000000000000004
1.9500147280213297e+18	4.0
2.0275937790099807e+18	4.1000000000000005
2.124145967184953e+18	4.2
2.1803348906965448e+18	4.3
2.2376631340978568e+18	4.4
2.3095266579897544e+18	4.5
2.3909910987586565e+18	4.6000000000000005
2.4232527592151035e+18	4.7
2.4833673777243254e+18	4.800000000000001
2.495256309421176e+18	4.9
2.57047049731821e+18	5.0
2.5307131087942523e+18	5.1000000000000005
2.5804274251893903e+18	5.2
2.5615657730891013e+18	5.300000000000001
2.5861766918764954e+18	5.4
2.5769628647909156e+18	5.5
2.588485907585105e+18	5.6000000000000005
2.5416859193025444e+18	5.7
2.5457446730098806e+18	5.800000000000001
2.481173280745881e+18	5.9
2.4681424513886464e+18	6.0
2.400341901838095e+18	6.1000000000000005
2.3524176645883423e+18	6.2
2.2960901286392778e+18	6.300000000000001
2.212144187238336e+18	6.4
2.1720535467059533e+18	6.5
2.0974403441772265e+18	6.6000000000000005
2.0133935263367186e+18	6.7
1.9335821463231022e+18	6.800000000000001
1.8522925870473848e+18	6.9
1.766964760746733e+18	7.0
1.6883687177341258e+18	7.1000000000000005
1.6038077525472202e+18	7.2
1.5249360360057434e+18	7.300000000000001
1.4293872644546168e+18	7.4
1.3541109259054912e+18	7.5
1.261961692646226e+18	7.6000000000000005
1.1920650588653742e+18	7.7
1.106435133324299e+18	7.800000000000001
1.0261902791186483e+18	7.9
9.530198209194711e+17	8.0
8.77242114900586e+17	8.1
8.0493077854439e+17	8.200000000000001
7.369669494149915e+17	8.3
6.710979412060028e+17	8.4
6.113023669434318e+17	8.5
5.514491552268035e+17	8.6
4.9269196774575546e+17	8.700000000000001
4.372816611464583e+17	8.8
3.839822200485389e+17	8.9
3.307002334121116e+17	9.0
2.764036269648869e+17	9.1
2.1692027485661936e+17	9.200000000000001
1.4679859892956534e+17	9.3
0.0	9.4
0.0	9.5
0.0	9.600000000000001
0.0	9.700000000000001
0.0	9.8
0.0	9.9
0.0	10.0
0.0	10.100000000000001
0.0	10.200000000000001
0.0	10.3
0.0	10.4
0.0	10.5
0.0	10.600000000000001
0.0	10.700000000000001
0.0	10.8
0.0	10.9
0.0	11.0
0.0	11.100000000000001
0.0	11.200000000000001
0.0	11.3
