a = 9945.945933692223 м
b = 6810.816115345398 м
x0 = 9698.837610461971 м
vr = 2251.8577759094455 м/с
A0 = 0.9952707401522036 м
Xmax = 10242.980843913527 м
sigmaX = 4000.9548591276052 м
sigmaY = 4408.626904704554 м
M0 = 1.551381042098615e+19 Н*м - интегральное значение сейсмического момента
Mr_max = 6.15109752647837e+18 Н*м/с - максимальное значение функции источника
1-ый столбец - источника
2-ой столбец - время
0.0	0.0
3330995471320969.0	0.1
6.0209995885659e+17	0.2
1.1790164576814697e+18	0.30000000000000004
1.7562909659403566e+18	0.4
2.2793576349705178e+18	0.5
2.811491648178787e+18	0.6000000000000001
3.3167062446282404e+18	0.7000000000000001
3.760840965105853e+18	0.8
4.19752938313308e+18	0.9
4.5221934248324224e+18	1.0
4.922991651406353e+18	1.1
5.248121692779949e+18	1.2000000000000002
5.451352238285822e+18	1.3
5.724608634024449e+18	1.4000000000000001
5.874208197533726e+18	1.5
6.001461048028741e+18	1.6
6.096594610449169e+18	1.7000000000000002
6.15109752647837e+18	1.8
6.122895623376134e+18	1.9000000000000001
6.103982931738961e+18	2.0
6.02624534085047e+18	2.1
5.901107800126722e+18	2.2
5.807144357044981e+18	2.3000000000000003
5.666186247854898e+18	2.4000000000000004
5.499389324907149e+18	2.5
5.299510650067228e+18	2.6
5.085712549381848e+18	2.7
4.905215739538203e+18	2.8000000000000003
4.641596781548569e+18	2.9000000000000004
4.40238670359349e+18	3.0
4.165698732163616e+18	3.1
3.087311753047678e+18	3.2
2.5206524217746043e+18	3.3000000000000003
2.0500307707899558e+18	3.4000000000000004
1.7061926958237379e+18	3.5
1.3781630061895096e+18	3.6
1.1486857006253102e+18	3.7
9.400855858843485e+17	3.8000000000000003
7.655914849911333e+17	3.9000000000000004
6.03993396585584e+17	4.0
4.8061565757536134e+17	4.1000000000000005
3.6645439032772864e+17	4.2
2.6534982347843005e+17	4.3
1.6146771548166262e+17	4.4
9.759168147671651e+16	4.5
3.955206583222612e+16	4.6000000000000005
0.0	4.7
0.0	4.800000000000001
0.0	4.9
0.0	5.0
0.0	5.1000000000000005
0.0	5.2
0.0	5.300000000000001
0.0	5.4
0.0	5.5
