a = 12210.01241936307 м
b = 12126.25043861579 м
x0 = 1046.7832945268806 м
vr = 1983.5627430701143 м/с
A0 = 0.5779846179655672 м
Xmax = 10868.68747432717 м
sigmaX = 4172.506972415793 м
sigmaY = 4161.554478203412 м
M0 = 1.0353756038856604e+19 Н*м - интегральное значение сейсмического момента
Mr_max = 2.084725968351722e+18 Н*м/с - максимальное значение функции источника
1-ый столбец - источника
2-ой столбец - время
0.0	0.0
107895523276049.17	0.1
1.7307235323937916e+16	0.2
3.450471098520246e+16	0.30000000000000004
5.186083630721864e+16	0.4
7.053686973743885e+16	0.5
8.91084458242407e+16	0.6000000000000001
1.0066912777739722e+17	0.7000000000000001
1.1682815296766835e+17	0.8
1.3391892124684147e+17	0.9
1.5495439692793414e+17	1.0
1.780591914642993e+17	1.1
2.0287650899770144e+17	1.2000000000000002
2.3094952819826854e+17	1.3
2.5995614063474186e+17	1.4000000000000001
2.9384989074140397e+17	1.5
3.2743189481600326e+17	1.6
3.6071171584063066e+17	1.7000000000000002
4.0281514355673926e+17	1.8
4.453656149981268e+17	1.9000000000000001
4.88590821377952e+17	2.0
5.394573686002284e+17	2.1
5.884406722638721e+17	2.2
6.346662405483188e+17	2.3000000000000003
6.872875612574062e+17	2.4000000000000004
7.508314416461098e+17	2.5
8.030330777983607e+17	2.6
8.449899750282397e+17	2.7
9.234215987685923e+17	2.8000000000000003
9.77618505197604e+17	2.9000000000000004
1.0323423868659274e+18	3.0
1.1108368458213573e+18	3.1
1.165067413951673e+18	3.2
1.235782268099667e+18	3.3000000000000003
1.280613854191545e+18	3.4000000000000004
1.3649554759963773e+18	3.5
1.4184774163858673e+18	3.6
1.4729746234345464e+18	3.7
1.5458756087472865e+18	3.8000000000000003
1.5870900489514396e+18	3.9000000000000004
1.6634360057205673e+18	4.0
1.6972438686593183e+18	4.1000000000000005
1.7748541058601357e+18	4.2
1.8138631382041203e+18	4.3
1.8560349044336556e+18	4.4
1.8930342007125315e+18	4.5
1.927168795898672e+18	4.6000000000000005
1.9672843850233782e+18	4.7
1.9804222173675482e+18	4.800000000000001
2.0100866200879452e+18	4.9
2.0486402913460137e+18	5.0
2.0628214268214185e+18	5.1000000000000005
2.0726402497948127e+18	5.2
2.084725968351722e+18	5.300000000000001
2.0693184624999324e+18	5.4
2.0506843929085693e+18	5.5
2.0567172948261558e+18	5.6000000000000005
2.048600019915402e+18	5.7
2.018976694880457e+18	5.800000000000001
2.000974269509684e+18	5.9
1.9567129718605576e+18	6.0
1.9421006704423201e+18	6.1000000000000005
1.891590897946262e+18	6.2
1.8598477258490148e+18	6.300000000000001
1.7977032148885204e+18	6.4
1.756063656793776e+18	6.5
1.7111845748912115e+18	6.6000000000000005
1.6548992805276992e+18	6.7
1.596386985074617e+18	6.800000000000001
1.5391567758985572e+18	6.9
1.510487888389284e+18	7.0
1.440689665886194e+18	7.1000000000000005
1.37222569543962e+18	7.2
1.3080434271758013e+18	7.300000000000001
1.2490026251105295e+18	7.4
1.1760030271493978e+18	7.5
1.1246654735304799e+18	7.6000000000000005
1.0747277460608567e+18	7.7
1.0032980699513272e+18	7.800000000000001
9.563944788712311e+17	7.9
8.937920064626257e+17	8.0
8.349116779304155e+17	8.1
7.793947801387479e+17	8.200000000000001
7.288981877017111e+17	8.3
6.812473371105569e+17	8.4
6.338253022402532e+17	8.5
5.80199749256527e+17	8.6
5.3977196681100474e+17	8.700000000000001
4.955030064117605e+17	8.8
4.5697421680064934e+17	8.9
4.19105532476069e+17	9.0
3.833639007912317e+17	9.1
3.4894092240658445e+17	9.200000000000001
3.177442323515539e+17	9.3
2.897217677078351e+17	9.4
2.6399211135772912e+17	9.5
2.358238577444095e+17	9.600000000000001
2.146326722665744e+17	9.700000000000001
1.9247636807678355e+17	9.8
1.7076518807037363e+17	9.9
1.537709731138824e+17	10.0
1.377589842995184e+17	10.100000000000001
1.2188295485423453e+17	10.200000000000001
1.0801773866485005e+17	10.3
9.498533311464299e+16	10.4
8.347417673849346e+16	10.5
7.302403324683805e+16	10.600000000000001
6.386325647652452e+16	10.700000000000001
5.537831751521939e+16	10.8
4.791192925591519e+16	10.9
4.104540883948965e+16	11.0
3.507209492312605e+16	11.100000000000001
2.9355751814672136e+16	11.200000000000001
2.4458791490667988e+16	11.3
2.0134836128885404e+16	11.4
1.6275667900789184e+16	11.5
1.2533265552305348e+16	11.600000000000001
9096435460032840.0	11.700000000000001
5558063701804922.0	11.8
0.0	11.9
0.0	12.0
0.0	12.100000000000001
0.0	12.200000000000001
0.0	12.3
0.0	12.4
0.0	12.5
0.0	12.600000000000001
0.0	12.700000000000001
