a = 6350.689732426465 м
b = 7822.008315009954 м
x0 = 3035.3795095006876 м
vr = 2108.8496766484886 м/с
A0 = 1.7896881470659582 м
Xmax = 8092.594229762525 м
sigmaX = 4918.988440426348 м
sigmaY = 4593.1591031384805 м
M0 = 2.6296583814171423e+19 Н*м - интегральное значение сейсмического момента
Mr_max = 7.611282623930683e+18 Н*м/с - максимальное значение функции источника
1-ый столбец - источника
2-ой столбец - время
0.0	0.0
3340495055579532.5	0.1
5.708121609646565e+17	0.2
1.1094750849102579e+18	0.30000000000000004
1.6451607124214994e+18	0.4
2.19963676480801e+18	0.5
2.7254119891441403e+18	0.6000000000000001
3.220530294371379e+18	0.7000000000000001
3.7015205672163784e+18	0.8
4.1905752075774346e+18	0.9
4.636213753950598e+18	1.0
5.061504829695093e+18	1.1
5.458791662257692e+18	1.2000000000000002
5.912728203830018e+18	1.3
6.249116035812179e+18	1.4000000000000001
6.525392914456643e+18	1.5
6.629144829405384e+18	1.6
6.597640660165082e+18	1.7000000000000002
6.735067094707341e+18	1.8
6.972018127525691e+18	1.9000000000000001
6.994879904002344e+18	2.0
7.131177991082496e+18	2.1
7.238234139688798e+18	2.2
7.305277098363566e+18	2.3000000000000003
7.406331954165205e+18	2.4000000000000004
7.513174078825881e+18	2.5
7.550560199298999e+18	2.6
7.585468248323373e+18	2.7
7.611282623930683e+18	2.8000000000000003
7.551896904488757e+18	2.9000000000000004
7.586897563803581e+18	3.0
7.609271389190984e+18	3.1
7.44020555542009e+18	3.2
7.318581579511519e+18	3.3000000000000003
7.279069045870796e+18	3.4000000000000004
7.167400200900643e+18	3.5
7.076504845588425e+18	3.6
6.815899303732207e+18	3.7
6.631713468202971e+18	3.8000000000000003
6.496767172844526e+18	3.9000000000000004
6.2623039800439e+18	4.0
5.985839404464671e+18	4.1000000000000005
5.793571046924517e+18	4.2
5.484333942044306e+18	4.3
5.114662788322842e+18	4.4
4.758783231568499e+18	4.5
4.1116690928345795e+18	4.6000000000000005
0.0	4.7
0.0	4.800000000000001
0.0	4.9
0.0	5.0
0.0	5.1000000000000005
0.0	5.2
0.0	5.300000000000001
0.0	5.4
0.0	5.5
0.0	5.6000000000000005
0.0	5.7
0.0	5.800000000000001
0.0	5.9
0.0	6.0
0.0	6.1000000000000005
0.0	6.2
0.0	6.300000000000001
0.0	6.4
0.0	6.5
0.0	6.6000000000000005
0.0	6.7
0.0	6.800000000000001
0.0	6.9
