a = 8248.251180673622 м
b = 5094.355948738437 м
x0 = 3696.8632563336705 м
vr = 1782.9133250913906 м/с
A0 = 1.2515895344124468 м
Xmax = 6094.232464807691 м
sigmaX = 4764.75816467537 м
sigmaY = 4784.788315380505 м
M0 = 1.7268171680398787e+19 Н*м - интегральное значение сейсмического момента
Mr_max = 6.040380880858792e+18 Н*м/с - максимальное значение функции источника
1-ый столбец - источника
2-ой столбец - время
0.0	0.0
2950224445814514.5	0.1
4.187267025271532e+17	0.2
8.357770475544044e+17	0.30000000000000004
1.2471612322886019e+18	0.4
1.6592636358503388e+18	0.5
2.0426604653574787e+18	0.6000000000000001
2.425028123660013e+18	0.7000000000000001
2.810783227386526e+18	0.8
3.156543516826332e+18	0.9
3.4818817447481436e+18	1.0
3.831217001814378e+18	1.1
4.102410372048922e+18	1.2000000000000002
4.4230357389893217e+18	1.3
4.693131592091004e+18	1.4000000000000001
4.991875000699314e+18	1.5
5.226260023498277e+18	1.6
5.44224063308623e+18	1.7000000000000002
5.6650700830721e+18	1.8
5.806688951562128e+18	1.9000000000000001
6.027908411812569e+18	2.0
6.040380880858792e+18	2.1
4.672067709075455e+18	2.2
4.420696297130673e+18	2.3000000000000003
4.268047644307729e+18	2.4000000000000004
4.138704825302852e+18	2.5
4.041910989153257e+18	2.6
3.922053005253482e+18	2.7
3.859854878887535e+18	2.8000000000000003
3.735485683803008e+18	2.9000000000000004
3.6157520885321226e+18	3.0
3.4914920223621345e+18	3.1
3.4193128865210844e+18	3.2
3.2465489481078917e+18	3.3000000000000003
3.175626920471309e+18	3.4000000000000004
3.0541796242639826e+18	3.5
2.945275662473086e+18	3.6
2.813157106620924e+18	3.7
2.6634175995354317e+18	3.8000000000000003
2.575323897051797e+18	3.9000000000000004
2.4353202406994104e+18	4.0
2.371746657530097e+18	4.1000000000000005
2.2342167613743916e+18	4.2
2.1308494919362237e+18	4.3
2.005053978456835e+18	4.4
1.9178784983779387e+18	4.5
1.8151139441483863e+18	4.6000000000000005
1.7009094517964966e+18	4.7
1.57738573956853e+18	4.800000000000001
1.4986985298194668e+18	4.9
1.4172271019274854e+18	5.0
1.3209580723821988e+18	5.1000000000000005
1.2189261011718636e+18	5.2
1.1373615478784408e+18	5.300000000000001
1.0597890709118222e+18	5.4
9.562494192387461e+17	5.5
9.182594225938564e+17	5.6000000000000005
8.279310108841907e+17	5.7
7.520588388703537e+17	5.800000000000001
6.955379797885827e+17	5.9
6.294071749332927e+17	6.0
5.6627918777080186e+17	6.1000000000000005
5.171964713622657e+17	6.2
4.593289071368878e+17	6.300000000000001
4.0912808759897946e+17	6.4
3.62445580610292e+17	6.5
3.165792424671181e+17	6.6000000000000005
2.720224254405535e+17	6.7
2.3299402228036288e+17	6.800000000000001
1.9291523660998346e+17	6.9
1.544369397550698e+17	7.0
1.1536784312289328e+17	7.1000000000000005
7.224142651241006e+16	7.2
0.0	7.300000000000001
0.0	7.4
0.0	7.5
0.0	7.6000000000000005
0.0	7.7
0.0	7.800000000000001
0.0	7.9
0.0	8.0
0.0	8.1
