a = 11543.402727411158 м
b = 9908.349476148067 м
x0 = 4993.816160007867 м
vr = 2072.467661039537 м/с
A0 = 2.187909437317131 м
Xmax = 11709.789216332148 м
sigmaX = 4551.228608835003 м
sigmaY = 4666.76023272975 м
M0 = 4.588786638597128e+19 Н*м - интегральное значение сейсмического момента
Mr_max = 9.74080134660436e+18 Н*м/с - максимальное значение функции источника
1-ый столбец - источника
2-ой столбец - время
0.0	0.0
2290521055439699.0	0.1
3.805255750408282e+17	0.2
7.587515420382465e+17	0.30000000000000004
1.1338201335155351e+18	0.4
1.5082335191600102e+18	0.5
1.8905990960965711e+18	0.6000000000000001
2.2575042334602493e+18	0.7000000000000001
2.619860814738616e+18	0.8
2.981181094172035e+18	0.9
3.374857290178369e+18	1.0
3.7166624368549586e+18	1.1
4.0569767913350364e+18	1.2000000000000002
4.468924960567446e+18	1.3
4.796357271048518e+18	1.4000000000000001
5.149200265212186e+18	1.5
5.463325950973384e+18	1.6
5.900670019937762e+18	1.7000000000000002
6.178955679202409e+18	1.8
6.573228447097739e+18	1.9000000000000001
6.886723096175008e+18	2.0
7.137039635660413e+18	2.1
7.526784814740833e+18	2.2
7.802956986845197e+18	2.3000000000000003
8.060353886478841e+18	2.4000000000000004
8.246948575441537e+18	2.5
8.477653583097921e+18	2.6
8.691067586526116e+18	2.7
8.794249450898003e+18	2.8000000000000003
8.969456340172013e+18	2.9000000000000004
9.187249980356417e+18	3.0
9.292179343040408e+18	3.1
9.406087246927258e+18	3.2
9.569877104633199e+18	3.3000000000000003
9.56008875242811e+18	3.4000000000000004
9.727283366105774e+18	3.5
9.64278741147134e+18	3.6
9.67451241148517e+18	3.7
9.74080134660436e+18	3.8000000000000003
9.712922717005765e+18	3.9000000000000004
9.578248178370818e+18	4.0
9.503155989159651e+18	4.1000000000000005
9.44105271760612e+18	4.2
9.332055856354066e+18	4.3
9.28826087618861e+18	4.4
9.116152570195437e+18	4.5
8.893450613731914e+18	4.6000000000000005
8.640105120221515e+18	4.7
8.465654377155728e+18	4.800000000000001
8.323565828926275e+18	4.9
7.997345451444617e+18	5.0
7.832811509979506e+18	5.1000000000000005
7.464798192639171e+18	5.2
7.196224562183437e+18	5.300000000000001
6.905809332830042e+18	5.4
6.66015281407222e+18	5.5
6.336449139244896e+18	5.6000000000000005
6.130484100446165e+18	5.7
5.801709485463419e+18	5.800000000000001
5.495012636124035e+18	5.9
5.182122838602581e+18	6.0
4.922409398748246e+18	6.1000000000000005
4.660278623920975e+18	6.2
4.277517479796633e+18	6.300000000000001
4.0568462059342234e+18	6.4
3.80235468954491e+18	6.5
3.4883818649346555e+18	6.6000000000000005
3.310516470465653e+18	6.7
3.0284397266792136e+18	6.800000000000001
2.7910459597477663e+18	6.9
2.594387761888264e+18	7.0
2.35596057905492e+18	7.1000000000000005
2.1815370368704622e+18	7.2
1.9524109996605412e+18	7.300000000000001
1.7690557341583862e+18	7.4
1.6008545810885235e+18	7.5
1.4562693147651525e+18	7.6000000000000005
1.281241680432733e+18	7.7
1.1455641070566988e+18	7.800000000000001
1.0133615562776014e+18	7.9
8.882145507768557e+17	8.0
7.71666569249284e+17	8.1
6.595552125217404e+17	8.200000000000001
5.584741032360708e+17	8.3
4.6240906265198886e+17	8.4
3.727544094925377e+17	8.5
2.8640607804241914e+17	8.6
1.9804847357841715e+17	8.700000000000001
8.91301604189027e+16	8.8
0.0	8.9
0.0	9.0
0.0	9.1
0.0	9.200000000000001
0.0	9.3
0.0	9.4
0.0	9.5
0.0	9.600000000000001
0.0	9.700000000000001
