a = 12584.659839363774 м
b = 10846.362805883766 м
x0 = 10410.18232038296 м
vr = 1975.6604984596918 м/с
A0 = 1.922244765307192 м
Xmax = 13339.822660362224 м
sigmaX = 4372.831070443213 м
sigmaY = 4756.4222584615545 м
M0 = 4.122425851224398e+19 Н*м - интегральное значение сейсмического момента
Mr_max = 1.0519807873902629e+19 Н*м/с - максимальное значение функции источника
1-ый столбец - источника
2-ой столбец - время
0.0	0.0
4554760816888903.0	0.1
7.235420653126533e+17	0.2
1.4300100283496456e+18	0.30000000000000004
2.113805144471381e+18	0.4
2.837418885970933e+18	0.5
3.498676959451688e+18	0.6000000000000001
4.145710524766322e+18	0.7000000000000001
4.747676086971506e+18	0.8
5.357524717392434e+18	0.9
5.884268822874244e+18	1.0
6.539988094451594e+18	1.1
6.967079798528472e+18	1.2000000000000002
7.490608055615813e+18	1.3
7.918606500017444e+18	1.4000000000000001
8.344153735030212e+18	1.5
8.712848948411436e+18	1.6
9.093332197377313e+18	1.7000000000000002
9.253748691996393e+18	1.8
9.667728097144982e+18	1.9000000000000001
1.0010141584892922e+19	2.0
1.0093458186811943e+19	2.1
1.0231239682857329e+19	2.2
1.035089468023401e+19	2.3000000000000003
1.0325334910442715e+19	2.4000000000000004
1.0395322527141888e+19	2.5
1.0519807873902629e+19	2.6
1.0471725139578567e+19	2.7
1.04217632149816e+19	2.8000000000000003
1.035742248115692e+19	2.9000000000000004
1.02718940235401e+19	3.0
1.0162198405119363e+19	3.1
9.909267319912765e+18	3.2
9.698908512805978e+18	3.3000000000000003
9.527534896332511e+18	3.4000000000000004
9.240454990945792e+18	3.5
9.014560542390707e+18	3.6
8.791256438339128e+18	3.7
8.474881652015432e+18	3.8000000000000003
8.296031082649884e+18	3.9000000000000004
7.911923016546656e+18	4.0
7.53887936800558e+18	4.1000000000000005
7.369310812327804e+18	4.2
6.944204466976728e+18	4.3
6.691935541685888e+18	4.4
6.391651270483816e+18	4.5
6.086757655773685e+18	4.6000000000000005
5.733637496644405e+18	4.7
5.491472763369251e+18	4.800000000000001
5.132159839514714e+18	4.9
4.85800222293138e+18	5.0
4.5682858739809203e+18	5.1000000000000005
4.2675149351240125e+18	5.2
3.8479453407543844e+18	5.300000000000001
3.434158353365048e+18	5.4
3.026248342470911e+18	5.5
2.787443679332685e+18	5.6000000000000005
2.4925574332067415e+18	5.7
2.2393357205188972e+18	5.800000000000001
2.011408158608395e+18	5.9
1.7851955179107046e+18	6.0
1.592203431170961e+18	6.1000000000000005
1.408713652325379e+18	6.2
1.2356020902668639e+18	6.300000000000001
1.0819745293203602e+18	6.4
9.418120560224164e+17	6.5
8.138537795590633e+17	6.6000000000000005
7.00931321846194e+17	6.7
5.931020560372823e+17	6.800000000000001
5.015582814591587e+17	6.9
4.149566889267207e+17	7.0
3.396720835294555e+17	7.1000000000000005
2.7199244470398218e+17	7.2
2.0756825992424416e+17	7.300000000000001
1.4763502144777e+17	7.4
8.560135536392702e+16	7.5
0.0	7.6000000000000005
0.0	7.7
0.0	7.800000000000001
0.0	7.9
0.0	8.0
0.0	8.1
0.0	8.200000000000001
0.0	8.3
0.0	8.4
