a = 16848.942403849673 м
b = 12897.925613133199 м
x0 = 3131.743805974815 м
vr = 1586.6462363798366 м/с
A0 = 1.1215807999913119 м
Xmax = 12680.178059940008 м
sigmaX = 4608.055921791237 м
sigmaY = 4075.1570197930823 м
M0 = 2.2462899709047378e+19 Н*м - интегральное значение сейсмического момента
Mr_max = 3.2876585311554104e+18 Н*м/с - максимальное значение функции источника
1-ый столбец - источника
2-ой столбец - время
0.0	0.0
312376781767545.0	0.1
4.002457657610444e+16	0.2
7.919871167626824e+16	0.30000000000000004
1.1886060202518912e+17	0.4
1.585021638836907e+17	0.5
2.003328691864298e+17	0.6000000000000001
2.4258526284209866e+17	0.7000000000000001
2.8339160808179517e+17	0.8
3.271379901460211e+17	0.9
3.6828243761554515e+17	1.0
4.1264812629733843e+17	1.1
4.6193888728488595e+17	1.2000000000000002
5.0745375137896806e+17	1.3
5.5553932238673696e+17	1.4000000000000001
6.067222094177844e+17	1.5
6.536193941023739e+17	1.6
7.07076686378575e+17	1.7000000000000002
7.612090224919757e+17	1.8
8.229166817460579e+17	1.9000000000000001
8.768872522703711e+17	2.0
9.309388617961041e+17	2.1
9.812420516287036e+17	2.2
1.0367269917329633e+18	2.3000000000000003
1.0940809092078324e+18	2.4000000000000004
1.152637536058801e+18	2.5
1.2134070468556513e+18	2.6
1.2841333815917745e+18	2.7
1.3445815056138693e+18	2.8000000000000003
1.4200022423302446e+18	2.9000000000000004
1.493904898865991e+18	3.0
1.558434890745114e+18	3.1
1.6390447181933563e+18	3.2
1.6932978097850158e+18	3.3000000000000003
1.7745753156701463e+18	3.4000000000000004
1.829846854995909e+18	3.5
1.9229066722740623e+18	3.6
1.9936328358802857e+18	3.7
2.0749358310358671e+18	3.8000000000000003
2.154753201624434e+18	3.9000000000000004
2.194906794798331e+18	4.0
2.273783243755718e+18	4.1000000000000005
2.365308115361191e+18	4.2
2.439394812827515e+18	4.3
2.490498756915546e+18	4.4
2.5639988678006564e+18	4.5
2.638934345793273e+18	4.6000000000000005
2.6927585762790103e+18	4.7
2.78858406977847e+18	4.800000000000001
2.812925861374082e+18	4.9
2.8744041083598413e+18	5.0
2.9346863506030264e+18	5.1000000000000005
2.9335460194218593e+18	5.2
3.0077383264850683e+18	5.300000000000001
3.062197664286732e+18	5.4
3.109151871208801e+18	5.5
3.127220586548343e+18	5.6000000000000005
3.1849706190504596e+18	5.7
3.2070061845528084e+18	5.800000000000001
3.2098123410360417e+18	5.9
3.224067748028484e+18	6.0
3.2522179349192253e+18	6.1000000000000005
3.2595081377151007e+18	6.2
3.2828948637025797e+18	6.300000000000001
3.27304806547912e+18	6.4
3.2876585311554104e+18	6.5
3.271365255397411e+18	6.6000000000000005
3.264587906312423e+18	6.7
3.247129785851118e+18	6.800000000000001
3.2521529341898404e+18	6.9
3.2107440329732695e+18	7.0
3.199213162294734e+18	7.1000000000000005
3.1673269484233697e+18	7.2
3.139361899673304e+18	7.300000000000001
3.1135548248889016e+18	7.4
3.0775519200469837e+18	7.5
3.003646744670795e+18	7.6000000000000005
2.9543746372702894e+18	7.7
2.905739370750532e+18	7.800000000000001
2.882631393054865e+18	7.9
2.817802359637707e+18	8.0
2.734003768182389e+18	8.1
2.6794341421377485e+18	8.200000000000001
2.606451687541971e+18	8.3
2.5569931452435026e+18	8.4
2.4797007402462915e+18	8.5
2.4361603466928215e+18	8.6
2.34787519600798e+18	8.700000000000001
2.2819844066100221e+18	8.8
2.2433378331532572e+18	8.9
2.173555798190146e+18	9.0
2.0950827836112443e+18	9.1
2.0234653412999718e+18	9.200000000000001
1.9580680635837617e+18	9.3
1.88811709743357e+18	9.4
1.8094666774916854e+18	9.5
1.732600308818711e+18	9.600000000000001
1.6750937300550582e+18	9.700000000000001
1.6090003563736753e+18	9.8
1.5397276798484232e+18	9.9
1.492937370658806e+18	10.0
1.4106572658293893e+18	10.100000000000001
1.3398861763646351e+18	10.200000000000001
1.2846734943912814e+18	10.3
1.232015710575647e+18	10.4
1.1740926522495032e+18	10.5
1.110668631121033e+18	10.600000000000001
1.0477325606989147e+18	10.700000000000001
9.923555092541875e+17	10.8
9.346432784964727e+17	10.9
8.900681884435644e+17	11.0
8.473713567470646e+17	11.100000000000001
7.945516285584051e+17	11.200000000000001
7.451466296600452e+17	11.3
7.07011187499365e+17	11.4
6.64592693772572e+17	11.5
6.250325071698949e+17	11.600000000000001
5.850163391713277e+17	11.700000000000001
5.4871681203432e+17	11.8
5.0677011154580166e+17	11.9
4.8000098362273216e+17	12.0
4.4491171706996883e+17	12.100000000000001
4.1393530543458816e+17	12.200000000000001
3.8404279501949574e+17	12.3
3.576978784128578e+17	12.4
3.3158992086688634e+17	12.5
3.093440799202762e+17	12.600000000000001
2.862326570114037e+17	12.700000000000001
2.629381892644374e+17	12.8
2.446299583661994e+17	12.9
2.255245794329563e+17	13.0
2.0704514328145734e+17	13.100000000000001
1.9120297207326077e+17	13.200000000000001
1.751476375118471e+17	13.3
1.6008643502504237e+17	13.4
1.485220681344599e+17	13.5
1.3599232430806784e+17	13.600000000000001
1.2433143825026859e+17	13.700000000000001
1.1349876349926248e+17	13.8
1.0331345314851547e+17	13.9
9.421581081474538e+16	14.0
8.614949141686728e+16	14.100000000000001
7.799260682599998e+16	14.200000000000001
7.117922932819618e+16	14.3
6.437149922288198e+16	14.4
5.80633756757752e+16	14.5
5.293036251240849e+16	14.600000000000001
4.752356116590084e+16	14.700000000000001
4.306280259842576e+16	14.8
3.865822231642528e+16	14.9
3.4774252563099732e+16	15.0
3.1307472259044936e+16	15.100000000000001
2.807022149496634e+16	15.200000000000001
2.5186757909419476e+16	15.3
2.264273720903849e+16	15.4
2.014769933827738e+16	15.5
1.804361948366671e+16	15.600000000000001
1.6043662445326924e+16	15.700000000000001
1.430737490095394e+16	15.8
1.2751322589438458e+16	15.9
1.1353156572805052e+16	16.0
1.0048464085503136e+16	16.1
8907746621141549.0	16.2
7862198217441157.0	16.3
6960659628685095.0	16.400000000000002
6096630782143186.0	16.5
5343881431581567.0	16.6
4732055776388275.0	16.7
4149838665350100.0	16.8
3632103315612075.5	16.900000000000002
3163612803000691.0	17.0
2768303971648786.5	17.1
2406639035953663.5	17.2
2091919756860588.2	17.3
1824430635297709.2	17.400000000000002
1572644174600145.5	17.5
1352183476196690.5	17.6
1171341309818398.0	17.7
1005976529550152.6	17.8
863643417765907.4	17.900000000000002
735918422146857.9	18.0
625111520056004.6	18.1
532322361783849.6	18.2
447963776413211.9	18.3
375696972659294.56	18.400000000000002
313769968513078.9	18.5
260199900769478.06	18.6
213331408911783.94	18.7
172999273009576.38	18.8
138642004554756.39	18.900000000000002
107552918204235.31	19.0
80381726021001.88	19.1
55744976638123.24	19.200000000000003
30975419071933.555	19.3
0.0	19.400000000000002
0.0	19.5
0.0	19.6
0.0	19.700000000000003
0.0	19.8
0.0	19.900000000000002
0.0	20.0
0.0	20.1
0.0	20.200000000000003
