a = 13745.164078022572 м
b = 13572.502309536032 м
x0 = 9130.997739861405 м
vr = 1915.4345071469281 м/с
A0 = 0.7132398404811937 м
Xmax = 16929.81191948413 м
sigmaX = 4441.062188921951 м
sigmaY = 4611.386172725761 м
M0 = 1.4974301404193063e+19 Н*м - интегральное значение сейсмического момента
Mr_max = 2.869180851420434e+18 Н*м/с - максимальное значение функции источника
1-ый столбец - источника
2-ой столбец - время
0.0	0.0
439184382166755.56	0.1
6.809325162680265e+16	0.2
1.3382082041120674e+17	0.30000000000000004
2.0119866513928288e+17	0.4
2.7027174595756502e+17	0.5
3.3609194518120096e+17	0.6000000000000001
4.042344098451088e+17	0.7000000000000001
4.7520633753957946e+17	0.8
5.4560594822752966e+17	0.9
6.199512119126994e+17	1.0
6.873281132427768e+17	1.1
7.554437933467773e+17	1.2000000000000002
8.390957943245723e+17	1.3
9.126160354453537e+17	1.4000000000000001
9.8646672057545e+17	1.5
1.067755374763267e+18	1.6
1.1465703789124664e+18	1.7000000000000002
1.232358099771096e+18	1.8
1.309925581254437e+18	1.9000000000000001
1.3906473397457562e+18	2.0
1.4894755980143304e+18	2.1
1.5554883296266706e+18	2.2
1.63790754600383e+18	2.3000000000000003
1.7344100120604457e+18	2.4000000000000004
1.810595671648549e+18	2.5
1.8986349269928315e+18	2.6
1.9839157080159101e+18	2.7
2.047636170674604e+18	2.8000000000000003
2.1249964362850117e+18	2.9000000000000004
2.208691629384323e+18	3.0
2.260936011341984e+18	3.1
2.3466827835720986e+18	3.2
2.429485126429953e+18	3.3000000000000003
2.45571661324227e+18	3.4000000000000004
2.5260511306530437e+18	3.5
2.573935241722155e+18	3.6
2.604884638882091e+18	3.7
2.6752407581470254e+18	3.8000000000000003
2.7161987486806764e+18	3.9000000000000004
2.734075685986636e+18	4.0
2.783338642788435e+18	4.1000000000000005
2.8248639055290317e+18	4.2
2.8322332266287037e+18	4.3
2.8637946173314417e+18	4.4
2.8604226268030316e+18	4.5
2.852599989254963e+18	4.6000000000000005
2.869180851420434e+18	4.7
2.8550459177204357e+18	4.800000000000001
2.8251564543827917e+18	4.9
2.835533757900441e+18	5.0
2.758791156431183e+18	5.1000000000000005
2.7427281675103e+18	5.2
2.7274916492747996e+18	5.300000000000001
2.670537534569649e+18	5.4
2.611119364432784e+18	5.5
2.5952124268693514e+18	5.6000000000000005
2.496201066706364e+18	5.7
2.454020231427352e+18	5.800000000000001
2.3960473982063596e+18	5.9
2.3320464701078804e+18	6.0
2.2703536214442048e+18	6.1000000000000005
2.1917339021882895e+18	6.2
2.1335241170323407e+18	6.300000000000001
2.0526743381234452e+18	6.4
1.9901777077569047e+18	6.5
1.9064733277999345e+18	6.6000000000000005
1.8218454376623396e+18	6.7
1.7491794499390758e+18	6.800000000000001
1.6496188962122862e+18	6.9
1.5873615646676936e+18	7.0
1.5195750998186458e+18	7.1000000000000005
1.4484928552966144e+18	7.2
1.3566688921689815e+18	7.300000000000001
1.2855661624852093e+18	7.4
1.205396150677518e+18	7.5
1.1581513538108362e+18	7.6000000000000005
1.0833501574059976e+18	7.7
1.0137378481789114e+18	7.800000000000001
9.471325789983197e+17	7.9
8.811096297509868e+17	8.0
8.219508759927891e+17	8.1
7.615031192333073e+17	8.200000000000001
7.056852077347013e+17	8.3
6.507360315390386e+17	8.4
5.975244802845711e+17	8.5
5.4674826949709254e+17	8.6
4.995392529049517e+17	8.700000000000001
4.5339565708461894e+17	8.8
4.095099122061104e+17	8.9
3.647574190511422e+17	9.0
3.225664987296388e+17	9.1
2.7943072773351082e+17	9.200000000000001
2.400947462456534e+17	9.3
1.980921591188127e+17	9.4
1.5384606264054934e+17	9.5
1.0106555625036429e+17	9.600000000000001
0.0	9.700000000000001
0.0	9.8
0.0	9.9
0.0	10.0
0.0	10.100000000000001
0.0	10.200000000000001
0.0	10.3
0.0	10.4
0.0	10.5
