a = 8351.476982413162 м
b = 10083.267441913298 м
x0 = 6009.041900033333 м
vr = 1851.5985572594423 м/с
A0 = 2.0572563728529394 м
Xmax = 7575.3574697019985 м
sigmaX = 4413.544316788195 м
sigmaY = 4183.025614933053 м
M0 = 3.564766419029155e+19 Н*м - интегральное значение сейсмического момента
Mr_max = 1.0375484444379083e+19 Н*м/с - максимальное значение функции источника
1-ый столбец - источника
2-ой столбец - время
0.0	0.0
5365512152402196.0	0.1
8.042410022295981e+17	0.2
1.582942472643254e+18	0.30000000000000004
2.337059475236995e+18	0.4
3.079352467305696e+18	0.5
3.781158963947912e+18	0.6000000000000001
4.497756459804715e+18	0.7000000000000001
5.151433577296385e+18	0.8
5.847979041226097e+18	0.9
6.390932203784253e+18	1.0
7.064759631810661e+18	1.1
7.492182308792792e+18	1.2000000000000002
7.94900481777408e+18	1.3
8.4198943168735e+18	1.4000000000000001
8.789807926788094e+18	1.5
9.225752099778939e+18	1.6
9.436616309950507e+18	1.7000000000000002
9.66752925802728e+18	1.8
9.929475017348612e+18	1.9000000000000001
1.009715712062447e+19	2.0
1.0230584164652974e+19	2.1
1.0375484444379083e+19	2.2
1.0372147370057587e+19	2.3000000000000003
1.0324828964737659e+19	2.4000000000000004
1.0322829574712005e+19	2.5
1.0258777563273361e+19	2.6
1.0101614558791911e+19	2.7
9.957239751543083e+18	2.8000000000000003
9.796975222020823e+18	2.9000000000000004
9.644731997008624e+18	3.0
9.500919581150458e+18	3.1
9.23423118300219e+18	3.2
8.993238946086648e+18	3.3000000000000003
8.230365092939275e+18	3.4000000000000004
7.72992168048598e+18	3.5
7.256753935504852e+18	3.6
6.875387772671163e+18	3.7
6.488034835548116e+18	3.8000000000000003
6.11301695585327e+18	3.9000000000000004
5.718022926042202e+18	4.0
5.409642067830798e+18	4.1000000000000005
5.136240685210299e+18	4.2
4.80066340341302e+18	4.3
4.434593189223296e+18	4.4
4.130822484105076e+18	4.5
3.8875724587071524e+18	4.6000000000000005
3.62641246415903e+18	4.7
3.3506735666519327e+18	4.800000000000001
3.1236933098856704e+18	4.9
2.876734262692521e+18	5.0
2.6482132103696753e+18	5.1000000000000005
2.4450145675836124e+18	5.2
2.248855243069745e+18	5.300000000000001
2.0536773807929065e+18	5.4
1.86734032392548e+18	5.5
1.6857401528542075e+18	5.6000000000000005
1.5145381431912184e+18	5.7
1.3462220954993925e+18	5.800000000000001
8.144863898929708e+17	5.9
0.0	6.0
0.0	6.1000000000000005
0.0	6.2
0.0	6.300000000000001
0.0	6.4
0.0	6.5
0.0	6.6000000000000005
0.0	6.7
0.0	6.800000000000001
0.0	6.9
0.0	7.0
0.0	7.1000000000000005
0.0	7.2
0.0	7.300000000000001
0.0	7.4
0.0	7.5
0.0	7.6000000000000005
0.0	7.7
0.0	7.800000000000001
0.0	7.9
0.0	8.0
0.0	8.1
0.0	8.200000000000001
0.0	8.3
0.0	8.4
0.0	8.5
0.0	8.6
