a = 4636.75033951554 м
b = 4533.01950169943 м
x0 = 1692.777605290837 м
vr = 1741.6394319294309 м/с
A0 = 1.1280220927024458 м
Xmax = 3949.2815846806734 м
sigmaX = 4477.078910044305 м
sigmaY = 4040.949964798838 м
M0 = 9.399421708489701e+18 Н*м - интегральное значение сейсмического момента
Mr_max = 3.011922700906315e+18 Н*м/с - максимальное значение функции источника
1-ый столбец - источника
2-ой столбец - время
0.0	0.0
2596056223851553.0	0.1
3.580038172692746e+17	0.2
7.143340944924058e+17	0.30000000000000004
1.0655268897252868e+18	0.4
1.3847058695414991e+18	0.5
1.734954096328351e+18	0.6000000000000001
2.0476874180718897e+18	0.7000000000000001
2.343764076484621e+18	0.8
2.6455646297933266e+18	0.9
2.9019599992396206e+18	1.0
2.919654557255007e+18	1.1
2.832239487702852e+18	1.2000000000000002
2.862378539490047e+18	1.3
2.884579361402901e+18	1.4000000000000001
2.881566163344421e+18	1.5
2.969321805861314e+18	1.6
2.998245309205499e+18	1.7000000000000002
2.940003905342198e+18	1.8
2.956712940037422e+18	1.9000000000000001
2.9964580694388685e+18	2.0
3.011922700906315e+18	2.1
2.9641126690076795e+18	2.2
2.931033385665463e+18	2.3000000000000003
2.9385934870193244e+18	2.4000000000000004
2.8336071200696044e+18	2.5
2.78615014995892e+18	2.6
2.7215016873603195e+18	2.7
2.654676886383823e+18	2.8000000000000003
2.563357067825444e+18	2.9000000000000004
2.4620665032384876e+18	3.0
2.3930099224178217e+18	3.1
2.3000800710204736e+18	3.2
2.162310390596355e+18	3.3000000000000003
2.0690600716899794e+18	3.4000000000000004
1.9332665431792438e+18	3.5
1.8102968718309302e+18	3.6
1.6857777056872438e+18	3.7
1.5500220961505825e+18	3.8000000000000003
1.4120849210974515e+18	3.9000000000000004
1.2345842190908014e+18	4.0
1.0995545640719434e+18	4.1000000000000005
9.133587988037231e+17	4.2
7.047983627093925e+17	4.3
4.187338028650225e+17	4.4
0.0	4.5
0.0	4.6000000000000005
0.0	4.7
0.0	4.800000000000001
0.0	4.9
0.0	5.0
0.0	5.1000000000000005
0.0	5.2
0.0	5.300000000000001
