a = 13212.673227400699 м
b = 13343.91178666196 м
x0 = 5695.105875937135 м
vr = 2113.772343148769 м/с
A0 = 0.9534661635799124 м
Xmax = 13605.796661454182 м
sigmaX = 4333.231198810355 м
sigmaY = 4140.43167058852 м
M0 = 1.8019523615629492e+19 Н*м - интегральное значение сейсмического момента
Mr_max = 3.817451892567583e+18 Н*м/с - максимальное значение функции источника
1-ый столбец - источника
2-ой столбец - время
0.0	0.0
572332686298561.0	0.1
9.726497277677691e+16	0.2
1.9352080645259936e+17	0.30000000000000004
2.8795034859848835e+17	0.4
3.880598713703929e+17	0.5
4.8867293762539725e+17	0.6000000000000001
5.829673518396058e+17	0.7000000000000001
6.915294735133815e+17	0.8
7.972924685742723e+17	0.9
9.040810278226609e+17	1.0
1.0091213087982132e+18	1.1
1.1287658794586454e+18	1.2000000000000002
1.2275929291771779e+18	1.3
1.339896086834775e+18	1.4000000000000001
1.456033263794422e+18	1.5
1.5871239087110246e+18	1.6
1.6940725614905042e+18	1.7000000000000002
1.8143809573561574e+18	1.8
1.9658170068696924e+18	1.9000000000000001
2.0584547971606246e+18	2.0
2.2093445775067845e+18	2.1
2.32298633373602e+18	2.2
2.4534318301443144e+18	2.3000000000000003
2.556677076261145e+18	2.4000000000000004
2.7118002223339494e+18	2.5
2.816625715534918e+18	2.6
2.914735350566233e+18	2.7
3.037227686379062e+18	2.8000000000000003
3.1190609386487956e+18	2.9000000000000004
3.2027217028347674e+18	3.0
3.2986958738920156e+18	3.1
3.4170649759411917e+18	3.2
3.4514594351726843e+18	3.3000000000000003
3.559637222911163e+18	3.4000000000000004
3.5963918478274703e+18	3.5
3.679171091989252e+18	3.6
3.733953045393347e+18	3.7
3.7633537676340106e+18	3.8000000000000003
3.758288604722666e+18	3.9000000000000004
3.817451892567583e+18	4.0
3.814822356807103e+18	4.1000000000000005
3.798555178535944e+18	4.2
3.78386705793933e+18	4.3
3.757796385279358e+18	4.4
3.7227475145321836e+18	4.5
3.68124258496749e+18	4.6000000000000005
3.6271127566578053e+18	4.7
3.611316899726142e+18	4.800000000000001
3.5611954090155197e+18	4.9
3.4427145595397494e+18	5.0
3.3916639513912084e+18	5.1000000000000005
3.272795885756897e+18	5.2
3.199358490831795e+18	5.300000000000001
3.0795626055814216e+18	5.4
2.9958444806303647e+18	5.5
2.87803401000749e+18	5.6000000000000005
2.79460309651297e+18	5.7
2.6564177825621944e+18	5.800000000000001
2.56869387446408e+18	5.9
2.4191838217039206e+18	6.0
2.308763316394732e+18	6.1000000000000005
2.1995550228763108e+18	6.2
2.0909629606643794e+18	6.300000000000001
1.98417529815915e+18	6.4
1.866284245465549e+18	6.5
1.7493594239996892e+18	6.6000000000000005
1.6312032731785357e+18	6.7
1.540432265435753e+18	6.800000000000001
1.4312563498078917e+18	6.9
1.3438071634316242e+18	7.0
1.2379510251875292e+18	7.1000000000000005
1.1504684195977728e+18	7.2
1.068985507279886e+18	7.300000000000001
9.704375387260928e+17	7.4
9.038978127098362e+17	7.5
8.293423329426555e+17	7.6000000000000005
7.539479403494684e+17	7.7
6.909522379546989e+17	7.800000000000001
6.255948963262309e+17	7.9
5.6665412056657805e+17	8.0
5.1470012065076275e+17	8.1
4.667926008871301e+17	8.200000000000001
4.187762018292239e+17	8.3
3.774206852550585e+17	8.4
3.360030961565231e+17	8.5
2.9948273117179046e+17	8.6
2.6712689467318605e+17	8.700000000000001
2.3501452398781008e+17	8.8
2.071826130902438e+17	8.9
1.8176619378143667e+17	9.0
1.5901433248647363e+17	9.1
1.373974770728029e+17	9.200000000000001
1.1767954215032634e+17	9.3
9.93828505013495e+16	9.4
8.194675057369333e+16	9.5
6.651138065784188e+16	9.600000000000001
5.100950545028161e+16	9.700000000000001
3.422186780292321e+16	9.8
8997451710159509.0	9.9
0.0	10.0
0.0	10.100000000000001
0.0	10.200000000000001
0.0	10.3
0.0	10.4
0.0	10.5
0.0	10.600000000000001
0.0	10.700000000000001
0.0	10.8
0.0	10.9
