a = 4933.36371651223 м
b = 6252.024039186234 м
x0 = 4925.397065851187 м
vr = 1754.8620195770354 м/с
A0 = 1.1986179222128275 м
Xmax = 5416.848472009832 м
sigmaX = 4881.050534781623 м
sigmaY = 4987.893177298249 м
M0 = 1.3405279766204793e+19 Н*м - интегральное значение сейсмического момента
Mr_max = 5.83085339145234e+18 Н*м/с - максимальное значение функции источника
1-ый столбец - источника
2-ой столбец - время
0.0	0.0
3139458124159365.0	0.1
4.45496190481822e+17	0.2
8.705309397129832e+17	0.30000000000000004
1.2860565387910418e+18	0.4
1.684268276706734e+18	0.5
2.0733948635914307e+18	0.6000000000000001
2.4543114121194373e+18	0.7000000000000001
2.7784814671041044e+18	0.8
3.1540588802787825e+18	0.9
3.487236240455621e+18	1.0
3.7493893017283077e+18	1.1
4.045521330321058e+18	1.2000000000000002
4.377327230219037e+18	1.3
4.5168974602003523e+18	1.4000000000000001
4.807051918541987e+18	1.5
4.981719529895625e+18	1.6
5.172657780724295e+18	1.7000000000000002
5.261785666894713e+18	1.8
5.492016386742951e+18	1.9000000000000001
5.509907804631639e+18	2.0
5.65895641374513e+18	2.1
5.763750529442931e+18	2.2
5.75567008281948e+18	2.3000000000000003
5.813067070368939e+18	2.4000000000000004
5.83085339145234e+18	2.5
5.823545715416283e+18	2.6
5.779183315860421e+18	2.7
5.70667042161156e+18	2.8000000000000003
5.679422324557082e+18	2.9000000000000004
4.099744814058554e+18	3.0
3.3005226570216156e+18	3.1
2.7458041963365765e+18	3.2
2.2192682159893993e+18	3.3000000000000003
1.7402332936859643e+18	3.4000000000000004
1.258640787059782e+18	3.5
7.262157553557766e+17	3.6
0.0	3.7
0.0	3.8000000000000003
0.0	3.9000000000000004
0.0	4.0
0.0	4.1000000000000005
0.0	4.2
0.0	4.3
0.0	4.4
0.0	4.5
0.0	4.6000000000000005
0.0	4.7
0.0	4.800000000000001
0.0	4.9
0.0	5.0
0.0	5.1000000000000005
0.0	5.2
0.0	5.300000000000001
