a = 4259.077846258249 м
b = 2855.902524828011 м
x0 = 272.81685902847676 м
vr = 1596.7159506289095 м/с
A0 = 1.0167839945159476 м
Xmax = 4373.806155223033 м
sigmaX = 4139.32957723987 м
sigmaY = 4471.898540820775 м
M0 = 5.41200989401239e+18 Н*м - интегральное значение сейсмического момента
Mr_max = 1.5430434881608586e+18 Н*м/с - максимальное значение функции источника
1-ый столбец - источника
2-ой столбец - время
0.0	0.0
1491527448132183.8	0.1
1.90912540564001e+17	0.2
3.1189887504810157e+17	0.30000000000000004
3.7938500427504723e+17	0.4
4.685083576997268e+17	0.5
5.58242510536098e+17	0.6000000000000001
6.366842890175401e+17	0.7000000000000001
7.232028663268756e+17	0.8
8.18077464251713e+17	0.9
8.753859715855233e+17	1.0
9.426982887868252e+17	1.1
1.0251099870629202e+18	1.2000000000000002
1.1025460442805315e+18	1.3
1.1557099164885773e+18	1.4000000000000001
1.2166646832390863e+18	1.5
1.261719923103012e+18	1.6
1.3055168426182584e+18	1.7000000000000002
1.3452664380315738e+18	1.8
1.409146941842856e+18	1.9000000000000001
1.432231815088233e+18	2.0
1.4619049587643167e+18	2.1
1.479304710910748e+18	2.2
1.4852754044872865e+18	2.3000000000000003
1.5102287980670136e+18	2.4000000000000004
1.5236994605636298e+18	2.5
1.524174689124506e+18	2.6
1.5430434881608586e+18	2.7
1.5025251713926252e+18	2.8000000000000003
1.519289522569116e+18	2.9000000000000004
1.492566217393657e+18	3.0
1.4526164822874e+18	3.1
1.4823296734185708e+18	3.2
1.437920081643167e+18	3.3000000000000003
1.414808440539397e+18	3.4000000000000004
1.3546158725315776e+18	3.5
1.3253472857507494e+18	3.6
1.3104620497991e+18	3.7
1.2430811594654536e+18	3.8000000000000003
1.2158029917497664e+18	3.9000000000000004
1.1319189193228196e+18	4.0
1.0675767520426816e+18	4.1000000000000005
1.0446254483991117e+18	4.2
9.638006873694376e+17	4.3
9.082392789981089e+17	4.4
8.574021754272861e+17	4.5
7.8529844850087e+17	4.6000000000000005
7.118233536432609e+17	4.7
6.288199125895342e+17	4.800000000000001
5.488838619256592e+17	4.9
4.594586816153927e+17	5.0
3.5419920128013555e+17	5.1000000000000005
2.1865547309603226e+17	5.2
0.0	5.300000000000001
0.0	5.4
0.0	5.5
0.0	5.6000000000000005
0.0	5.7
0.0	5.800000000000001
0.0	5.9
0.0	6.0
0.0	6.1000000000000005
