a = 14100.107726349233 м
b = 11867.435008510565 м
x0 = 13031.120106550617 м
vr = 2067.030784187451 м/с
A0 = 1.2701729742368582 м
Xmax = 12299.601474542515 м
sigmaX = 4820.374641339231 м
sigmaY = 4159.176951471383 м
M0 = 2.7213969350011814e+19 Н*м - интегральное значение сейсмического момента
Mr_max = 7.842366968005465e+18 Н*м/с - максимальное значение функции источника
1-ый столбец - источника
2-ой столбец - время
0.0	0.0
3892665057340343.5	0.1
6.493861036562546e+17	0.2
1.2751179953201254e+18	0.30000000000000004
1.9045065708544287e+18	0.4
2.4909744849980923e+18	0.5
3.080985694646037e+18	0.6000000000000001
3.615274206970588e+18	0.7000000000000001
4.15125296120826e+18	0.8
4.672450848350723e+18	0.9
5.154416706197639e+18	1.0
5.608846020114105e+18	1.1
5.973825417556241e+18	1.2000000000000002
6.353311197809364e+18	1.3
6.644290407772091e+18	1.4000000000000001
6.942182811586541e+18	1.5
7.229347484963083e+18	1.6
7.417750465150821e+18	1.7000000000000002
7.59625626972323e+18	1.8
7.69285825704859e+18	1.9000000000000001
7.755648174158632e+18	2.0
7.824764856969347e+18	2.1
7.842366968005465e+18	2.2
7.834242218829614e+18	2.3000000000000003
7.787613296189322e+18	2.4000000000000004
7.681399755647658e+18	2.5
7.597319446222994e+18	2.6
7.480261741187604e+18	2.7
7.311802624650061e+18	2.8000000000000003
7.08099092739455e+18	2.9000000000000004
6.867652437652383e+18	3.0
6.712408279671446e+18	3.1
6.430528437916618e+18	3.2
6.247037783116889e+18	3.3000000000000003
5.904704399116782e+18	3.4000000000000004
5.652684637077128e+18	3.5
5.447828507058342e+18	3.6
5.169933952791052e+18	3.7
4.891230903865728e+18	3.8000000000000003
4.63338722331744e+18	3.9000000000000004
4.3370707036114314e+18	4.0
4.0952001736193085e+18	4.1000000000000005
3.89469562875743e+18	4.2
3.581202922702761e+18	4.3
3.374050878139503e+18	4.4
3.139066986933976e+18	4.5
2.9066745956060493e+18	4.6000000000000005
2.682899383697985e+18	4.7
2.491792383492528e+18	4.800000000000001
2.289808545183621e+18	4.9
2.1032702160132897e+18	5.0
1.9449442995993306e+18	5.1000000000000005
1.7689175238731464e+18	5.2
1.6150379013144072e+18	5.300000000000001
1.4733757850975808e+18	5.4
1.3399920278546312e+18	5.5
1.2137492151352458e+18	5.6000000000000005
1.1053154153761202e+18	5.7
9.416365560067681e+17	5.800000000000001
7.554495685898767e+17	5.9
6.164479556778894e+17	6.0
5.000340273227432e+17	6.1000000000000005
3.994126741229335e+17	6.2
2.9543665831025574e+17	6.300000000000001
1.518473660628604e+17	6.4
1.0819172424471342e+17	6.5
9.137363148782968e+16	6.6000000000000005
7.598828221521966e+16	6.7
6.295904080596809e+16	6.800000000000001
5.12442495756942e+16	6.9
4.115359868034114e+16	7.0
3.2251964255758956e+16	7.1000000000000005
2.421196412231698e+16	7.2
1.6379163852435202e+16	7.300000000000001
7877348953519303.0	7.4
0.0	7.5
0.0	7.6000000000000005
0.0	7.7
0.0	7.800000000000001
0.0	7.9
0.0	8.0
0.0	8.1
0.0	8.200000000000001
0.0	8.3
