a = 9339.95497852187 м
b = 10237.3680635469 м
x0 = 1699.2355613491263 м
vr = 1611.2964450269828 м/с
A0 = 0.4943191858870169 м
Xmax = 12058.766959949155 м
sigmaX = 4114.4521263368515 м
sigmaY = 4117.607404635997 м
M0 = 7.58475693629127e+18 Н*м - интегральное значение сейсмического момента
Mr_max = 1.3575756957385715e+18 Н*м/с - максимальное значение функции источника
1-ый столбец - источника
2-ой столбец - время
0.0	0.0
50219065496315.71	0.1
6603230809086273.0	0.2
1.3119475274078872e+16	0.30000000000000004
1.9613838426020284e+16	0.4
2.637131719171123e+16	0.5
3.3311060997348064e+16	0.6000000000000001
4.072803027260882e+16	0.7000000000000001
4.837559503927957e+16	0.8
5.619082290052385e+16	0.9
6.4477857957736616e+16	1.0
7.43748553157325e+16	1.1
8.163152621611488e+16	1.2000000000000002
9.036375561491064e+16	1.3
9.877012090678083e+16	1.4000000000000001
1.1049190348892555e+17	1.5
1.2262044781561909e+17	1.6
1.3475749963448629e+17	1.7000000000000002
1.4938349936438797e+17	1.8
1.6232478858579517e+17	1.9000000000000001
1.7868914935589245e+17	2.0
1.945521061269973e+17	2.1
2.1395343107781e+17	2.2
2.309534789648564e+17	2.3000000000000003
2.4755501283326947e+17	2.4000000000000004
2.6955554881966378e+17	2.5
2.902360868569909e+17	2.6
3.15773448898901e+17	2.7
3.399957197456866e+17	2.8000000000000003
3.657996247162779e+17	2.9000000000000004
3.903218587602711e+17	3.0
4.1582428916841376e+17	3.1
4.470688457479132e+17	3.2
4.7964859996877536e+17	3.3000000000000003
5.07371868356302e+17	3.4000000000000004
5.3198041803442266e+17	3.5
5.6229981806214317e+17	3.6
5.977358432670962e+17	3.7
6.235191747397825e+17	3.8000000000000003
6.654376449623308e+17	3.9000000000000004
6.870607751102281e+17	4.0
7.205602170544733e+17	4.1000000000000005
7.487170057009172e+17	4.2
7.863505783519242e+17	4.3
8.259422688790719e+17	4.4
8.567436391268712e+17	4.5
9.045287595167077e+17	4.6000000000000005
9.195500228494683e+17	4.7
9.621148334124074e+17	4.800000000000001
9.906720288193466e+17	4.9
1.0221909782606084e+18	5.0
1.0561282768755594e+18	5.1000000000000005
1.083248241807374e+18	5.2
1.1222344322342378e+18	5.300000000000001
1.143806225048017e+18	5.4
1.1677856016523802e+18	5.5
1.1831707354898716e+18	5.6000000000000005
1.199232885737678e+18	5.7
1.2399148518108815e+18	5.800000000000001
1.2446648967293105e+18	5.9
1.2647658463745792e+18	6.0
1.2954259157858473e+18	6.1000000000000005
1.2960710127539474e+18	6.2
1.3137281316509752e+18	6.300000000000001
1.32778847550493e+18	6.4
1.3454326193968448e+18	6.5
1.3399840617167795e+18	6.6000000000000005
1.3519145312828762e+18	6.7
1.3575756957385715e+18	6.800000000000001
1.349910920188044e+18	6.9
1.3447050108875136e+18	7.0
1.3418457946929723e+18	7.1000000000000005
1.3304931216387103e+18	7.2
1.3217802972835546e+18	7.300000000000001
1.3044739331978307e+18	7.4
1.3004231411270024e+18	7.5
1.2769774438362504e+18	7.6000000000000005
1.278783456642884e+18	7.7
1.2412091061409457e+18	7.800000000000001
1.2201447417357478e+18	7.9
1.2120876995350154e+18	8.0
1.1788776690613094e+18	8.1
1.1461074477834047e+18	8.200000000000001
1.112742868006135e+18	8.3
1.0943425255120178e+18	8.4
1.0558406321613802e+18	8.5
1.0298380636369262e+18	8.6
9.93722660244578e+17	8.700000000000001
9.616646078464658e+17	8.8
9.265719880252412e+17	8.9
9.001599875983174e+17	9.0
8.59060378418208e+17	9.1
8.257330498670171e+17	9.200000000000001
7.916293540528402e+17	9.3
7.579911856204805e+17	9.4
7.170595770500246e+17	9.5
6.798785067103744e+17	9.600000000000001
6.456473642698627e+17	9.700000000000001
6.030146348830129e+17	9.8
5.6395894126615974e+17	9.9
5.2100543446647206e+17	10.0
4.829635724820821e+17	10.100000000000001
4.3181782094753043e+17	10.200000000000001
3.806670388867812e+17	10.3
3.219020118000619e+17	10.4
2.4820244939033245e+17	10.5
1.3519956800609213e+17	10.600000000000001
0.0	10.700000000000001
0.0	10.8
0.0	10.9
0.0	11.0
0.0	11.100000000000001
0.0	11.200000000000001
0.0	11.3
0.0	11.4
0.0	11.5
0.0	11.600000000000001
0.0	11.700000000000001
0.0	11.8
0.0	11.9
0.0	12.0
0.0	12.100000000000001
0.0	12.200000000000001
0.0	12.3
0.0	12.4
0.0	12.5
0.0	12.600000000000001
