a = 10135.121118130934 м
b = 7886.148770751751 м
x0 = 1543.0220810143278 м
vr = 1952.185160242301 м/с
A0 = 0.45713060346308654 м
Xmax = 8685.229227892867 м
sigmaX = 4561.006653820625 м
sigmaY = 4092.8130175061196 м
M0 = 7.880343837444931e+18 Н*м - интегральное значение сейсмического момента
Mr_max = 1.5749353916270195e+18 Н*м/с - максимальное значение функции источника
1-ый столбец - источника
2-ой столбец - время
0.0	0.0
393073893439405.1	0.1
6.214149069020659e+16	0.2
1.2267983537083805e+17	0.30000000000000004
1.8195920104814282e+17	0.4
2.4372847066398192e+17	0.5
3.044748094406246e+17	0.6000000000000001
3.659939388137479e+17	0.7000000000000001
4.236969462853863e+17	0.8
4.6740200606984454e+17	0.9
4.9130178565080544e+17	1.0
5.2929809768168365e+17	1.1
5.6501236769758554e+17	1.2000000000000002
6.079541521778948e+17	1.3
6.572183400837971e+17	1.4000000000000001
7.085409727800748e+17	1.5
7.576413328704634e+17	1.6
7.947606305506647e+17	1.7000000000000002
8.519656039325172e+17	1.8
9.114225818983124e+17	1.9000000000000001
9.515147509165302e+17	2.0
1.001005233522316e+18	2.1
1.0423010540246168e+18	2.2
1.1055048318792695e+18	2.3000000000000003
1.1502853551840959e+18	2.4000000000000004
1.188100794524371e+18	2.5
1.234260520460425e+18	2.6
1.271073064665186e+18	2.7
1.3197105479364792e+18	2.8000000000000003
1.3667834474765466e+18	2.9000000000000004
1.3856578950962e+18	3.0
1.4261533982501686e+18	3.1
1.451917676556574e+18	3.2
1.494456114513263e+18	3.3000000000000003
1.514277745570827e+18	3.4000000000000004
1.524552006549512e+18	3.5
1.5265813096607465e+18	3.6
1.562649543704961e+18	3.7
1.5634257821841623e+18	3.8000000000000003
1.5749353916270195e+18	3.9000000000000004
1.5492289870809902e+18	4.0
1.563107005679924e+18	4.1000000000000005
1.566972176882584e+18	4.2
1.5742841825613875e+18	4.3
1.5448579331792317e+18	4.4
1.5433315053146447e+18	4.5
1.5140345115458043e+18	4.6000000000000005
1.4989762243622461e+18	4.7
1.4741667414811907e+18	4.800000000000001
1.4321002718213e+18	4.9
1.422780459485073e+18	5.0
1.3863479125147796e+18	5.1000000000000005
1.3625047727481208e+18	5.2
1.3218150055437276e+18	5.300000000000001
1.2911827260404419e+18	5.4
1.2337063193125412e+18	5.5
1.2088624395855048e+18	5.6000000000000005
1.1590955961708585e+18	5.7
1.123482981258446e+18	5.800000000000001
1.07190058090333e+18	5.9
1.0455915294617548e+18	6.0
9.831651382380748e+17	6.1000000000000005
9.602113340176127e+17	6.2
9.011027122381308e+17	6.300000000000001
8.669034773649347e+17	6.4
8.193500116137989e+17	6.5
7.731618752873363e+17	6.6000000000000005
7.302315173065572e+17	6.7
6.924354852948137e+17	6.800000000000001
6.506472290541929e+17	6.9
6.126450283370514e+17	7.0
5.77822810768754e+17	7.1000000000000005
5.414601397474001e+17	7.2
4.968546554300823e+17	7.300000000000001
4.681833346680991e+17	7.4
4.332408993997327e+17	7.5
4.022537508853271e+17	7.6000000000000005
3.723672328395698e+17	7.7
3.4197078323145197e+17	7.800000000000001
3.116229204732483e+17	7.9
2.8728060098517373e+17	8.0
2.610175163766387e+17	8.1
2.3694657465537664e+17	8.200000000000001
2.1299988323065962e+17	8.3
1.9426645678142336e+17	8.4
1.7349008883822752e+17	8.5
1.5540675751486013e+17	8.6
1.3786467056680037e+17	8.700000000000001
1.2105855329934106e+17	8.8
1.0634468595793056e+17	8.9
9.20304924485341e+16	9.0
7.857866483710277e+16	9.1
6.64455915073666e+16	9.200000000000001
5.495928721062189e+16	9.3
4.39354625709374e+16	9.4
3.293625439841032e+16	9.5
2.1184532236578396e+16	9.600000000000001
0.0	9.700000000000001
0.0	9.8
0.0	9.9
0.0	10.0
0.0	10.100000000000001
0.0	10.200000000000001
0.0	10.3
0.0	10.4
0.0	10.5
