a = 7474.890296656874 м
b = 8936.738520794179 м
x0 = 2354.7074075662576 м
vr = 1591.6999943414005 м/с
A0 = 1.94402839474207 м
Xmax = 6959.5759555251325 м
sigmaX = 4569.2385106407455 м
sigmaY = 4273.627006707476 м
M0 = 3.228967646340991e+19 Н*м - интегральное значение сейсмического момента
Mr_max = 6.107741029343058e+18 Н*м/с - максимальное значение функции источника
1-ый столбец - источника
2-ой столбец - время
0.0	0.0
2793419206530841.5	0.1
3.5203685047296723e+17	0.2
7.009858471555997e+17	0.30000000000000004
1.0617615060918006e+18	0.4
1.3858031479308534e+18	0.5
1.7345098301216755e+18	0.6000000000000001
2.0679347312866688e+18	0.7000000000000001
2.3903183503247575e+18	0.8
2.717854322473231e+18	0.9
3.0082895768747663e+18	1.0
3.3323788984049326e+18	1.1
3.6334885704414935e+18	1.2000000000000002
3.8862085664435937e+18	1.3
4.185221035780454e+18	1.4000000000000001
4.4880586188421217e+18	1.5
4.581076252735015e+18	1.6
4.613025806580479e+18	1.7000000000000002
4.639785399848336e+18	1.8
4.770672037751405e+18	1.9000000000000001
4.949681290402437e+18	2.0
5.03466070688672e+18	2.1
5.152887466689601e+18	2.2
5.279778321720977e+18	2.3000000000000003
5.364473679978092e+18	2.4000000000000004
5.473163877472294e+18	2.5
5.598830873849706e+18	2.6
5.662510876705364e+18	2.7
5.769638248645782e+18	2.8000000000000003
5.799049902635917e+18	2.9000000000000004
5.855047907160595e+18	3.0
5.955436237982877e+18	3.1
6.031946076491687e+18	3.2
6.070204879644763e+18	3.3000000000000003
6.084716759200393e+18	3.4000000000000004
6.096293308774582e+18	3.5
6.107741029343058e+18	3.6
6.083593787024104e+18	3.7
6.072549555806213e+18	3.8000000000000003
6.089520000413127e+18	3.9000000000000004
6.03508498775635e+18	4.0
5.989509128955162e+18	4.1000000000000005
5.984255440217752e+18	4.2
5.913944231832211e+18	4.3
5.842484368980915e+18	4.4
5.727373571911507e+18	4.5
5.633980741086478e+18	4.6000000000000005
5.584543329120141e+18	4.7
5.51389891604371e+18	4.800000000000001
5.363775124043515e+18	4.9
5.258996357855173e+18	5.0
5.136779975659573e+18	5.1000000000000005
4.993710177004028e+18	5.2
4.893405878327839e+18	5.300000000000001
4.767978396915174e+18	5.4
4.635943754177637e+18	5.5
4.464901567420739e+18	5.6000000000000005
4.2536674092268687e+18	5.7
4.178901015571602e+18	5.800000000000001
4.055403015097554e+18	5.9
3.931183452729237e+18	6.0
3.7749299796552796e+18	6.1000000000000005
3.623025253102588e+18	6.2
3.458232649738497e+18	6.300000000000001
3.3297985785051607e+18	6.4
3.2026161183469676e+18	6.5
3.027939618165349e+18	6.6000000000000005
2.898220061677111e+18	6.7
2.7291842183678387e+18	6.800000000000001
2.602350657549261e+18	6.9
2.461145059162244e+18	7.0
2.3136957518678543e+18	7.1000000000000005
2.1644217387784356e+18	7.2
2.0231102280829955e+18	7.300000000000001
1.8821718791544346e+18	7.4
1.7322208040361024e+18	7.5
1.5606905646497062e+18	7.6000000000000005
1.3988178360009687e+18	7.7
1.196403396044429e+18	7.800000000000001
9.151608585281751e+17	7.9
3.5898098715744646e+17	8.0
0.0	8.1
0.0	8.200000000000001
0.0	8.3
0.0	8.4
0.0	8.5
0.0	8.6
0.0	8.700000000000001
0.0	8.8
0.0	8.9
0.0	9.0
0.0	9.1
0.0	9.200000000000001
0.0	9.3
0.0	9.4
0.0	9.5
0.0	9.600000000000001
0.0	9.700000000000001
0.0	9.8
0.0	9.9
0.0	10.0
0.0	10.100000000000001
0.0	10.200000000000001
0.0	10.3
0.0	10.4
0.0	10.5
0.0	10.600000000000001
0.0	10.700000000000001
