a = 7009.895536619509 м
b = 8767.76661539863 м
x0 = 2762.840746253954 м
vr = 1681.965862681388 м/с
A0 = 1.0857855582044413 м
Xmax = 5542.423856897374 м
sigmaX = 4966.375767091991 м
sigmaY = 4044.8455879861194 м
M0 = 1.7114949042160943e+19 Н*м - интегральное значение сейсмического момента
Mr_max = 4.0620365759715866e+18 Н*м/с - максимальное значение функции источника
1-ый столбец - источника
2-ой столбец - время
0.0	0.0
2342817554417306.5	0.1
3.1616044015135616e+17	0.2
6.240111279453713e+17	0.30000000000000004
9.320683656903474e+17	0.4
1.236138990109206e+18	0.5
1.5313898665094968e+18	0.6000000000000001
1.7987529475355456e+18	0.7000000000000001
2.0894650855898204e+18	0.8
2.336416986180733e+18	0.9
2.611498793798276e+18	1.0
2.859059728250453e+18	1.1
3.1069286566241203e+18	1.2000000000000002
3.3078826790004664e+18	1.3
3.4892396786726687e+18	1.4000000000000001
3.6880791667041275e+18	1.5
3.8700725271340733e+18	1.6
4.0620365759715866e+18	1.7000000000000002
3.89559597068271e+18	1.8
3.8666817100267735e+18	1.9000000000000001
3.8206543031682724e+18	2.0
3.8044559500615613e+18	2.1
3.7867079970827976e+18	2.2
3.7714386514153697e+18	2.3000000000000003
3.842228623694899e+18	2.4000000000000004
3.8128401561591255e+18	2.5
3.763859357207568e+18	2.6
3.758566138579315e+18	2.7
3.694009122559743e+18	2.8000000000000003
3.7030747869674916e+18	2.9000000000000004
3.6914818561776563e+18	3.0
3.6215303494768404e+18	3.1
3.565085970194979e+18	3.2
3.544360055143564e+18	3.3000000000000003
3.4802383012919096e+18	3.4000000000000004
3.4372874428982523e+18	3.5
3.362661578032727e+18	3.6
3.277030606835294e+18	3.7
3.238041277245864e+18	3.8000000000000003
3.131420727062524e+18	3.9000000000000004
3.060660129740547e+18	4.0
3.016941608335104e+18	4.1000000000000005
2.887324570864423e+18	4.2
2.831980508169166e+18	4.3
2.747108214204817e+18	4.4
2.6444344167063885e+18	4.5
2.5823368585126006e+18	4.6000000000000005
2.475637601466697e+18	4.7
2.394715929656362e+18	4.800000000000001
2.269777751644742e+18	4.9
2.2089078553112783e+18	5.0
2.0903532591061028e+18	5.1000000000000005
2.0312028644393382e+18	5.2
1.9420758856363676e+18	5.300000000000001
1.8482294834427832e+18	5.4
1.765409351810613e+18	5.5
1.6681272034600888e+18	5.6000000000000005
1.6086279892187697e+18	5.7
1.5090252934658191e+18	5.800000000000001
1.4271946054935726e+18	5.9
1.3383299141536794e+18	6.0
1.2574123279768054e+18	6.1000000000000005
1.1840334709176284e+18	6.2
1.1028663359696791e+18	6.300000000000001
1.0298466641980614e+18	6.4
9.392516607858382e+17	6.5
8.460178361711009e+17	6.6000000000000005
7.108654653638093e+17	6.7
0.0	6.800000000000001
0.0	6.9
0.0	7.0
0.0	7.1000000000000005
0.0	7.2
0.0	7.300000000000001
0.0	7.4
0.0	7.5
0.0	7.6000000000000005
0.0	7.7
0.0	7.800000000000001
0.0	7.9
0.0	8.0
0.0	8.1
0.0	8.200000000000001
0.0	8.3
0.0	8.4
0.0	8.5
0.0	8.6
0.0	8.700000000000001
0.0	8.8
0.0	8.9
0.0	9.0
0.0	9.1
0.0	9.200000000000001
0.0	9.3
0.0	9.4
0.0	9.5
0.0	9.600000000000001
0.0	9.700000000000001
