a = 14939.292758888563 м
b = 10616.886467643939 м
x0 = 3418.855275094376 м
vr = 1872.4715705715018 м/с
A0 = 1.8032306692735378 м
Xmax = 18907.084012943 м
sigmaX = 4090.6118634848117 м
sigmaY = 4908.31313826024 м
M0 = 3.4257065559905497e+19 Н*м - интегральное значение сейсмического момента
Mr_max = 6.570246171208459e+18 Н*м/с - максимальное значение функции источника
1-ый столбец - источника
2-ой столбец - время
0.0	0.0
3908431188917.0933	0.1
595897708044799.2	0.2
1197546699943268.0	0.30000000000000004
1865256069391699.2	0.4
2587222732669208.0	0.5
3410990810412996.0	0.6000000000000001
4356226157228486.5	0.7000000000000001
5465043127454315.0	0.8
6755222685431286.0	0.9
8243080855367618.0	1.0
1.009741411164455e+16	1.1
1.2129681897763842e+16	1.2000000000000002
1.442768422797362e+16	1.3
1.735747938952039e+16	1.4000000000000001
2.069185815523576e+16	1.5
2.438390265150206e+16	1.6
2.894800949663875e+16	1.7000000000000002
3.386330297754155e+16	1.8
3.961564833703597e+16	1.9000000000000001
4.676562762741958e+16	2.0
5.422300482501596e+16	2.1
6.355801580163135e+16	2.2
7.392241888819235e+16	2.3000000000000003
8.520553767713538e+16	2.4000000000000004
9.907947824118053e+16	2.5
1.1328357322725416e+17	2.6
1.3011428639092854e+17	2.7
1.484804707179707e+17	2.8000000000000003
1.6856979370537862e+17	2.9000000000000004
1.912421904452993e+17	3.0
2.190500425505757e+17	3.1
2.4924292858534093e+17	3.2
2.7883021704469312e+17	3.3000000000000003
3.1269934901287514e+17	3.4000000000000004
3.5494054402742586e+17	3.5
3.9750168478111123e+17	3.6
4.4432332740889466e+17	3.7
4.9016091310442214e+17	3.8000000000000003
5.5042462512644934e+17	3.9000000000000004
6.08335994366318e+17	4.0
6.73999181644546e+17	4.1000000000000005
7.474168585200732e+17	4.2
8.201836631125304e+17	4.3
9.095283632137815e+17	4.4
9.854599179272296e+17	4.5
1.0882299729158309e+18	4.6000000000000005
1.1998030777288481e+18	4.7
1.292016435701283e+18	4.800000000000001
1.4244904496289956e+18	4.9
1.531870678118698e+18	5.0
1.6765617097159795e+18	5.1000000000000005
1.778992158281491e+18	5.2
1.937550880253042e+18	5.300000000000001
2.0809683532103137e+18	5.4
2.2241519279297e+18	5.5
2.39441433334132e+18	5.6000000000000005
2.5461588991620654e+18	5.7
2.7237234993512315e+18	5.800000000000001
2.8918042522813737e+18	5.9
3.057369817050502e+18	6.0
3.254213934121366e+18	6.1000000000000005
3.424079600930084e+18	6.2
3.613745066574274e+18	6.300000000000001
3.758095347305886e+18	6.4
3.9705453068187884e+18	6.5
4.1945604610533484e+18	6.6000000000000005
4.3274746922085023e+18	6.7
4.522119945377609e+18	6.800000000000001
4.709912769554943e+18	6.9
4.898091428481278e+18	7.0
5.055066296112027e+18	7.1000000000000005
5.209411616756802e+18	7.2
5.420053238248552e+18	7.300000000000001
5.604725386818268e+18	7.4
5.732274105727627e+18	7.5
5.822457556782285e+18	7.6000000000000005
6.020557462929321e+18	7.7
6.091672521425181e+18	7.800000000000001
6.210808563034024e+18	7.9
6.241203498478268e+18	8.0
6.392673309700186e+18	8.1
6.454784631253771e+18	8.200000000000001
6.476347618457947e+18	8.3
6.492096050573391e+18	8.4
6.532283944909287e+18	8.5
6.570246171208459e+18	8.6
6.475152998975209e+18	8.700000000000001
6.531911014055406e+18	8.8
6.518007966919066e+18	8.9
6.481296685605368e+18	9.0
6.40572274435252e+18	9.1
6.295201374008841e+18	9.200000000000001
6.262756090904733e+18	9.3
6.139301788733441e+18	9.4
6.045053700562353e+18	9.5
5.907600633255975e+18	9.600000000000001
5.71140033132739e+18	9.700000000000001
5.677853507499266e+18	9.8
5.474467589658577e+18	9.9
5.28497370908004e+18	10.0
5.130384545791275e+18	10.100000000000001
4.937170351676941e+18	10.200000000000001
4.768810264056819e+18	10.3
4.5724403328239457e+18	10.4
4.386954984104647e+18	10.5
4.2217613600802586e+18	10.600000000000001
4.000740088669257e+18	10.700000000000001
3.8361859632033526e+18	10.8
3.607837654172239e+18	10.9
3.424873371315565e+18	11.0
3.2522414068937907e+18	11.100000000000001
3.026714472752719e+18	11.200000000000001
2.8693730127527265e+18	11.3
2.682733519491943e+18	11.4
2.511446056036797e+18	11.5
2.330646772371447e+18	11.600000000000001
2.186016703147219e+18	11.700000000000001
2.010021843050538e+18	11.8
1.867042828220564e+18	11.9
1.7078110221156155e+18	12.0
1.5686469290363433e+18	12.100000000000001
1.4425406129707907e+18	12.200000000000001
1.3186752581352906e+18	12.3
1.2056140407796275e+18	12.4
1.0883563079366583e+18	12.5
9.788682137171178e+17	12.600000000000001
8.790610346942781e+17	12.700000000000001
7.840150908507361e+17	12.8
7.017909126747933e+17	12.9
6.217398417468791e+17	13.0
5.481884692532945e+17	13.100000000000001
4.820259745868598e+17	13.200000000000001
4.1950410739095834e+17	13.3
3.632614227263947e+17	13.4
3.110716090787325e+17	13.5
2.624261451724833e+17	13.600000000000001
2.1848971802660163e+17	13.700000000000001
1.7932206768900003e+17	13.8
1.4191941393927816e+17	13.9
1.0751467054698766e+17	14.0
7.316065650316837e+16	14.100000000000001
3.241205992482787e+16	14.200000000000001
0.0	14.3
0.0	14.4
0.0	14.5
0.0	14.600000000000001
0.0	14.700000000000001
0.0	14.8
0.0	14.9
0.0	15.0
0.0	15.100000000000001
