a = 9465.953921872833 м
b = 6200.412109402598 м
x0 = 679.43676111748 м
vr = 1990.4157584111158 м/с
A0 = 1.78595720206886 м
Xmax = 7679.754738836972 м
sigmaX = 4674.898698631925 м
sigmaY = 4053.3006084083568 м
M0 = 2.720194626994353e+19 Н*м - интегральное значение сейсмического момента
Mr_max = 5.588672806487904e+18 Н*м/с - максимальное значение функции источника
1-ый столбец - источника
2-ой столбец - время
0.0	0.0
1738113380986596.2	0.1
2.766516516999023e+17	0.2
5.532576105442976e+17	0.30000000000000004
8.24651304079576e+17	0.4
9.401585724164038e+17	0.5
1.0714021503662545e+18	0.6000000000000001
1.2107891970524216e+18	0.7000000000000001
1.371510125577116e+18	0.8
1.5486544993521661e+18	0.9
1.7423260398785014e+18	1.0
1.9174014113965814e+18	1.1
2.1034592070472648e+18	1.2000000000000002
2.2694171066929103e+18	1.3
2.5027888823714094e+18	1.4000000000000001
2.643659269479248e+18	1.5
2.879488956938834e+18	1.6
3.0505835099965773e+18	1.7000000000000002
3.2440208295528013e+18	1.8
3.440327775229411e+18	1.9000000000000001
3.6350395145368525e+18	2.0
3.8280905378340224e+18	2.1
3.9830044737759007e+18	2.2
4.1454652720001167e+18	2.3000000000000003
4.2932218613677245e+18	2.4000000000000004
4.4523924244573066e+18	2.5
4.637440347846294e+18	2.6
4.762283675261435e+18	2.7
4.85571949095971e+18	2.8000000000000003
5.008853577141984e+18	2.9000000000000004
5.115443429825707e+18	3.0
5.261585120085149e+18	3.1
5.263945429248113e+18	3.2
5.38396042942761e+18	3.3000000000000003
5.445577589625279e+18	3.4000000000000004
5.497475546316791e+18	3.5
5.48294347974012e+18	3.6
5.588672806487904e+18	3.7
5.585890576799929e+18	3.8000000000000003
5.571349585477421e+18	3.9000000000000004
5.556057578444953e+18	4.0
5.520079966870229e+18	4.1000000000000005
5.416758973781137e+18	4.2
5.456527778316318e+18	4.3
5.400007956496104e+18	4.4
5.396112496624062e+18	4.5
5.287783037567537e+18	4.6000000000000005
5.158385412505264e+18	4.7
5.058624004645507e+18	4.800000000000001
4.924023811556534e+18	4.9
4.793424450112303e+18	5.0
4.712720478525642e+18	5.1000000000000005
4.589407039180961e+18	5.2
4.4793575479828234e+18	5.300000000000001
4.3021271209016714e+18	5.4
4.170486704409409e+18	5.5
3.999953500754516e+18	5.6000000000000005
3.828569180761218e+18	5.7
3.651893467027234e+18	5.800000000000001
3.5599904287124787e+18	5.9
3.370466702767577e+18	6.0
3.2285460877788605e+18	6.1000000000000005
3.0406450237295857e+18	6.2
2.901350980973508e+18	6.300000000000001
2.7237041282213903e+18	6.4
2.5862511615672827e+18	6.5
2.4420338503672817e+18	6.6000000000000005
2.2916566663263992e+18	6.7
2.1507005333820396e+18	6.800000000000001
2.0032101536516022e+18	6.9
1.9024174494714552e+18	7.0
1.7338166693369472e+18	7.1000000000000005
1.6065224535273626e+18	7.2
1.4933665568354074e+18	7.300000000000001
1.3638360210477443e+18	7.4
1.270937139915714e+18	7.5
1.1544005580312822e+18	7.6000000000000005
1.0573516071935716e+18	7.7
9.665550832405039e+17	7.800000000000001
8.699214131802944e+17	7.9
7.949850808100945e+17	8.0
7.113087339643342e+17	8.1
6.290423188807101e+17	8.200000000000001
5.6906440232532205e+17	8.3
4.96909499699281e+17	8.4
4.358070933161387e+17	8.5
3.7597208951475437e+17	8.6
3.228030292549957e+17	8.700000000000001
2.700797516976883e+17	8.8
2.2331261302473792e+17	8.9
1.7534090267764102e+17	9.0
1.2809929832615787e+17	9.1
7.611532895376829e+16	9.200000000000001
0.0	9.3
0.0	9.4
0.0	9.5
0.0	9.600000000000001
0.0	9.700000000000001
0.0	9.8
0.0	9.9
0.0	10.0
0.0	10.100000000000001
