a = 17546.889354317922 м
b = 13903.599282312574 м
x0 = 967.2140312345814 м
vr = 1628.5376119819296 м/с
A0 = 0.9833429657887138 м
Xmax = 18409.95368372457 м
sigmaX = 4603.021044324441 м
sigmaY = 4804.113772582216 м
M0 = 2.186142740510642e+19 Н*м - интегральное значение сейсмического момента
Mr_max = 3.1695873584906266e+18 Н*м/с - максимальное значение функции источника
1-ый столбец - источника
2-ой столбец - время
0.0	0.0
1834148073252.576	0.1
243291684530841.38	0.2
486157706362764.2	0.30000000000000004
742864268384563.0	0.4
1016110344361366.0	0.5
1299800369885907.0	0.6000000000000001
1604941331015249.5	0.7000000000000001
1869433828138543.0	0.8
2220493695981471.2	0.9
2617936879255197.0	1.0
3095714655378660.0	1.1
3617045502814104.0	1.2000000000000002
4289783414539345.0	1.3
4993930392850059.0	1.4000000000000001
5790285353377002.0	1.5
6717620786082058.0	1.6
7831842866855722.0	1.7000000000000002
8906219062145798.0	1.8
1.024396485665404e+16	1.9000000000000001
1.1780457849382686e+16	2.0
1.3399731543559884e+16	2.1
1.5246454697572514e+16	2.2
1.7329796005913068e+16	2.3000000000000003
1.9648370097848416e+16	2.4000000000000004
2.2294542297352828e+16	2.5
2.505403088539003e+16	2.6
2.831189874035238e+16	2.7
3.1893794874675876e+16	2.8000000000000003
3.5441049308914916e+16	2.9000000000000004
3.9900938297130616e+16	3.0
4.504076563894811e+16	3.1
5.0265676392741464e+16	3.2
5.5262839250682984e+16	3.3000000000000003
6.190398577121383e+16	3.4000000000000004
6.902430610875561e+16	3.5
7.626966211393918e+16	3.6
8.41129001067921e+16	3.7
9.318503884699064e+16	3.8000000000000003
1.0256922990293966e+17	3.9000000000000004
1.136487971776579e+17	4.0
1.2382716596152765e+17	4.1000000000000005
1.3704837329039965e+17	4.2
1.5040179270371674e+17	4.3
1.6409979996233258e+17	4.4
1.804162554654317e+17	4.5
1.952078733399129e+17	4.6000000000000005
2.134230540398014e+17	4.7
2.337085832552452e+17	4.800000000000001
2.5151431046018163e+17	4.9
2.7469966163653674e+17	5.0
2.9674306671613677e+17	5.1000000000000005
3.217968839912585e+17	5.2
3.480253206542192e+17	5.300000000000001
3.72127379822412e+17	5.4
4.0760538067396563e+17	5.5
4.348958870336041e+17	5.6000000000000005
4.6824246882792365e+17	5.7
5.0101850602856685e+17	5.800000000000001
5.347302972183184e+17	5.9
5.757109002670744e+17	6.0
6.16233138269993e+17	6.1000000000000005
6.544882601560653e+17	6.2
6.963227937229745e+17	6.300000000000001
7.355275650388104e+17	6.4
7.8964059142301e+17	6.5
8.419637783217028e+17	6.6000000000000005
8.89425949894042e+17	6.7
9.477902015710609e+17	6.800000000000001
9.934722232468872e+17	6.9
1.0507451435655058e+18	7.0
1.1037729630580046e+18	7.1000000000000005
1.1715178948435028e+18	7.2
1.2209068314251973e+18	7.300000000000001
1.2882044995585098e+18	7.4
1.3479613345042002e+18	7.5
1.4150263537799163e+18	7.6000000000000005
1.4737009593771533e+18	7.7
1.5268006674142825e+18	7.800000000000001
1.6122069401780227e+18	7.9
1.6993540372572634e+18	8.0
1.7515357687052677e+18	8.1
1.809705011359536e+18	8.200000000000001
1.8978200302382548e+18	8.3
1.950733912200627e+18	8.4
2.0207701017307128e+18	8.5
2.0972964281139395e+18	8.6
2.175721079422357e+18	8.700000000000001
2.2050864293189507e+18	8.8
2.2899143402834967e+18	8.9
2.342896651086009e+18	9.0
2.4221434531123973e+18	9.1
2.493884109498099e+18	9.200000000000001
2.5469257207550776e+18	9.3
2.5959195502788966e+18	9.4
2.6733949638475044e+18	9.5
2.723142776318043e+18	9.600000000000001
2.771383720781939e+18	9.700000000000001
2.8035649101571205e+18	9.8
2.8446896544618296e+18	9.9
2.9067720546636595e+18	10.0
2.9678709462721725e+18	10.100000000000001
2.984192591112805e+18	10.200000000000001
3.0120661933514383e+18	10.3
3.040347966923309e+18	10.4
3.0799574894960573e+18	10.5
3.0897205058181176e+18	10.600000000000001
3.1160613409769595e+18	10.700000000000001
3.127079541341038e+18	10.8
3.1257453013210194e+18	10.9
3.1695873584906266e+18	11.0
3.138246867991099e+18	11.100000000000001
3.114989587425317e+18	11.200000000000001
3.1399805399963054e+18	11.3
3.1170721591755505e+18	11.4
3.089032052841378e+18	11.5
3.0969389851081964e+18	11.600000000000001
3.0766277672924646e+18	11.700000000000001
3.052234070032631e+18	11.8
3.039645389696951e+18	11.9
2.976476366703699e+18	12.0
2.949057695094792e+18	12.100000000000001
2.9016917058228864e+18	12.200000000000001
2.86386191275897e+18	12.3
2.821800097747441e+18	12.4
2.767619357462888e+18	12.5
2.74743566668491e+18	12.600000000000001
2.674943718888285e+18	12.700000000000001
2.611604835919102e+18	12.8
2.5592911961950387e+18	12.9
2.498477313952442e+18	13.0
2.4358467872632253e+18	13.100000000000001
2.3669838632631127e+18	13.200000000000001
2.3067429187339587e+18	13.3
2.2521664479529915e+18	13.4
2.170778930104104e+18	13.5
2.0924954435945357e+18	13.600000000000001
2.0404509185544883e+18	13.700000000000001
1.9803189879349146e+18	13.8
1.8905783927319214e+18	13.9
1.8376641982543693e+18	14.0
1.7658578961383163e+18	14.100000000000001
1.6916991462321695e+18	14.200000000000001
1.6258076741231424e+18	14.3
1.5561762076091668e+18	14.4
1.5023392052074138e+18	14.5
1.4312453449711626e+18	14.600000000000001
1.3708487822130033e+18	14.700000000000001
1.3053260320258632e+18	14.8
1.2486114596347597e+18	14.9
1.1857022065751926e+18	15.0
1.1257129437552099e+18	15.100000000000001
1.0666912780398644e+18	15.200000000000001
1.0090717650502615e+18	15.3
9.58267815356574e+17	15.4
8.998336411350237e+17	15.5
8.51567756861547e+17	15.600000000000001
8.045188025478999e+17	15.700000000000001
7.631655999382481e+17	15.8
7.100277080913763e+17	15.9
6.73078220263303e+17	16.0
6.332468277602522e+17	16.1
5.862176271952659e+17	16.2
5.493704134753443e+17	16.3
5.14242731297541e+17	16.400000000000002
4.789542521662298e+17	16.5
4.461484388077739e+17	16.6
4.176295560431936e+17	16.7
3.8875087395125056e+17	16.8
3.5572369067721184e+17	16.900000000000002
3.315045704991679e+17	17.0
3.058774095913915e+17	17.1
2.8322310818535344e+17	17.2
2.615566464985979e+17	17.3
2.4033842557560726e+17	17.400000000000002
2.21572961187531e+17	17.5
2.0298888133648202e+17	17.6
1.8515390504584032e+17	17.7
1.7069714440744563e+17	17.8
1.5541313521436714e+17	17.900000000000002
1.4198004292494346e+17	18.0
1.2944950237465949e+17	18.1
1.172812579427345e+17	18.2
1.0712485967535485e+17	18.3
9.728031180950963e+16	18.400000000000002
8.809175680516477e+16	18.5
7.917283678591011e+16	18.6
7.118020968599504e+16	18.7
6.402365194131068e+16	18.8
5.7617759680246264e+16	18.900000000000002
5.186733056728707e+16	19.0
4.6278913000760824e+16	19.1
4.137454151892301e+16	19.200000000000003
3.6787425488439784e+16	19.3
3.2516328249799896e+16	19.400000000000002
2.8778156411632844e+16	19.5
2.5396715835869348e+16	19.6
2.225744981496378e+16	19.700000000000003
1.9571792078831204e+16	19.8
1.7030687268868674e+16	19.900000000000002
1.4767725888431698e+16	20.0
1.2743300929357494e+16	20.1
1.0964442686390434e+16	20.200000000000003
9310113669358096.0	20.3
7854619532339140.0	20.400000000000002
6544154607433409.0	20.5
5337970295798105.0	20.6
4265302889559931.5	20.700000000000003
3257681618230874.5	20.8
2293123068157584.0	20.900000000000002
1251299707329762.5	21.0
0.0	21.1
0.0	21.200000000000003
0.0	21.3
0.0	21.400000000000002
0.0	21.5
0.0	21.6
0.0	21.700000000000003
0.0	21.8
0.0	21.900000000000002
