a = 11388.269917838705 м
b = 9612.149084352659 м
x0 = 4841.937543639207 м
vr = 2016.8561942961314 м/с
A0 = 0.6916568624167674 м
Xmax = 8253.47057580778 м
sigmaX = 4978.5198782265215 м
sigmaY = 4057.438739354355 м
M0 = 1.3705321559346215e+19 Н*м - интегральное значение сейсмического момента
Mr_max = 3.7160701357377674e+18 Н*м/с - максимальное значение функции источника
1-ый столбец - источника
2-ой столбец - время
0.0	0.0
1655291280349081.8	0.1
2.679630867928041e+17	0.2
5.246194337334322e+17	0.30000000000000004
7.95119954400954e+17	0.4
1.0471097132327488e+18	0.5
1.2943477738554358e+18	0.6000000000000001
1.5302256022504563e+18	0.7000000000000001
1.7667694518447434e+18	0.8
1.9817502065566415e+18	0.9
2.187096987577453e+18	1.0
2.3832720856069094e+18	1.1
2.5802206449675817e+18	1.2000000000000002
2.7498046279353467e+18	1.3
2.898709312943912e+18	1.4000000000000001
3.0521665871022956e+18	1.5
3.1899674443123794e+18	1.6
3.2936045241275453e+18	1.7000000000000002
3.396272209291601e+18	1.8
3.486198056793318e+18	1.9000000000000001
3.566786887126672e+18	2.0
3.621941458085892e+18	2.1
3.6506857213412244e+18	2.2
3.7160701357377674e+18	2.3000000000000003
3.704723921204151e+18	2.4000000000000004
3.688828641109534e+18	2.5
3.448445516948689e+18	2.6
3.3601367239628196e+18	2.7
3.229239070679201e+18	2.8000000000000003
3.14241231031702e+18	2.9000000000000004
3.056702568988223e+18	3.0
2.9860886934527846e+18	3.1
2.9113591357807447e+18	3.2
2.8129911936548265e+18	3.3000000000000003
2.704021149792172e+18	3.4000000000000004
2.646018075266856e+18	3.5
2.5620440793063107e+18	3.6
2.46559294901627e+18	3.7
2.3868806675412987e+18	3.8000000000000003
2.2848068538767468e+18	3.9000000000000004
2.2004425829894984e+18	4.0
2.143918124494911e+18	4.1000000000000005
2.0405128982186668e+18	4.2
1.9737080194807854e+18	4.3
1.8642232531612273e+18	4.4
1.7832557827244849e+18	4.5
1.71743067361345e+18	4.6000000000000005
1.6176213184321582e+18	4.7
1.5446377624501102e+18	4.800000000000001
1.4599478432748326e+18	4.9
1.388625647548552e+18	5.0
1.3031631836985764e+18	5.1000000000000005
1.2402746426485893e+18	5.2
1.1476627106947891e+18	5.300000000000001
1.0772021875437966e+18	5.4
1.0262232063358966e+18	5.5
9.460967233645526e+17	5.6000000000000005
8.927162894969535e+17	5.7
8.286591597517142e+17	5.800000000000001
7.688986369395372e+17	5.9
7.121724368992726e+17	6.0
6.650340092141416e+17	6.1000000000000005
6.192536203005208e+17	6.2
5.656919916736917e+17	6.300000000000001
5.1985322966958976e+17	6.4
4.8129928263632646e+17	6.5
4.446915874726369e+17	6.6000000000000005
4.1084285049259245e+17	6.7
3.688574241505769e+17	6.800000000000001
3.365907025251229e+17	6.9
3.089408744611788e+17	7.0
2.823587023680082e+17	7.1000000000000005
2.553978440472602e+17	7.2
2.3032529517047702e+17	7.300000000000001
2.0671069075332608e+17	7.4
1.8608693654652525e+17	7.5
1.656700165007557e+17	7.6000000000000005
1.4915472274380883e+17	7.7
1.3198646604189728e+17	7.800000000000001
1.173647467773392e+17	7.9
1.031393932153246e+17	8.0
9.006777615577571e+16	8.1
7.888884200655912e+16	8.200000000000001
6.8057848079281384e+16	8.3
5.770919437987431e+16	8.4
4.849841789908969e+16	8.5
3.994230414035348e+16	8.6
3.174308680738424e+16	8.700000000000001
2.381184001439755e+16	8.8
1.5204065660795864e+16	8.9
0.0	9.0
0.0	9.1
0.0	9.200000000000001
0.0	9.3
0.0	9.4
0.0	9.5
0.0	9.600000000000001
0.0	9.700000000000001
0.0	9.8
