a = 9192.005283537528 м
b = 10026.799707963139 м
x0 = 6427.256567915943 м
vr = 2202.363014886335 м/с
A0 = 0.7907339504932781 м
Xmax = 10068.292902629519 м
sigmaX = 4946.815875385819 м
sigmaY = 4482.73206973903 м
M0 = 1.5996875071607683e+19 Н*м - интегральное значение сейсмического момента
Mr_max = 4.684324371568594e+18 Н*м/с - максимальное значение функции источника
1-ый столбец - источника
2-ой столбец - время
0.0	0.0
1993188381123383.5	0.1
3.505789976177185e+17	0.2
6.913611541997138e+17	0.30000000000000004
1.0372718847405353e+18	0.4
1.356634051686554e+18	0.5
1.675451857242408e+18	0.6000000000000001
1.9827003205809702e+18	0.7000000000000001
2.2997721936659668e+18	0.8
2.58324336992298e+18	0.9
2.8078882063003356e+18	1.0
3.092888364143026e+18	1.1
3.3216740949054013e+18	1.2000000000000002
3.5337271916625403e+18	1.3
3.735431258584908e+18	1.4000000000000001
3.9430341332989517e+18	1.5
4.071552067015137e+18	1.6
4.211334766687135e+18	1.7000000000000002
4.338659546736498e+18	1.8
4.4656007550762675e+18	1.9000000000000001
4.4737392147633777e+18	2.0
4.573823090617518e+18	2.1
4.628133356312121e+18	2.2
4.646344107056127e+18	2.3000000000000003
4.607538574606132e+18	2.4000000000000004
4.684324371568594e+18	2.5
4.649405516293975e+18	2.6
4.5648387580208666e+18	2.7
4.529963623612683e+18	2.8000000000000003
4.4821523956739087e+18	2.9000000000000004
4.3662369431063603e+18	3.0
4.106351725661984e+18	3.1
3.974456251289354e+18	3.2
3.8181403124997115e+18	3.3000000000000003
3.6505472662030935e+18	3.4000000000000004
3.533282406192363e+18	3.5
3.392946061890082e+18	3.6
3.254697023677395e+18	3.7
3.0950741995579146e+18	3.8000000000000003
2.9716855846320143e+18	3.9000000000000004
2.8425828635657713e+18	4.0
2.6526451846588314e+18	4.1000000000000005
2.5473459425218156e+18	4.2
2.41261692683397e+18	4.3
2.233201859957729e+18	4.4
2.1377554442082929e+18	4.5
1.9983749244681108e+18	4.6000000000000005
1.8814321776454413e+18	4.7
1.7384030994225956e+18	4.800000000000001
1.5980968381084982e+18	4.9
1.4737890900557658e+18	5.0
1.338693284911634e+18	5.1000000000000005
1.2060079177773637e+18	5.2
1.0564010184315493e+18	5.300000000000001
8.607203707253038e+17	5.4
4.862055871004109e+17	5.5
0.0	5.6000000000000005
0.0	5.7
0.0	5.800000000000001
0.0	5.9
0.0	6.0
0.0	6.1000000000000005
0.0	6.2
0.0	6.300000000000001
0.0	6.4
0.0	6.5
0.0	6.6000000000000005
0.0	6.7
0.0	6.800000000000001
0.0	6.9
0.0	7.0
0.0	7.1000000000000005
