a = 5881.269630954044 м
b = 7153.693318444695 м
x0 = 174.47210789028233 м
vr = 1957.93722418858 м/с
A0 = 0.4294761492453616 м
Xmax = 6397.99721573897 м
sigmaX = 4138.969765237377 м
sigmaY = 4084.5998417045744 м
M0 = 5.266084893450436e+18 Н*м - интегральное значение сейсмического момента
Mr_max = 1.3862377663123395e+18 Н*м/с - максимальное значение функции источника
1-ый столбец - источника
2-ой столбец - время
0.0	0.0
407339206078234.2	0.1
5.534507247935789e+16	0.2
8.386665493906323e+16	0.30000000000000004
1.2088817909244368e+17	0.4
1.584491672419495e+17	0.5
2.0326888717494326e+17	0.6000000000000001
2.4727611001454435e+17	0.7000000000000001
2.934729207552476e+17	0.8
3.3801497771995226e+17	0.9
3.86640724281723e+17	1.0
4.393600412479272e+17	1.1
4.794223717890159e+17	1.2000000000000002
5.37180240861782e+17	1.3
5.934931046293788e+17	1.4000000000000001
6.481334642322564e+17	1.5
7.077515720360472e+17	1.6
7.643950338959994e+17	1.7000000000000002
8.066071876983596e+17	1.8
8.654400391592216e+17	1.9000000000000001
9.041231679158545e+17	2.0
9.538985347290377e+17	2.1
9.974106174219227e+17	2.2
1.0435105692605853e+18	2.3000000000000003
1.1121710444501827e+18	2.4000000000000004
1.1434104407939675e+18	2.5
1.1907187770839176e+18	2.6
1.225589360116475e+18	2.7
1.2405465683358769e+18	2.8000000000000003
1.2801894063437453e+18	2.9000000000000004
1.2970621031206848e+18	3.0
1.3320447014157005e+18	3.1
1.3498545468628854e+18	3.2
1.3571053741084595e+18	3.3000000000000003
1.382348141180887e+18	3.4000000000000004
1.3862377663123395e+18	3.5
1.380871303583666e+18	3.6
1.3785318983499062e+18	3.7
1.380285649557691e+18	3.8000000000000003
1.3521572854923837e+18	3.9000000000000004
1.3652610487628232e+18	4.0
1.330949162737352e+18	4.1000000000000005
1.3051789573278574e+18	4.2
1.2864449091880138e+18	4.3
1.2624648170031176e+18	4.4
1.2511122138246705e+18	4.5
1.190632923327917e+18	4.6000000000000005
1.1628645163786998e+18	4.7
1.1205628769268497e+18	4.800000000000001
1.0794284320708326e+18	4.9
1.0373247429816662e+18	5.0
9.838389580314063e+17	5.1000000000000005
9.446547043109238e+17	5.2
8.788104436391438e+17	5.300000000000001
8.459840284383469e+17	5.4
7.60055004260722e+17	5.5
7.014043759877491e+17	5.6000000000000005
6.212790403627173e+17	5.7
5.296662031589964e+17	5.800000000000001
4.0758997742308896e+17	5.9
1.7786125347000502e+17	6.0
0.0	6.1000000000000005
0.0	6.2
0.0	6.300000000000001
0.0	6.4
0.0	6.5
0.0	6.6000000000000005
0.0	6.7
0.0	6.800000000000001
0.0	6.9
0.0	7.0
0.0	7.1000000000000005
0.0	7.2
0.0	7.300000000000001
0.0	7.4
0.0	7.5
0.0	7.6000000000000005
0.0	7.7
0.0	7.800000000000001
0.0	7.9
0.0	8.0
0.0	8.1
0.0	8.200000000000001
