a = 11430.2783764855 м
b = 10000.938165059708 м
x0 = 6246.756493866636 м
vr = 1834.1996368827974 м/с
A0 = 1.6276261050731513 м
Xmax = 11382.93432363892 м
sigmaX = 4954.012406189348 м
sigmaY = 4128.826977969479 м
M0 = 3.3506390823883325e+19 Н*м - интегральное значение сейсмического момента
Mr_max = 6.951434568356485e+18 Н*м/с - максимальное значение функции источника
1-ый столбец - источника
2-ой столбец - время
0.0	0.0
2618043114473011.0	0.1
3.848209654178993e+17	0.2
7.657634983625233e+17	0.30000000000000004
1.1443564783738836e+18	0.4
1.5154148209900867e+18	0.5
1.8794302382884408e+18	0.6000000000000001
2.228498213544207e+18	0.7000000000000001
2.58184673585345e+18	0.8
2.919028104521027e+18	0.9
3.2404752838304056e+18	1.0
3.556261677863274e+18	1.1
3.8558548976286054e+18	1.2000000000000002
4.1760158732862874e+18	1.3
4.4361244798980833e+18	1.4000000000000001
4.715481522494147e+18	1.5
4.974733076937147e+18	1.6
5.211872195386724e+18	1.7000000000000002
5.447444238179196e+18	1.8
5.662630740265197e+18	1.9000000000000001
5.783712357678795e+18	2.0
6.044015878981317e+18	2.1
6.190684023897539e+18	2.2
6.302106189017284e+18	2.3000000000000003
6.460065958527929e+18	2.4000000000000004
6.553199159627419e+18	2.5
6.685672338843274e+18	2.6
6.692815762644473e+18	2.7
6.739238601025121e+18	2.8000000000000003
6.813770433640475e+18	2.9000000000000004
6.856794994201596e+18	3.0
6.919462371091884e+18	3.1
6.94495317392487e+18	3.2
6.95021169774579e+18	3.3000000000000003
6.951434568356485e+18	3.4000000000000004
6.90193200160888e+18	3.5
6.611224692876558e+18	3.6
6.469105966288907e+18	3.7
6.388310674285911e+18	3.8000000000000003
6.258463719947647e+18	3.9000000000000004
6.177423309632387e+18	4.0
6.058741113751611e+18	4.1000000000000005
5.894245668945675e+18	4.2
5.77479018542878e+18	4.3
5.624823266819601e+18	4.4
5.501923599893068e+18	4.5
5.38284372072278e+18	4.6000000000000005
5.269308744466844e+18	4.7
5.161990753928044e+18	4.800000000000001
4.99163990190873e+18	4.9
4.847227445415417e+18	5.0
4.648359155583358e+18	5.1000000000000005
4.51235653550456e+18	5.2
4.390863185862203e+18	5.300000000000001
4.2360682824836854e+18	5.4
4.093738514973806e+18	5.5
3.9382757930850857e+18	5.6000000000000005
3.7867407875039206e+18	5.7
3.6318688027559183e+18	5.800000000000001
3.455345796554792e+18	5.9
3.32406228496207e+18	6.0
3.1380197353995515e+18	6.1000000000000005
3.0139415911916616e+18	6.2
2.874883006203153e+18	6.300000000000001
2.717378905875721e+18	6.4
2.604656499898989e+18	6.5
2.422143559612466e+18	6.6000000000000005
2.313434751213055e+18	6.7
2.1845858777265618e+18	6.800000000000001
2.043433105229804e+18	6.9
1.946860296633291e+18	7.0
1.8111778294292099e+18	7.1000000000000005
1.7161269808077373e+18	7.2
1.6128589060436838e+18	7.300000000000001
1.4906663188663268e+18	7.4
1.3773480642813204e+18	7.5
1.2853352427029916e+18	7.6000000000000005
1.18881983740622e+18	7.7
1.1022935346394995e+18	7.800000000000001
1.007895191455218e+18	7.9
9.203294352212266e+17	8.0
8.518977840579955e+17	8.1
7.60365194957246e+17	8.200000000000001
6.927838952539457e+17	8.3
6.237527037464316e+17	8.4
5.5427434782785683e+17	8.5
4.850722270947623e+17	8.6
4.192594822650736e+17	8.700000000000001
3.5488904693273056e+17	8.8
2.892748545723783e+17	8.9
2.158528071438531e+17	9.0
1.258147265137521e+17	9.1
0.0	9.200000000000001
0.0	9.3
0.0	9.4
0.0	9.5
0.0	9.600000000000001
0.0	9.700000000000001
0.0	9.8
0.0	9.9
0.0	10.0
