a = 17659.235046059304 м
b = 20232.539416171196 м
x0 = 14653.696389792807 м
vr = 1718.551286336065 м/с
A0 = 0.5761180648610714 м
Xmax = 21902.0953167654 м
sigmaX = 4293.027585846438 м
sigmaY = 4102.2751982966665 м
M0 = 1.0844440343977116e+19 Н*м - интегральное значение сейсмического момента
Mr_max = 1.9101876110922253e+18 Н*м/с - максимальное значение функции источника
1-ый столбец - источника
2-ой столбец - время
0.0	0.0
357238861454553.06	0.1
4.973261838238758e+16	0.2
9.84721047631152e+16	0.30000000000000004
1.4695352962617098e+17	0.4
1.9463797298093162e+17	0.5
2.454800873318434e+17	0.6000000000000001
2.950214299492783e+17	0.7000000000000001
3.4313477857593504e+17	0.8
3.9428333324813824e+17	0.9
4.457426506506145e+17	1.0
4.9434626171564166e+17	1.1
5.504394008454481e+17	1.2000000000000002
5.967509062540623e+17	1.3
6.513245204671978e+17	1.4000000000000001
7.01588616355967e+17	1.5
7.573373847572036e+17	1.6
8.066559645434994e+17	1.7000000000000002
8.487784756365539e+17	1.8
9.185043417068271e+17	1.9000000000000001
9.699034088822947e+17	2.0
1.0187566106309508e+18	2.1
1.0672377430640637e+18	2.2
1.12603078021077e+18	2.3000000000000003
1.1817831518017213e+18	2.4000000000000004
1.2322482888778194e+18	2.5
1.2737606290516897e+18	2.6
1.3296038431910275e+18	2.7
1.3838412829067018e+18	2.8000000000000003
1.4392342900626404e+18	2.9000000000000004
1.4740663691338414e+18	3.0
1.5191270253134044e+18	3.1
1.5669154912393859e+18	3.2
1.6059919920846848e+18	3.3000000000000003
1.6503511518568543e+18	3.4000000000000004
1.6930511119265795e+18	3.5
1.7184782684728223e+18	3.6
1.7504080931639286e+18	3.7
1.7701299788685727e+18	3.8000000000000003
1.804864669954095e+18	3.9000000000000004
1.8196020794034365e+18	4.0
1.8468791541858194e+18	4.1000000000000005
1.8742748780538235e+18	4.2
1.8819594464916032e+18	4.3
1.8982486670253396e+18	4.4
1.8956556519673887e+18	4.5
1.894831536651842e+18	4.6000000000000005
1.9101876110922253e+18	4.7
1.9035858680667215e+18	4.800000000000001
1.8953236910028193e+18	4.9
1.881764466430229e+18	5.0
1.8731485514598915e+18	5.1000000000000005
1.8614588760253573e+18	5.2
1.8233568749776008e+18	5.300000000000001
1.8211565269247242e+18	5.4
1.8328110605529603e+18	5.5
1.7618085376585162e+18	5.6000000000000005
1.7450716875254787e+18	5.7
1.7180606853326976e+18	5.800000000000001
1.659497271302054e+18	5.9
1.6322108574860977e+18	6.0
1.6046590139336087e+18	6.1000000000000005
1.5664382843265078e+18	6.2
1.5280212656121902e+18	6.300000000000001
1.4698225140084657e+18	6.4
1.433189031701508e+18	6.5
1.3875112680818716e+18	6.6000000000000005
1.3408374910598257e+18	6.7
1.292596046299466e+18	6.800000000000001
1.2394987070622328e+18	6.9
1.2046427850806546e+18	7.0
1.1524958688203022e+18	7.1000000000000005
1.0992233725191707e+18	7.2
1.0559502630973706e+18	7.300000000000001
1.0153289676361363e+18	7.4
9.62389949281118e+17	7.5
9.057342510425472e+17	7.6000000000000005
8.698815648293038e+17	7.7
8.310101782229951e+17	7.800000000000001
7.784384140889211e+17	7.9
7.378138506551306e+17	8.0
6.994186196901748e+17	8.1
6.575579182615662e+17	8.200000000000001
6.229437225707676e+17	8.3
5.83593120786026e+17	8.4
5.522383923006829e+17	8.5
5.1231682614108397e+17	8.6
4.792784411886401e+17	8.700000000000001
4.4805019120701843e+17	8.8
4.1911035776878016e+17	8.9
3.915155515880995e+17	9.0
3.596528915652289e+17	9.1
3.3707973686212314e+17	9.200000000000001
3.129573391188807e+17	9.3
2.886665181351008e+17	9.4
2.6251121127195923e+17	9.5
2.443647318295914e+17	9.600000000000001
2.2244940490878554e+17	9.700000000000001
2.0457109247971562e+17	9.8
1.868293677048196e+17	9.9
1.7347961157580448e+17	10.0
1.5781369604191715e+17	10.100000000000001
1.437465061234983e+17	10.200000000000001
1.3103291945554154e+17	10.3
1.1993700178095395e+17	10.4
1.080323234060323e+17	10.5
9.877004122509258e+16	10.600000000000001
8.905238632415458e+16	10.700000000000001
8.024379011107803e+16	10.8
7.260580278617442e+16	10.9
6.5460830848573816e+16	11.0
5.850465050466843e+16	11.100000000000001
5.2591037067489864e+16	11.200000000000001
4.730833967322969e+16	11.3
4.228670245309648e+16	11.4
3.782251318895359e+16	11.5
3.3681698486720384e+16	11.600000000000001
2.9969997413036852e+16	11.700000000000001
2.665130250765495e+16	11.8
2.3644860389469976e+16	11.9
2.0962104216111736e+16	12.0
1.8578478901043036e+16	12.100000000000001
4313157797871653.5	12.200000000000001
1013840424699394.1	12.3
91547367159742.7	12.4
0.0	12.5
0.0	12.600000000000001
0.0	12.700000000000001
0.0	12.8
0.0	12.9
0.0	13.0
0.0	13.100000000000001
0.0	13.200000000000001
0.0	13.3
0.0	13.4
0.0	13.5
0.0	13.600000000000001
0.0	13.700000000000001
0.0	13.8
0.0	13.9
0.0	14.0
0.0	14.100000000000001
0.0	14.200000000000001
0.0	14.3
0.0	14.4
0.0	14.5
0.0	14.600000000000001
0.0	14.700000000000001
0.0	14.8
0.0	14.9
0.0	15.0
0.0	15.100000000000001
0.0	15.200000000000001
0.0	15.3
0.0	15.4
0.0	15.5
0.0	15.600000000000001
0.0	15.700000000000001
0.0	15.8
0.0	15.9
0.0	16.0
