a = 17205.68193278292 м
b = 21526.356695172653 м
x0 = 6108.899861533025 м
vr = 1980.0854535696108 м/с
A0 = 1.4678990856233953 м
Xmax = 19301.969266265027 м
sigmaX = 4324.434716984413 м
sigmaY = 4922.497171231211 м
M0 = 3.2237484813086982e+19 Н*м - интегральное значение сейсмического момента
Mr_max = 6.061604048831874e+18 Н*м/с - максимальное значение функции источника
1-ый столбец - источника
2-ой столбец - время
0.0	0.0
41563364266991.54	0.1
6649956125632805.0	0.2
1.344346350899041e+16	0.30000000000000004
2.034027716837211e+16	0.4
2.7956982078765744e+16	0.5
3.603157352243435e+16	0.6000000000000001
4.481262512321357e+16	0.7000000000000001
5.464811898854915e+16	0.8
6.579109376142427e+16	0.9
7.807273241757096e+16	1.0
9.110396137174195e+16	1.1
1.0666489942059371e+17	1.2000000000000002
1.2396827928814902e+17	1.3
1.4369347604633494e+17	1.4000000000000001
1.6429570995565002e+17	1.5
1.895720387872781e+17	1.6
2.1488937622562397e+17	1.7000000000000002
2.4599333188239062e+17	1.8
2.7821952371642262e+17	1.9000000000000001
3.1531188957485894e+17	2.0
3.5570708809941165e+17	2.1
3.972550735376319e+17	2.2
4.461319489467238e+17	2.3000000000000003
4.9977690886155936e+17	2.4000000000000004
5.558904206383723e+17	2.5
6.170948436002436e+17	2.6
6.874883926555558e+17	2.7
7.61585569149755e+17	2.8000000000000003
8.323399288949938e+17	2.9000000000000004
9.200503833984957e+17	3.0
1.0016875333549403e+18	3.1
1.1052066096380545e+18	3.2
1.2094068603662876e+18	3.3000000000000003
1.3066064489353508e+18	3.4000000000000004
1.41349095873735e+18	3.5
1.5378429594795018e+18	3.6
1.666305277959735e+18	3.7
1.8022729796232883e+18	3.8000000000000003
1.9248976243217324e+18	3.9000000000000004
2.0587283240200653e+18	4.0
2.213908092405002e+18	4.1000000000000005
2.375863804311871e+18	4.2
2.515958260663915e+18	4.3
2.6675492543770516e+18	4.4
2.8694634045164303e+18	4.5
3.0277708199022787e+18	4.6000000000000005
3.1617326163194066e+18	4.7
3.3385375247969613e+18	4.800000000000001
3.5339690770393907e+18	4.9
3.693518052374653e+18	5.0
3.865992201935487e+18	5.1000000000000005
4.0369265783339597e+18	5.2
4.2311618926062126e+18	5.300000000000001
4.3737509826090875e+18	5.4
4.5387434356909307e+18	5.5
4.692046706341902e+18	5.6000000000000005
4.825560486041043e+18	5.7
4.988897025258861e+18	5.800000000000001
5.146017463676734e+18	5.9
5.266050118382092e+18	6.0
5.338446843237285e+18	6.1000000000000005
5.513340877996787e+18	6.2
5.654697430658249e+18	6.300000000000001
5.706098833300287e+18	6.4
5.765499580208755e+18	6.5
5.838857205097939e+18	6.6000000000000005
5.957555263602774e+18	6.7
5.923296944168819e+18	6.800000000000001
5.965723533793302e+18	6.9
6.061604048831874e+18	7.0
6.016030740646247e+18	7.1000000000000005
6.001653864768508e+18	7.2
6.007458959421812e+18	7.300000000000001
5.995276262088142e+18	7.4
5.943452462427826e+18	7.5
5.823726775810324e+18	7.6000000000000005
5.774303334848572e+18	7.7
5.684949622342155e+18	7.800000000000001
5.598657378401017e+18	7.9
5.522140942678702e+18	8.0
5.432977237988426e+18	8.1
5.271548407185746e+18	8.200000000000001
5.164607358574044e+18	8.3
5.037810225573989e+18	8.4
4.868097360765302e+18	8.5
4.693279612022863e+18	8.6
4.555167242635488e+18	8.700000000000001
4.422419003973831e+18	8.8
4.2708124738137344e+18	8.9
4.08897068572442e+18	9.0
3.952234939276928e+18	9.1
3.809705989626082e+18	9.200000000000001
3.594057581531101e+18	9.3
3.404723271117746e+18	9.4
3.2613284004914294e+18	9.5
3.0970393656021955e+18	9.600000000000001
2.910884842383942e+18	9.700000000000001
2.7503782993849907e+18	9.8
2.619982694786551e+18	9.9
2.4396676138790646e+18	10.0
2.2940339724436792e+18	10.100000000000001
2.1484824368962237e+18	10.200000000000001
2.0103472208395356e+18	10.3
1.874046495794261e+18	10.4
1.7390853963988285e+18	10.5
1.6245732881137382e+18	10.600000000000001
1.5030142599786598e+18	10.700000000000001
1.3869749414413642e+18	10.8
1.2791946187563003e+18	10.9
1.177771983704451e+18	11.0
1.0836109342858139e+18	11.100000000000001
9.964492805426943e+17	11.200000000000001
9.10305007978055e+17	11.3
8.355297984657155e+17	11.4
7.584802829109364e+17	11.5
6.90387603816804e+17	11.600000000000001
6.272567630046387e+17	11.700000000000001
5.712880633343059e+17	11.8
5.106444246050038e+17	11.9
4.6148279608697024e+17	12.0
4.1592291465351814e+17	12.100000000000001
3.739543063779217e+17	12.200000000000001
3.3353837759329536e+17	12.3
2.991197796377456e+17	12.4
2.6797543330462173e+17	12.5
2.374848085939397e+17	12.600000000000001
2.117511513989616e+17	12.700000000000001
1.8596822454823747e+17	12.8
1.658992653628298e+17	12.9
1.458090944074147e+17	13.0
1.2816502034595976e+17	13.100000000000001
1.1329477648464827e+17	13.200000000000001
9.931583381494098e+16	13.3
8.64385681250669e+16	13.4
7.575387290103872e+16	13.5
6.583202884776267e+16	13.600000000000001
5.735448537432647e+16	13.700000000000001
4.943044673604683e+16	13.8
4.266743791003668e+16	13.9
3.651911107516428e+16	14.0
3.1047412402820024e+16	14.100000000000001
2.5628282538063652e+16	14.200000000000001
1.9869614240046036e+16	14.3
0.0	14.4
0.0	14.5
0.0	14.600000000000001
0.0	14.700000000000001
0.0	14.8
0.0	14.9
0.0	15.0
0.0	15.100000000000001
0.0	15.200000000000001
0.0	15.3
0.0	15.4
0.0	15.5
0.0	15.600000000000001
0.0	15.700000000000001
0.0	15.8
0.0	15.9
0.0	16.0
0.0	16.1
0.0	16.2
0.0	16.3
0.0	16.400000000000002
0.0	16.5
0.0	16.6
0.0	16.7
0.0	16.8
0.0	16.900000000000002
0.0	17.0
0.0	17.1
0.0	17.2
0.0	17.3
0.0	17.400000000000002
0.0	17.5
0.0	17.6
0.0	17.7
0.0	17.8
0.0	17.900000000000002
0.0	18.0
0.0	18.1
0.0	18.2
0.0	18.3
0.0	18.400000000000002
0.0	18.5
0.0	18.6
0.0	18.7
0.0	18.8
0.0	18.900000000000002
0.0	19.0
0.0	19.1
0.0	19.200000000000003
0.0	19.3
0.0	19.400000000000002
0.0	19.5
0.0	19.6
