a = 13108.716659037498 м
b = 10291.6868324755 м
x0 = 10735.21865061551 м
vr = 1560.951924323981 м/с
A0 = 1.8285852560724982 м
Xmax = 13897.093372315463 м
sigmaX = 4330.394635513304 м
sigmaY = 4960.536552878261 м
M0 = 3.998395210466482e+19 Н*м - интегральное значение сейсмического момента
Mr_max = 7.956638573549117e+18 Н*м/с - максимальное значение функции источника
1-ый столбец - источника
2-ой столбец - время
0.0	0.0
3282296590451764.5	0.1
4.166008371143554e+17	0.2
8.161411176221554e+17	0.30000000000000004
1.219952273862492e+18	0.4
1.6072126361785987e+18	0.5
2.0222734099238574e+18	0.6000000000000001
2.411662440453071e+18	0.7000000000000001
2.7471152843190866e+18	0.8
3.1341531143397094e+18	0.9
3.4897648470926095e+18	1.0
3.8215051327968087e+18	1.1
4.1299570367510543e+18	1.2000000000000002
4.5115856680307154e+18	1.3
4.838472403716551e+18	1.4000000000000001
5.114015560180176e+18	1.5
5.39368279273223e+18	1.6
5.661824648958439e+18	1.7000000000000002
5.958853319454192e+18	1.8
6.165473347888649e+18	1.9000000000000001
6.461890758021286e+18	2.0
6.535284530392676e+18	2.1
6.757064403147062e+18	2.2
7.011433120859655e+18	2.3000000000000003
7.210335206445732e+18	2.4000000000000004
7.315086894684847e+18	2.5
7.353392423463566e+18	2.6
7.524461251224623e+18	2.7
7.635122620887783e+18	2.8000000000000003
7.752995461532116e+18	2.9000000000000004
7.855849005357661e+18	3.0
7.885818104548447e+18	3.1
7.919259181833063e+18	3.2
7.956638573549117e+18	3.3000000000000003
7.927010239172474e+18	3.4000000000000004
7.91934084658033e+18	3.5
7.920738797202099e+18	3.6
7.724103667611087e+18	3.7
7.843874977989078e+18	3.8000000000000003
7.829282319251095e+18	3.9000000000000004
7.624669615893231e+18	4.0
7.553094740540235e+18	4.1000000000000005
7.361497376274015e+18	4.2
7.350061462697376e+18	4.3
7.311674438717385e+18	4.4
7.154048658829063e+18	4.5
6.97450423485548e+18	4.6000000000000005
6.760406995088198e+18	4.7
6.57979226910076e+18	4.800000000000001
6.494421063959141e+18	4.9
6.408042005855236e+18	5.0
6.152077278353042e+18	5.1000000000000005
6.0654062223839e+18	5.2
5.821991796308532e+18	5.300000000000001
5.61895944563326e+18	5.4
5.492284903794666e+18	5.5
5.308861475299927e+18	5.6000000000000005
5.126344750406612e+18	5.7
4.92495991544154e+18	5.800000000000001
4.770906678309915e+18	5.9
4.5644839282820644e+18	6.0
4.389068890195027e+18	6.1000000000000005
4.206008475258738e+18	6.2
4.044420717777173e+18	6.300000000000001
3.894518848777568e+18	6.4
3.4588780497206733e+18	6.5
3.1200224465666673e+18	6.6000000000000005
2.92228415838928e+18	6.7
2.6815428558860186e+18	6.800000000000001
2.4427466982594514e+18	6.9
2.2710965489691338e+18	7.0
2.1029808419004367e+18	7.1000000000000005
1.9577947766039777e+18	7.2
1.7518412980861847e+18	7.300000000000001
1.6055822817076147e+18	7.4
1.4896472671692124e+18	7.5
1.3454170478468618e+18	7.6000000000000005
1.262879928784303e+18	7.7
1.1274740634519299e+18	7.800000000000001
1.0249598606308481e+18	7.9
9.294402459037446e+17	8.0
8.408675376806208e+17	8.1
7.566517278307731e+17	8.200000000000001
6.767260637429288e+17	8.3
6.097922788417792e+17	8.4
5.440988278166258e+17	8.5
4.88364637899447e+17	8.6
4.265374392391328e+17	8.700000000000001
3.768476368338337e+17	8.8
3.2898418246420954e+17	8.9
2.8912721625456186e+17	9.0
2.5120043746253568e+17	9.1
2.1611182663439488e+17	9.200000000000001
1.8518698065938928e+17	9.3
1.565277115828168e+17	9.4
1.3042539401097624e+17	9.5
1.063422864488593e+17	9.600000000000001
8.44126608686469e+16	9.700000000000001
6.3595333599050216e+16	9.8
4.23576101179122e+16	9.9
1.5758146992364002e+16	10.0
0.0	10.100000000000001
0.0	10.200000000000001
0.0	10.3
0.0	10.4
0.0	10.5
0.0	10.600000000000001
0.0	10.700000000000001
0.0	10.8
0.0	10.9
