a = 10432.262092308654 м
b = 9289.92049991795 м
x0 = 10099.419063442883 м
vr = 1722.7137656534962 м/с
A0 = 1.3666335396999532 м
Xmax = 11160.822162249404 м
sigmaX = 4487.324015928864 м
sigmaY = 4341.956872989467 м
M0 = 2.576138367352398e+19 Н*м - интегральное значение сейсмического момента
Mr_max = 6.687151921929492e+18 Н*м/с - максимальное значение функции источника
1-ый столбец - источника
2-ой столбец - время
0.0	0.0
3434161885129084.0	0.1
4.770716280501598e+17	0.2
9.348333094024497e+17	0.30000000000000004
1.381710425143395e+18	0.4
1.8234359834584535e+18	0.5
2.275198089140631e+18	0.6000000000000001
2.670746209463055e+18	0.7000000000000001
3.099901805365604e+18	0.8
3.5105770027082225e+18	0.9
3.884349561638648e+18	1.0
4.2340947674049546e+18	1.1
4.5292730193742024e+18	1.2000000000000002
4.918845257612117e+18	1.3
5.185766201398652e+18	1.4000000000000001
5.398835402393211e+18	1.5
5.674645056488523e+18	1.6
5.912413864899704e+18	1.7000000000000002
6.028459350315678e+18	1.8
6.196162581449751e+18	1.9000000000000001
6.345924478232756e+18	2.0
6.467590946935804e+18	2.1
6.541635534965201e+18	2.2
6.635930243837507e+18	2.3000000000000003
6.681272713915142e+18	2.4000000000000004
6.687151921929492e+18	2.5
6.646357406287958e+18	2.6
6.674255087150864e+18	2.7
6.640763908749197e+18	2.8000000000000003
6.585152933584161e+18	2.9000000000000004
6.466107503061387e+18	3.0
6.4194336981605e+18	3.1
6.311978563411215e+18	3.2
6.155992309500536e+18	3.3000000000000003
6.046478689005546e+18	3.4000000000000004
5.940210105672454e+18	3.5
5.769181774823035e+18	3.6
5.541270411403418e+18	3.7
5.407198541012101e+18	3.8000000000000003
5.240389864236441e+18	3.9000000000000004
5.036661718308637e+18	4.0
4.871560420069796e+18	4.1000000000000005
4.677570681950822e+18	4.2
4.4949249678372977e+18	4.3
4.283814819455069e+18	4.4
4.0922442696558106e+18	4.5
3.937709682721651e+18	4.6000000000000005
3.681918900347542e+18	4.7
3.506449787230626e+18	4.800000000000001
3.322076209053128e+18	4.9
3.1356725594034406e+18	5.0
2.9490785583613414e+18	5.1000000000000005
2.8070990268847667e+18	5.2
2.637187192224241e+18	5.300000000000001
2.46447697528987e+18	5.4
2.069647430576577e+18	5.5
1.608536765269929e+18	5.6000000000000005
1.300536900340986e+18	5.7
1.0463561063636632e+18	5.800000000000001
8.129006536421956e+17	5.9
5.7632162306552045e+17	6.0
4.536557069459977e+17	6.1000000000000005
3.270243757154507e+17	6.2
1.7638109105813072e+17	6.300000000000001
0.0	6.4
0.0	6.5
0.0	6.6000000000000005
0.0	6.7
0.0	6.800000000000001
0.0	6.9
0.0	7.0
0.0	7.1000000000000005
0.0	7.2
