a = 8520.941977732498 м
b = 9897.274793049743 м
x0 = 750.5292551053612 м
vr = 1667.1062700799696 м/с
A0 = 0.3964399638568785 м
Xmax = 7479.653072983758 м
sigmaX = 4470.853700910664 м
sigmaY = 4419.221137014277 м
M0 = 7.151058513936157e+18 Н*м - интегральное значение сейсмического момента
Mr_max = 1.2841794158079068e+18 Н*м/с - максимальное значение функции источника
1-ый столбец - источника
2-ой столбец - время
0.0	0.0
319867398897261.8	0.1
4.255837200540187e+16	0.2
8.448109035339691e+16	0.30000000000000004
1.2777107545581523e+17	0.4
1.6877468821290064e+17	0.5
1.8928242071309683e+17	0.6000000000000001
2.0980601439398624e+17	0.7000000000000001
2.333386975697279e+17	0.8
2.6016944908399898e+17	0.9
2.9114536066074925e+17	1.0
3.242805816097102e+17	1.1
3.5135812843738586e+17	1.2000000000000002
3.8772333736398054e+17	1.3
4.229417374374378e+17	1.4000000000000001
4.521316776690405e+17	1.5
4.921146038335212e+17	1.6
5.240215733098718e+17	1.7000000000000002
5.6811842839016096e+17	1.8
5.966584396359446e+17	1.9000000000000001
6.355315001086842e+17	2.0
6.703434666611378e+17	2.1
7.14070635337652e+17	2.2
7.456507775581738e+17	2.3000000000000003
7.849175778471735e+17	2.4000000000000004
8.306661820833732e+17	2.5
8.498414819077568e+17	2.6
8.89319213113963e+17	2.7
9.191036377829243e+17	2.8000000000000003
9.630190005103196e+17	2.9000000000000004
9.954856520473194e+17	3.0
1.0244492241242964e+18	3.1
1.0613490208817804e+18	3.2
1.0675204135809597e+18	3.3000000000000003
1.0995635482069925e+18	3.4000000000000004
1.1216027541600599e+18	3.5
1.1565558565127933e+18	3.6
1.1573847870327258e+18	3.7
1.2018968704964155e+18	3.8000000000000003
1.2093827616882516e+18	3.9000000000000004
1.22919918257525e+18	4.0
1.23007398205814e+18	4.1000000000000005
1.242211895184968e+18	4.2
1.2677075805532116e+18	4.3
1.2659129881272804e+18	4.4
1.2841794158079068e+18	4.5
1.2679980954654868e+18	4.6000000000000005
1.256562299585798e+18	4.7
1.269783049434218e+18	4.800000000000001
1.2678365301738816e+18	4.9
1.262919174747703e+18	5.0
1.2617652057115054e+18	5.1000000000000005
1.2417283496966328e+18	5.2
1.2215123282046226e+18	5.300000000000001
1.2173824463795313e+18	5.4
1.1997078117877427e+18	5.5
1.1958780334129147e+18	5.6000000000000005
1.1715354923440824e+18	5.7
1.1505902898485311e+18	5.800000000000001
1.1298703181789364e+18	5.9
1.0951362293197271e+18	6.0
1.089194366179625e+18	6.1000000000000005
1.0452158359179028e+18	6.2
1.0279200090745958e+18	6.300000000000001
9.96147023223878e+17	6.4
9.67134178244532e+17	6.5
9.35129911952174e+17	6.6000000000000005
9.031756670961244e+17	6.7
8.809528079548488e+17	6.800000000000001
8.487778220434024e+17	6.9
8.247114676444298e+17	7.0
7.794989718518497e+17	7.1000000000000005
7.557985388861788e+17	7.2
7.284707006258245e+17	7.300000000000001
6.940585341035717e+17	7.4
6.649302917799315e+17	7.5
6.382586011423195e+17	7.6000000000000005
6.097785868219529e+17	7.7
5.740399580048675e+17	7.800000000000001
5.4395311072003866e+17	7.9
5.1492104596793434e+17	8.0
4.877362062324758e+17	8.1
4.5643694699415846e+17	8.200000000000001
4.300841267097513e+17	8.3
4.06323576064651e+17	8.4
3.758396404219065e+17	8.5
3.553532835144565e+17	8.6
3.284800298460965e+17	8.700000000000001
3.0495482964838957e+17	8.8
2.8231458860828294e+17	8.9
2.5976223545691075e+17	9.0
2.3593671558003235e+17	9.1
2.1485852121103392e+17	9.200000000000001
1.9308390881223702e+17	9.3
1.7038420301776035e+17	9.4
1.4797691092368966e+17	9.5
1.2444175083027168e+17	9.600000000000001
9.762014923592725e+16	9.700000000000001
6.278948324169925e+16	9.8
0.0	9.9
0.0	10.0
0.0	10.100000000000001
0.0	10.200000000000001
0.0	10.3
0.0	10.4
0.0	10.5
0.0	10.600000000000001
0.0	10.700000000000001
0.0	10.8
0.0	10.9
0.0	11.0
0.0	11.100000000000001
0.0	11.200000000000001
0.0	11.3
0.0	11.4
0.0	11.5
0.0	11.600000000000001
0.0	11.700000000000001
0.0	11.8
0.0	11.9
0.0	12.0
0.0	12.100000000000001
0.0	12.200000000000001
0.0	12.3
0.0	12.4
