a = 6772.112125822924 м
b = 7536.203104038576 м
x0 = 4112.278556884512 м
vr = 2205.5248964470766 м/с
A0 = 1.436567286242058 м
Xmax = 7766.351881652064 м
sigmaX = 4407.4888322334655 м
sigmaY = 4543.205460834214 м
M0 = 2.126645457435255e+19 Н*м - интегральное значение сейсмического момента
Mr_max = 7.405606070685142e+18 Н*м/с - максимальное значение функции источника
1-ый столбец - источника
2-ой столбец - время
0.0	0.0
3372075515142378.5	0.1
5.998777143878982e+17	0.2
1.1660958343778255e+18	0.30000000000000004
1.734170066913454e+18	0.4
2.2987100577744346e+18	0.5
2.851516837369976e+18	0.6000000000000001
3.377080753203884e+18	0.7000000000000001
3.8315411388745165e+18	0.8
4.3343122456604467e+18	0.9
4.743709239979446e+18	1.0
5.235962559357637e+18	1.1
5.590149553143171e+18	1.2000000000000002
5.873629331985704e+18	1.3
6.266038294777057e+18	1.4000000000000001
6.578528382633331e+18	1.5
6.73625086461302e+18	1.6
6.994746191700673e+18	1.7000000000000002
7.225858364154134e+18	1.8
7.36605844210358e+18	1.9000000000000001
7.405606070685142e+18	2.0
7.065759303850682e+18	2.1
7.078549666302408e+18	2.2
6.974437013880247e+18	2.3000000000000003
6.878606551213474e+18	2.4000000000000004
6.843817355376515e+18	2.5
6.680721617428427e+18	2.6
6.535612137417934e+18	2.7
6.461644064776019e+18	2.8000000000000003
6.205268689472234e+18	2.9000000000000004
6.141594377975586e+18	3.0
5.983362611800313e+18	3.1
5.789597363065019e+18	3.2
5.533166743022284e+18	3.3000000000000003
5.289276116955564e+18	3.4000000000000004
5.008252818981467e+18	3.5
4.783805490618507e+18	3.6
4.40528703961058e+18	3.7
4.1399333397672054e+18	3.8000000000000003
3.7821192731013105e+18	3.9000000000000004
3.442681728536255e+18	4.0
3.0516942934359716e+18	4.1000000000000005
2.550530611295273e+18	4.2
1.8256135164318295e+18	4.3
0.0	4.4
0.0	4.5
0.0	4.6000000000000005
0.0	4.7
0.0	4.800000000000001
0.0	4.9
0.0	5.0
0.0	5.1000000000000005
0.0	5.2
0.0	5.300000000000001
0.0	5.4
0.0	5.5
0.0	5.6000000000000005
0.0	5.7
0.0	5.800000000000001
0.0	5.9
