a = 7909.051672962871 м
b = 7641.843034417074 м
x0 = 1157.0409224006005 м
vr = 1740.7384744795272 м/с
A0 = 1.1174066965204188 м
Xmax = 9412.101852081629 м
sigmaX = 4058.076146995163 м
sigmaY = 4200.6383001350305 м
M0 = 1.5819090836600676e+19 Н*м - интегральное значение сейсмического момента
Mr_max = 3.2925941135773537e+18 Н*м/с - максимальное значение функции источника
1-ый столбец - источника
2-ой столбец - время
0.0	0.0
369066645514892.56	0.1
5.175006435671837e+16	0.2
1.0274266852379486e+17	0.30000000000000004
1.545050506711164e+17	0.4
2.0767824769815632e+17	0.5
2.603315876358035e+17	0.6000000000000001
3.124634051200549e+17	0.7000000000000001
3.5149918659258394e+17	0.8
3.8523919485664275e+17	0.9
4.280274174985376e+17	1.0
4.7919351374203296e+17	1.1
5.3152199314282426e+17	1.2000000000000002
5.899930045744197e+17	1.3
6.560392608936283e+17	1.4000000000000001
7.236346002616123e+17	1.5
7.885137675679272e+17	1.6
8.643157398111716e+17	1.7000000000000002
9.398835299492193e+17	1.8
1.0171720592897983e+18	1.9000000000000001
1.0919518440572689e+18	2.0
1.177628493377927e+18	2.1
1.2671885436443003e+18	2.2
1.3661902816192166e+18	2.3000000000000003
1.42805662334572e+18	2.4000000000000004
1.528713791461237e+18	2.5
1.6189302249675548e+18	2.6
1.7555292000182085e+18	2.7
1.8295291238992033e+18	2.8000000000000003
1.9099221033544668e+18	2.9000000000000004
2.0116543765335706e+18	3.0
2.1136388294417313e+18	3.1
2.197333776034243e+18	3.2
2.2913852605468518e+18	3.3000000000000003
2.389583900093083e+18	3.4000000000000004
2.5056972149525146e+18	3.5
2.595247102927357e+18	3.6
2.649360130299883e+18	3.7
2.7302860200644296e+18	3.8000000000000003
2.8178856229797135e+18	3.9000000000000004
2.880205699382199e+18	4.0
2.9240994366484664e+18	4.1000000000000005
2.991516078207185e+18	4.2
3.054253249976655e+18	4.3
3.131554350172727e+18	4.4
3.1795718485546045e+18	4.5
3.165584179603795e+18	4.6000000000000005
3.2289617488710057e+18	4.7
3.224650832921619e+18	4.800000000000001
3.2925941135773537e+18	4.9
3.282946452714971e+18	5.0
3.253959900225217e+18	5.1000000000000005
3.2614350979019945e+18	5.2
3.2683503912539233e+18	5.300000000000001
3.2348945083795497e+18	5.4
3.2128799943625293e+18	5.5
3.179958588809215e+18	5.6000000000000005
3.136804867470215e+18	5.7
3.139982866115019e+18	5.800000000000001
3.0505692816112435e+18	5.9
3.0252921905662884e+18	6.0
2.977685910955428e+18	6.1000000000000005
2.8790663971890463e+18	6.2
2.790086998149318e+18	6.300000000000001
2.690706315882995e+18	6.4
2.608498834020095e+18	6.5
2.521240304687335e+18	6.6000000000000005
2.4477213564605844e+18	6.7
2.347525740720201e+18	6.800000000000001
2.273543451635303e+18	6.9
2.1465199596760333e+18	7.0
2.044287011008909e+18	7.1000000000000005
1.9265412856750316e+18	7.2
1.8105905442977992e+18	7.300000000000001
1.7119887991530555e+18	7.4
1.593624162631604e+18	7.5
1.49074597540022e+18	7.6000000000000005
1.3854725943723656e+18	7.7
1.2572899499249057e+18	7.800000000000001
1.1333875958098267e+18	7.9
1.0153193683316909e+18	8.0
8.977164893263799e+17	8.1
7.569701058850543e+17	8.200000000000001
6.134570665201477e+17	8.3
4.4244731056431386e+17	8.4
1.878233379532907e+17	8.5
0.0	8.6
0.0	8.700000000000001
0.0	8.8
0.0	8.9
0.0	9.0
0.0	9.1
0.0	9.200000000000001
0.0	9.3
0.0	9.4
