a = 6064.095455465304 м
b = 5604.68873957367 м
x0 = 3622.0206762226503 м
vr = 1571.7944764841525 м/с
A0 = 0.5247457735945434 м
Xmax = 6518.517147808047 м
sigmaX = 4346.822290354535 м
sigmaY = 4366.233020737134 м
M0 = 6.173517962896094e+18 Н*м - интегральное значение сейсмического момента
Mr_max = 1.9703125275646625e+18 Н*м/с - максимальное значение функции источника
1-ый столбец - источника
2-ой столбец - время
0.0	0.0
991326148834751.8	0.1
1.2485531123835723e+17	0.2
2.4639196133531674e+17	0.30000000000000004
3.6622984464227744e+17	0.4
4.859012009801079e+17	0.5
6.057535961773284e+17	0.6000000000000001
7.109865920349473e+17	0.7000000000000001
8.197798239438627e+17	0.8
9.26388830616146e+17	0.9
1.0343089264602099e+18	1.0
1.1259215606913207e+18	1.1
1.223844137373614e+18	1.2000000000000002
1.3076274631311247e+18	1.3
1.3974294287479145e+18	1.4000000000000001
1.471642940380066e+18	1.5
1.563066829833356e+18	1.6
1.624566375291812e+18	1.7000000000000002
1.679592113504576e+18	1.8
1.745445356600454e+18	1.9000000000000001
1.7829791849805727e+18	2.0
1.868502951297798e+18	2.1
1.8743970432949396e+18	2.2
1.9154950722779843e+18	2.3000000000000003
1.9703125275646625e+18	2.4000000000000004
1.8241787677330263e+18	2.5
1.7628890558470487e+18	2.6
1.7053044942255258e+18	2.7
1.678516629050007e+18	2.8000000000000003
1.6285550808712243e+18	2.9000000000000004
1.6074083231420434e+18	3.0
1.5669832243091607e+18	3.1
1.5148370186887524e+18	3.2
1.4715012506953587e+18	3.3000000000000003
1.454742637090702e+18	3.4000000000000004
1.3999855817128397e+18	3.5
1.3699695441786788e+18	3.6
1.317186486749487e+18	3.7
1.267183035091252e+18	3.8000000000000003
1.22604182911628e+18	3.9000000000000004
1.1314905463225843e+18	4.0
1.1046984218477769e+18	4.1000000000000005
1.0509982886283203e+18	4.2
9.930199140744047e+17	4.3
9.201129106527542e+17	4.4
8.783885809033961e+17	4.5
8.098119858397464e+17	4.6000000000000005
7.484428779766688e+17	4.7
6.833704790278877e+17	4.800000000000001
6.292881822596847e+17	4.9
5.5551683851539936e+17	5.0
4.887405621176874e+17	5.1000000000000005
4.1593637882822605e+17	5.2
3.350647641614647e+17	5.300000000000001
2.405702349901013e+17	5.4
8.203530576586131e+16	5.5
0.0	5.6000000000000005
0.0	5.7
0.0	5.800000000000001
0.0	5.9
0.0	6.0
0.0	6.1000000000000005
0.0	6.2
0.0	6.300000000000001
0.0	6.4
