a = 12691.205889190049 м
b = 11722.156472212226 м
x0 = 2677.729504773361 м
vr = 1514.3412244435096 м/с
A0 = 1.507108249089776 м
Xmax = 11313.358769151833 м
sigmaX = 4969.694934204317 м
sigmaY = 4693.436148247014 м
M0 = 3.5638970269176316e+19 Н*м - интегральное значение сейсмического момента
Mr_max = 4.853892794940773e+18 Н*м/с - максимальное значение функции источника
1-ый столбец - источника
2-ой столбец - время
0.0	0.0
757073294310320.2	0.1
9.168377765717104e+16	0.2
1.8426511487944278e+17	0.30000000000000004
2.762221638469788e+17	0.4
3.683976919962347e+17	0.5
4.600816306834724e+17	0.6000000000000001
5.5152795270794176e+17	0.7000000000000001
6.463061253767826e+17	0.8
7.348860794982236e+17	0.9
8.284333511286573e+17	1.0
9.167927507346157e+17	1.1
1.0161656772222318e+18	1.2000000000000002
1.1129642203178189e+18	1.3
1.2103565959001915e+18	1.4000000000000001
1.2967669737152115e+18	1.5
1.3974223277154867e+18	1.6
1.504935449021251e+18	1.7000000000000002
1.6015194911696312e+18	1.8
1.6626742115404485e+18	1.9000000000000001
1.730219172223253e+18	2.0
1.7971210774680896e+18	2.1
1.8797230325428828e+18	2.2
1.967843219051836e+18	2.3000000000000003
2.0599919741976768e+18	2.4000000000000004
2.1670029305202125e+18	2.5
2.2452870770772055e+18	2.6
2.3450634723505633e+18	2.7
2.425213754255484e+18	2.8000000000000003
2.5541320169091466e+18	2.9000000000000004
2.637358475224518e+18	3.0
2.7816319993582674e+18	3.1
2.851789734451773e+18	3.2
2.94995147045809e+18	3.3000000000000003
3.014513301831496e+18	3.4000000000000004
3.138394451607866e+18	3.5
3.259995198955392e+18	3.6
3.344625187605775e+18	3.7
3.443086050004146e+18	3.8000000000000003
3.507528994810917e+18	3.9000000000000004
3.632768906049544e+18	4.0
3.725454544367504e+18	4.1000000000000005
3.81648477333312e+18	4.2
3.8950828609054607e+18	4.3
3.9573802201252275e+18	4.4
4.061031821713516e+18	4.5
4.1346148176891223e+18	4.6000000000000005
4.253422373052246e+18	4.7
4.2581604701284106e+18	4.800000000000001
4.34321612151973e+18	4.9
4.436215651371972e+18	5.0
4.449156062199068e+18	5.1000000000000005
4.5092347268760653e+18	5.2
4.584759133247208e+18	5.300000000000001
4.651599372266037e+18	5.4
4.648058479828896e+18	5.5
4.692216984371842e+18	5.6000000000000005
4.694185223910678e+18	5.7
4.721900032208868e+18	5.800000000000001
4.774431504353285e+18	5.9
4.818390895341229e+18	6.0
4.853892794940773e+18	6.1000000000000005
4.805288719680043e+18	6.2
4.813407816089747e+18	6.300000000000001
4.847091707715475e+18	6.4
4.766128498517507e+18	6.5
4.771415740917103e+18	6.6000000000000005
4.776469380728978e+18	6.7
4.784872021867524e+18	6.800000000000001
4.717512884611032e+18	6.9
4.667923355738469e+18	7.0
4.630677470435899e+18	7.1000000000000005
4.5926820850606894e+18	7.2
4.5626331714868045e+18	7.300000000000001
4.4773884654045563e+18	7.4
4.442995681182303e+18	7.5
4.38797698731559e+18	7.6000000000000005
4.329421379985824e+18	7.7
4.271758622981124e+18	7.800000000000001
4.182375865755396e+18	7.9
4.099211352547543e+18	8.0
4.0591940435725394e+18	8.1
3.989819395029297e+18	8.200000000000001
3.8888408634327634e+18	8.3
3.8138037554056924e+18	8.4
3.7315660761768074e+18	8.5
3.687109328270653e+18	8.6
3.588961158107637e+18	8.700000000000001
3.441263956176771e+18	8.8
3.3853869622641884e+18	8.9
3.30034676478477e+18	9.0
3.1826068386516577e+18	9.1
3.0794414312320896e+18	9.200000000000001
3.001096425911152e+18	9.3
2.9164221601136686e+18	9.4
2.8141023751816893e+18	9.5
2.734151647141983e+18	9.600000000000001
2.629001034042733e+18	9.700000000000001
2.545314599977392e+18	9.8
2.4482407605512407e+18	9.9
2.3697431089432765e+18	10.0
2.28162497532051e+18	10.100000000000001
2.1735119424109066e+18	10.200000000000001
2.1004234473442043e+18	10.3
2.030232419658142e+18	10.4
1.923137908984142e+18	10.5
1.8298150490604524e+18	10.600000000000001
1.7768265431019277e+18	10.700000000000001
1.6849749208468698e+18	10.8
1.6141581676927526e+18	10.9
1.5396861912684372e+18	11.0
1.4587058363902318e+18	11.100000000000001
1.3821636459585475e+18	11.200000000000001
1.316491691399816e+18	11.3
1.2596985891599562e+18	11.4
1.1785091044383708e+18	11.5
1.1162317257304507e+18	11.600000000000001
1.06183747255343e+18	11.700000000000001
1.0041922366221183e+18	11.8
9.46527569501016e+17	11.9
8.943268884056421e+17	12.0
8.396804276461702e+17	12.100000000000001
7.905060768559273e+17	12.200000000000001
7.423589906434213e+17	12.3
6.946964267414692e+17	12.4
6.504658406645843e+17	12.5
6.141819239868655e+17	12.600000000000001
5.688428930676123e+17	12.700000000000001
5.283358330997347e+17	12.8
4.9451470944386566e+17	12.9
4.559723515019959e+17	13.0
4.249136677150396e+17	13.100000000000001
3.9179364739246957e+17	13.200000000000001
3.6301208742153696e+17	13.3
3.3570124992030637e+17	13.4
3.096392166580735e+17	13.5
2.8422013123937235e+17	13.600000000000001
2.5743921144417162e+17	13.700000000000001
2.364110373660822e+17	13.8
2.1497646156680042e+17	13.9
1.9467245594241565e+17	14.0
1.7397614199214352e+17	14.100000000000001
1.5732500245676086e+17	14.200000000000001
1.3932438263205587e+17	14.3
1.2317143441072294e+17	14.4
1.073570212377904e+17	14.5
9.257380779789422e+16	14.600000000000001
7.816821045822117e+16	14.700000000000001
6.365997132549943e+16	14.8
4.872536997489207e+16	14.9
3.207747121107631e+16	15.0
0.0	15.100000000000001
0.0	15.200000000000001
0.0	15.3
0.0	15.4
0.0	15.5
0.0	15.600000000000001
0.0	15.700000000000001
0.0	15.8
0.0	15.9
