a = 11304.800747285504 м
b = 14573.026684211067 м
x0 = 8092.826798478951 м
vr = 1775.6448371982426 м/с
A0 = 2.1677065225018404 м
Xmax = 8942.729911742985 м
sigmaX = 4654.520660549181 м
sigmaY = 4909.774255057393 м
M0 = 5.0922442697393545e+19 Н*м - интегральное значение сейсмического момента
Mr_max = 1.217118855126575e+19 Н*м/с - максимальное значение функции источника
1-ый столбец - источника
2-ой столбец - время
0.0	0.0
5678645358015248.0	0.1
8.115692324086537e+17	0.2
1.6026466966230083e+18	0.30000000000000004
2.3877745413740145e+18	0.4
3.1460469413576965e+18	0.5
3.9074826435690757e+18	0.6000000000000001
4.654641938834369e+18	0.7000000000000001
5.343330030805286e+18	0.8
6.018964935126046e+18	0.9
6.700473628595374e+18	1.0
7.359941367189175e+18	1.1
7.83801240484604e+18	1.2000000000000002
8.46457347689205e+18	1.3
9.06188417175593e+18	1.4000000000000001
9.510748163169722e+18	1.5
9.968540045377919e+18	1.6
1.0316399762453707e+19	1.7000000000000002
1.0675584401753731e+19	1.8
1.1026580946852884e+19	1.9000000000000001
1.132679663409777e+19	2.0
1.1520220520933396e+19	2.1
1.1721164259993549e+19	2.2
1.1921021959712866e+19	2.3000000000000003
1.2111654737211836e+19	2.4000000000000004
1.2132079720332528e+19	2.5
1.2108829914320718e+19	2.6
1.2165471387319446e+19	2.7
1.217118855126575e+19	2.8000000000000003
1.2109195343751848e+19	2.9000000000000004
1.202561350662317e+19	3.0
1.1917237516410941e+19	3.1
1.1789248068919634e+19	3.2
1.1618398796713888e+19	3.3000000000000003
1.1416965383026719e+19	3.4000000000000004
1.1123542470600378e+19	3.5
1.0950265138030227e+19	3.6
1.0794047320173898e+19	3.7
1.0555082025759255e+19	3.8000000000000003
1.0168268420626651e+19	3.9000000000000004
9.846158274777117e+18	4.0
9.594499461434055e+18	4.1000000000000005
9.311725810477056e+18	4.2
8.895381538732971e+18	4.3
8.603631292454322e+18	4.4
8.255956658930729e+18	4.5
7.927005311320522e+18	4.6000000000000005
7.292836956917967e+18	4.7
6.733006307501625e+18	4.800000000000001
6.265389539612194e+18	4.9
5.916939035897647e+18	5.0
5.531424766575236e+18	5.1000000000000005
5.179760349545675e+18	5.2
4.834368069213879e+18	5.300000000000001
4.5217737401308493e+18	5.4
4.258867382517296e+18	5.5
3.929477980088832e+18	5.6000000000000005
3.6529776134397537e+18	5.7
3.4214193874255483e+18	5.800000000000001
3.140503874661552e+18	5.9
2.953708076162142e+18	6.0
2.735397272705979e+18	6.1000000000000005
2.5172346324963333e+18	6.2
2.330270755892738e+18	6.300000000000001
2.1529634444377162e+18	6.4
1.9820221454880353e+18	6.5
1.8112600174889713e+18	6.6000000000000005
1.6619607927522696e+18	6.7
1.5416468314591025e+18	6.800000000000001
1.4004870893596977e+18	6.9
1.280724771245434e+18	7.0
1.1618085312246083e+18	7.1000000000000005
1.0564290150965564e+18	7.2
9.590943576412538e+17	7.300000000000001
8.741934637024393e+17	7.4
7.870428791155095e+17	7.5
7.09994850974901e+17	7.6000000000000005
6.390053190794301e+17	7.7
5.731656441285917e+17	7.800000000000001
5.0885510956345376e+17	7.9
4.529104658951989e+17	8.0
4.0678576937036365e+17	8.1
3.607365804032042e+17	8.200000000000001
2.8135741626461824e+17	8.3
2.0404840265328147e+17	8.4
1.5019903144488608e+17	8.5
1.0624707482186331e+17	8.6
6.460823124495444e+16	8.700000000000001
0.0	8.8
0.0	8.9
0.0	9.0
0.0	9.1
0.0	9.200000000000001
0.0	9.3
0.0	9.4
0.0	9.5
0.0	9.600000000000001
0.0	9.700000000000001
0.0	9.8
0.0	9.9
0.0	10.0
0.0	10.100000000000001
0.0	10.200000000000001
0.0	10.3
0.0	10.4
0.0	10.5
0.0	10.600000000000001
0.0	10.700000000000001
0.0	10.8
0.0	10.9
0.0	11.0
0.0	11.100000000000001
0.0	11.200000000000001
0.0	11.3
0.0	11.4
0.0	11.5
0.0	11.600000000000001
0.0	11.700000000000001
0.0	11.8
0.0	11.9
0.0	12.0
0.0	12.100000000000001
0.0	12.200000000000001
0.0	12.3
0.0	12.4
0.0	12.5
0.0	12.600000000000001
0.0	12.700000000000001
0.0	12.8
