a = 14798.3815245911 м
b = 9021.33141906104 м
x0 = 4121.033297611263 м
vr = 1530.0978053428357 м/с
A0 = 1.3293062886985927 м
Xmax = 15461.856257375364 м
sigmaX = 4892.547488655615 м
sigmaY = 4637.585782511967 м
M0 = 2.911341875765687e+19 Н*м - интегральное значение сейсмического момента
Mr_max = 3.91978995306295e+18 Н*м/с - максимальное значение функции источника
1-ый столбец - источника
2-ой столбец - время
0.0	0.0
208215718811870.94	0.1
2.562100644083086e+16	0.2
5.096839529160222e+16	0.30000000000000004
7.682461192197374e+16	0.4
1.0261897707583902e+17	0.5
1.2944132573156434e+17	0.6000000000000001
1.5632651025233846e+17	0.7000000000000001
1.8415496057667405e+17	0.8
2.124585486048534e+17	0.9
2.4156268009756618e+17	1.0
2.7185420484604944e+17	1.1
3.0181425381452e+17	1.2000000000000002
3.3512830719725696e+17	1.3
3.643060786772469e+17	1.4000000000000001
4.000780751437089e+17	1.5
4.393884172583584e+17	1.6
4.750384154053486e+17	1.7000000000000002
5.163929735208088e+17	1.8
5.576490314665524e+17	1.9000000000000001
5.996865096505243e+17	2.0
6.439612502422107e+17	2.1
6.90273647503581e+17	2.2
7.409356134786845e+17	2.3000000000000003
7.890889975472803e+17	2.4000000000000004
8.431180720223094e+17	2.5
8.86018268409303e+17	2.6
9.48208176272074e+17	2.7
1.0047864580899453e+18	2.8000000000000003
1.0495948695842688e+18	2.9000000000000004
1.1118418368533096e+18	3.0
1.1667856468258038e+18	3.1
1.2350874773145974e+18	3.2
1.289468720528301e+18	3.3000000000000003
1.3561911041240049e+18	3.4000000000000004
1.4170998719204216e+18	3.5
1.492090400607578e+18	3.6
1.564383772834435e+18	3.7
1.6363649839417457e+18	3.8000000000000003
1.7208062624862733e+18	3.9000000000000004
1.7884370947114516e+18	4.0
1.8712055286103322e+18	4.1000000000000005
1.9444715510501363e+18	4.2
2.0276438665848852e+18	4.3
2.090821845456575e+18	4.4
2.1906997962841812e+18	4.5
2.2699653929918728e+18	4.6000000000000005
2.3203733299804104e+18	4.7
2.4121415356007014e+18	4.800000000000001
2.498855698930462e+18	4.9
2.581073600607889e+18	5.0
2.647967981651662e+18	5.1000000000000005
2.7147157708396836e+18	5.2
2.82666956356985e+18	5.300000000000001
2.8685931273739264e+18	5.4
2.953465966583774e+18	5.5
3.013685586646938e+18	5.6000000000000005
3.1058781718090184e+18	5.7
3.1594643186747863e+18	5.800000000000001
3.2259764332168556e+18	5.9
3.2883244900985897e+18	6.0
3.357362233443909e+18	6.1000000000000005
3.412207720127135e+18	6.2
3.4703702368058276e+18	6.300000000000001
3.5107769218656635e+18	6.4
3.5597046875533036e+18	6.5
3.606545599052069e+18	6.6000000000000005
3.6973383843826166e+18	6.7
3.701653971389888e+18	6.800000000000001
3.7398125331674184e+18	6.9
3.770155157854891e+18	7.0
3.7992167407741455e+18	7.1000000000000005
3.8332388165815066e+18	7.2
3.8170965294664525e+18	7.300000000000001
3.865930499366652e+18	7.4
3.8700987392453376e+18	7.5
3.8968198820011484e+18	7.6000000000000005
3.8533360570129306e+18	7.7
3.846455305612348e+18	7.800000000000001
3.91978995306295e+18	7.9
3.856354296161495e+18	8.0
3.8819357905918003e+18	8.1
3.834883135991849e+18	8.200000000000001
3.8464002355378053e+18	8.3
3.8142679565674086e+18	8.4
3.785601706506603e+18	8.5
3.7409684224461737e+18	8.6
3.6951444924629417e+18	8.700000000000001
3.6811791244097905e+18	8.8
3.622568688898138e+18	8.9
3.586497619193139e+18	9.0
3.53580690775605e+18	9.1
3.486554160578907e+18	9.200000000000001
3.433567527272871e+18	9.3
3.388530557185963e+18	9.4
3.311781581789167e+18	9.5
3.229674928874199e+18	9.600000000000001
3.2060439030010194e+18	9.700000000000001
3.123724681617535e+18	9.8
3.0316403407399946e+18	9.9
2.9578559871371085e+18	10.0
2.903293073951086e+18	10.100000000000001
2.8572400296210785e+18	10.200000000000001
2.752483663032555e+18	10.3
2.6764069922748877e+18	10.4
2.6146332541561057e+18	10.5
2.5343291503630874e+18	10.600000000000001
2.449991434527489e+18	10.700000000000001
2.355029148060527e+18	10.8
2.3086776677380495e+18	10.9
2.2060088654757688e+18	11.0
2.139443213374295e+18	11.100000000000001
2.0479356499416978e+18	11.200000000000001
1.985670038989118e+18	11.3
1.9179648918364372e+18	11.4
1.8411675429462308e+18	11.5
1.7649683222575068e+18	11.600000000000001
1.6828060573470042e+18	11.700000000000001
1.6153211920263452e+18	11.8
1.558261859875636e+18	11.9
1.4770751827584576e+18	12.0
1.4023369541227622e+18	12.100000000000001
1.3317526887927828e+18	12.200000000000001
1.280125065545803e+18	12.3
1.204661636105337e+18	12.4
1.1532967874593871e+18	12.5
1.0882262083653844e+18	12.600000000000001
1.0289489639024165e+18	12.700000000000001
9.809007005618881e+17	12.8
9.292148025144095e+17	12.9
8.69221826172978e+17	13.0
8.259213146178849e+17	13.100000000000001
7.813400449061325e+17	13.200000000000001
7.293759322334973e+17	13.3
6.856143367916252e+17	13.4
6.412178720407332e+17	13.5
6.002172901819881e+17	13.600000000000001
5.630812348672416e+17	13.700000000000001
5.242336160554166e+17	13.8
4.896001086955861e+17	13.9
4.5942490547058963e+17	14.0
4.258233039808562e+17	14.100000000000001
3.9301797565926246e+17	14.200000000000001
3.6274293839982246e+17	14.3
3.353987258590132e+17	14.4
3.1092235537260595e+17	14.5
2.8664024165210307e+17	14.600000000000001
2.6248260280856125e+17	14.700000000000001
2.3988098025693626e+17	14.8
2.206960796688896e+17	14.9
2.001328251041854e+17	15.0
1.83868119175729e+17	15.100000000000001
1.656625745763006e+17	15.200000000000001
1.503429830393279e+17	15.3
1.355281039197791e+17	15.4
1.2217937092664261e+17	15.5
1.0912303439162782e+17	15.600000000000001
9.761707645698822e+16	15.700000000000001
8.663476441701464e+16	15.8
7.601620757321237e+16	15.9
6.6815915924490264e+16	16.0
5.762379263140578e+16	16.1
4.9244339834755096e+16	16.2
4.133568888367753e+16	16.3
3.392557983686375e+16	16.400000000000002
2.6580498747781356e+16	16.5
1.917755500036131e+16	16.6
1.0404828474539052e+16	16.7
0.0	16.8
0.0	16.900000000000002
0.0	17.0
0.0	17.1
0.0	17.2
0.0	17.3
0.0	17.400000000000002
0.0	17.5
0.0	17.6
