a = 12717.044961128462 м
b = 9589.205667044853 м
x0 = 9037.739928563706 м
vr = 1969.4790642587327 м/с
A0 = 0.5090280163438211 м
Xmax = 10351.48206442516 м
sigmaX = 4935.065017844151 м
sigmaY = 4213.156246323883 м
M0 = 1.0819877238317881e+19 Н*м - интегральное значение сейсмического момента
Mr_max = 3.0305106899479767e+18 Н*м/с - максимальное значение функции источника
1-ый столбец - источника
2-ой столбец - время
0.0	0.0
1451606748812051.5	0.1
2.2915764443206845e+17	0.2
4.526941406231752e+17	0.30000000000000004
6.723799797180631e+17	0.4
8.939379230253866e+17	0.5
1.1038470415114107e+18	0.6000000000000001
1.309265471788844e+18	0.7000000000000001
1.5009887392823882e+18	0.8
1.6743767330341714e+18	0.9
1.8782179637037535e+18	1.0
2.0319290794207112e+18	1.1
2.1802965828803343e+18	1.2000000000000002
2.300209957853681e+18	1.3
2.4558187711362565e+18	1.4000000000000001
2.565453272158515e+18	1.5
2.653504729155151e+18	1.6
2.7594851901927685e+18	1.7000000000000002
2.830017548557448e+18	1.8
2.9006102460908257e+18	1.9000000000000001
2.9404899299782523e+18	2.0
3.0012259296010906e+18	2.1
3.0152930167797473e+18	2.2
3.0190369702683423e+18	2.3000000000000003
3.0305106899479767e+18	2.4000000000000004
3.001577342009306e+18	2.5
2.9896619953107543e+18	2.6
2.956611442206189e+18	2.7
2.9425919763688817e+18	2.8000000000000003
2.855121335969787e+18	2.9000000000000004
2.809829657529239e+18	3.0
2.763922306216714e+18	3.1
2.664768254783456e+18	3.2
2.6003403562287124e+18	3.3000000000000003
2.5226014987276524e+18	3.4000000000000004
2.450492081618486e+18	3.5
2.3466970307619656e+18	3.6
2.2656221020090665e+18	3.7
2.1709975572291917e+18	3.8000000000000003
2.0755534099499392e+18	3.9000000000000004
1.9711151432552893e+18	4.0
1.9040550626090593e+18	4.1000000000000005
1.8055862901205432e+18	4.2
1.6987225184888404e+18	4.3
1.6104261982304515e+18	4.4
1.387051405357116e+18	4.5
1.1486020232081009e+18	4.6000000000000005
9.041632158495791e+17	4.7
8.361419657372573e+17	4.800000000000001
7.729366761959118e+17	4.9
6.987026822661981e+17	5.0
6.467537727569791e+17	5.1000000000000005
5.940238830678721e+17	5.2
5.429099360328654e+17	5.300000000000001
4.988891879550504e+17	5.4
4.540729332764319e+17	5.5
4.131108644913724e+17	5.6000000000000005
3.766299712176832e+17	5.7
3.443087076555485e+17	5.800000000000001
3.139582630789667e+17	5.9
2.8516686490314733e+17	6.0
2.5838221342378707e+17	6.1000000000000005
2.3283502641381034e+17	6.2
2.1022865829324512e+17	6.300000000000001
1.8757544181293107e+17	6.4
1.6650642992825738e+17	6.5
1.4999795040538653e+17	6.6000000000000005
1.3389757726202888e+17	6.7
1.2008817438668717e+17	6.800000000000001
1.069043013898433e+17	6.9
9.452709604111245e+16	7.0
8.321086145437566e+16	7.1000000000000005
7.297545383713216e+16	7.2
6.373589975019247e+16	7.300000000000001
5.5644285969394104e+16	7.4
4.8259339062899256e+16	7.5
4.123628264819999e+16	7.6000000000000005
3.506350058273042e+16	7.7
2.9548562041897764e+16	7.800000000000001
2.475322478897559e+16	7.9
2.00903467455588e+16	8.0
1.587468576191279e+16	8.1
1.2004343896661326e+16	8.200000000000001
8136741873918148.0	8.3
3380914845109160.5	8.4
0.0	8.5
0.0	8.6
0.0	8.700000000000001
0.0	8.8
0.0	8.9
0.0	9.0
0.0	9.1
0.0	9.200000000000001
0.0	9.3
