a = 11025.832114873836 м
b = 13426.869197934937 м
x0 = 8280.989246517527 м
vr = 1552.0891196340497 м/с
A0 = 1.7846199209278064 м
Xmax = 13072.729463830228 м
sigmaX = 4425.5060516889125 м
sigmaY = 4459.479624469398 м
M0 = 3.5555073263974826e+19 Н*м - интегральное значение сейсмического момента
Mr_max = 6.434794887278516e+18 Н*м/с - максимальное значение функции источника
1-ый столбец - источника
2-ой столбец - время
0.0	0.0
2314222420100110.0	0.1
2.915549506497824e+17	0.2
5.662395892481774e+17	0.30000000000000004
8.451886117224865e+17	0.4
1.1234968252681087e+18	0.5
1.4165097781851927e+18	0.6000000000000001
1.6931597955762944e+18	0.7000000000000001
1.9342009078353316e+18	0.8
2.215605495262421e+18	0.9
2.4788875373915085e+18	1.0
2.7239523317271895e+18	1.1
2.9721411898928584e+18	1.2000000000000002
3.191155755285589e+18	1.3
3.4702499045171195e+18	1.4000000000000001
3.668428742166499e+18	1.5
3.9269186775309865e+18	1.6
4.108443580896451e+18	1.7000000000000002
4.3045129517296696e+18	1.8
4.496398656485791e+18	1.9000000000000001
4.708454555381951e+18	2.0
4.911159822842624e+18	2.1
5.019810546281837e+18	2.2
5.183675121550137e+18	2.3000000000000003
5.399958885856281e+18	2.4000000000000004
5.538153212868688e+18	2.5
5.690351369179547e+18	2.6
5.787908390189799e+18	2.7
5.884267741658295e+18	2.8000000000000003
5.942236462165802e+18	2.9000000000000004
6.052524853863149e+18	3.0
6.14847789217098e+18	3.1
6.168643565868516e+18	3.2
6.228453629898255e+18	3.3000000000000003
6.313370462816821e+18	3.4000000000000004
6.34635657433503e+18	3.5
6.434794887278516e+18	3.6
6.415590555294525e+18	3.7
6.428992003884447e+18	3.8000000000000003
6.375568485806389e+18	3.9000000000000004
6.38268339409226e+18	4.0
6.395376887331738e+18	4.1000000000000005
6.297155428305327e+18	4.2
6.331589947156415e+18	4.3
6.224619124592407e+18	4.4
6.201622403221115e+18	4.5
6.176800247681927e+18	4.6000000000000005
6.040371213134573e+18	4.7
5.995421526923561e+18	4.800000000000001
5.858442278328578e+18	4.9
5.776785838946336e+18	5.0
5.636416395057473e+18	5.1000000000000005
5.518406702309894e+18	5.2
5.469297114753746e+18	5.300000000000001
5.265467206282598e+18	5.4
5.230194750807209e+18	5.5
5.026314951814248e+18	5.6000000000000005
4.946999778444372e+18	5.7
4.743620358552478e+18	5.800000000000001
4.631877507842734e+18	5.9
4.505700183676072e+18	6.0
4.3262549259944745e+18	6.1000000000000005
4.198643903039317e+18	6.2
4.0750867811305016e+18	6.300000000000001
3.9237916028157317e+18	6.4
3.7738426247019346e+18	6.5
3.63530340553428e+18	6.6000000000000005
3.4887239600685716e+18	6.7
3.382957404193181e+18	6.800000000000001
3.2379287360643287e+18	6.9
3.0834791879246403e+18	7.0
2.9240935483874345e+18	7.1000000000000005
2.791778913299275e+18	7.2
2.672562926098898e+18	7.300000000000001
2.5601229942214743e+18	7.4
2.4283409437312824e+18	7.5
2.3036031349548467e+18	7.6000000000000005
2.1838927887570985e+18	7.7
2.0730518758196662e+18	7.800000000000001
1.9588600151436127e+18	7.9
1.8565232253946266e+18	8.0
1.7296824794448305e+18	8.1
1.657527030069386e+18	8.200000000000001
1.5430718399477407e+18	8.3
1.4600126757684344e+18	8.4
1.3588980400479273e+18	8.5
1.282816813949304e+18	8.6
1.200087856093218e+18	8.700000000000001
1.1117387263814908e+18	8.8
1.0379459503961334e+18	8.9
6.879065761153869e+17	9.0
3.611023329787328e+17	9.1
1.778276590421733e+17	9.200000000000001
0.0	9.3
0.0	9.4
0.0	9.5
0.0	9.600000000000001
0.0	9.700000000000001
0.0	9.8
0.0	9.9
0.0	10.0
0.0	10.100000000000001
0.0	10.200000000000001
0.0	10.3
0.0	10.4
0.0	10.5
0.0	10.600000000000001
0.0	10.700000000000001
0.0	10.8
0.0	10.9
0.0	11.0
0.0	11.100000000000001
0.0	11.200000000000001
0.0	11.3
0.0	11.4
0.0	11.5
0.0	11.600000000000001
0.0	11.700000000000001
0.0	11.8
0.0	11.9
0.0	12.0
0.0	12.100000000000001
0.0	12.200000000000001
0.0	12.3
0.0	12.4
0.0	12.5
0.0	12.600000000000001
0.0	12.700000000000001
0.0	12.8
0.0	12.9
