a = 15300.504996976557 м
b = 16181.249372067912 м
x0 = 12166.126643490474 м
vr = 1860.3101222510265 м/с
A0 = 0.6432746650864959 м
Xmax = 14595.935333043331 м
sigmaX = 4955.688531383729 м
sigmaY = 4952.476300814391 м
M0 = 1.71481962089713e+19 Н*м - интегральное значение сейсмического момента
Mr_max = 3.8085356705012977e+18 Н*м/с - максимальное значение функции источника
1-ый столбец - источника
2-ой столбец - время
0.0	0.0
1592344214661662.0	0.1
2.387146730877059e+17	0.2
4.7021699676835584e+17	0.30000000000000004
6.982613514946845e+17	0.4
9.223012608651031e+17	0.5
1.1526347792120444e+18	0.6000000000000001
1.3816014087121114e+18	0.7000000000000001
1.5859617479123415e+18	0.8
1.7907587220108431e+18	0.9
1.9883576313101425e+18	1.0
2.1734339770577953e+18	1.1
2.344289450584201e+18	1.2000000000000002
2.5244311402248755e+18	1.3
2.6805692395708836e+18	1.4000000000000001
2.85153570095151e+18	1.5
2.979553954870099e+18	1.6
3.1003686382390047e+18	1.7000000000000002
3.227533741514131e+18	1.8
3.2978514880211615e+18	1.9000000000000001
3.4257934323717243e+18	2.0
3.5281717517558446e+18	2.1
3.6019245530529807e+18	2.2
3.674642903243966e+18	2.3000000000000003
3.688621228728571e+18	2.4000000000000004
3.7076500364198313e+18	2.5
3.7663122892252385e+18	2.6
3.8085356705012977e+18	2.7
3.7789007656608015e+18	2.8000000000000003
3.7788968857063306e+18	2.9000000000000004
3.746831818595574e+18	3.0
3.754727725082802e+18	3.1
3.726314693274407e+18	3.2
3.696071376269832e+18	3.3000000000000003
3.647148133664764e+18	3.4000000000000004
3.578477416395869e+18	3.5
3.5357936558965606e+18	3.6
3.457368025296546e+18	3.7
3.3832631300323994e+18	3.8000000000000003
3.3076361690059786e+18	3.9000000000000004
3.2261540216731715e+18	4.0
3.133164477127936e+18	4.1000000000000005
3.0642096922448425e+18	4.2
2.952362066628973e+18	4.3
2.878964878431869e+18	4.4
2.7708447154612977e+18	4.5
2.669078175732384e+18	4.6000000000000005
2.5610697843642993e+18	4.7
2.459357253131961e+18	4.800000000000001
2.3669619028617375e+18	4.9
2.2631237100494118e+18	5.0
2.147052943240737e+18	5.1000000000000005
2.0722765231230707e+18	5.2
1.9815521517458432e+18	5.300000000000001
1.872017856316949e+18	5.4
1.7911660233253578e+18	5.5
1.6787748093825231e+18	5.6000000000000005
1.603615115212596e+18	5.7
1.524977855002932e+18	5.800000000000001
1.4341695804836672e+18	5.9
1.3461883956439542e+18	6.0
1.259834080029931e+18	6.1000000000000005
1.1881360762581983e+18	6.2
1.1134996748424951e+18	6.300000000000001
1.038915893925193e+18	6.4
9.76749689445978e+17	6.5
9.078104402782066e+17	6.6000000000000005
8.301634566328174e+17	6.7
7.715458847369363e+17	6.800000000000001
7.081123599100544e+17	6.9
6.505044331967908e+17	7.0
6.024336112578495e+17	7.1000000000000005
5.524767431165099e+17	7.2
5.06067151730736e+17	7.300000000000001
4.672650415263108e+17	7.4
4.287608124328558e+17	7.5
3.90117170378413e+17	7.6000000000000005
3.5500281361227904e+17	7.7
3.251409368695744e+17	7.800000000000001
2.9733433860000646e+17	7.9
2.6796989503578282e+17	8.0
2.4398931988125814e+17	8.1
2.2108598643665706e+17	8.200000000000001
2.0034333195036954e+17	8.3
1.8066457477080966e+17	8.4
1.6149655250737642e+17	8.5
1.4671535971855242e+17	8.6
1.3097704590813083e+17	8.700000000000001
1.1732438799841344e+17	8.8
1.0471726689939747e+17	8.9
9.232926366581938e+16	9.0
8.18494705862098e+16	9.1
7.22067917343732e+16	9.200000000000001
6.3137987446900216e+16	9.3
5.503852392705178e+16	9.4
4.7181142626783944e+16	9.5
4.010186722757338e+16	9.600000000000001
3.3227871300515664e+16	9.700000000000001
2.657333172518074e+16	9.8
1.893766597196316e+16	9.9
6092005624265801.0	10.0
0.0	10.100000000000001
0.0	10.200000000000001
0.0	10.3
0.0	10.4
0.0	10.5
0.0	10.600000000000001
0.0	10.700000000000001
0.0	10.8
0.0	10.9
0.0	11.0
0.0	11.100000000000001
0.0	11.200000000000001
0.0	11.3
0.0	11.4
0.0	11.5
0.0	11.600000000000001
0.0	11.700000000000001
0.0	11.8
