a = 13053.367317458815 м
b = 7924.695018896641 м
x0 = 11487.757846875345 м
vr = 1759.000756311479 м/с
A0 = 1.3750894812017105 м
Xmax = 11158.799055936768 м
sigmaX = 4739.884481958773 м
sigmaY = 4307.2719512045915 м
M0 = 2.7419721566197498e+19 Н*м - интегральное значение сейсмического момента
Mr_max = 7.365551105500698e+18 Н*м/с - максимальное значение функции источника
1-ый столбец - источника
2-ой столбец - время
0.0	0.0
3619328567015258.0	0.1
5.026868745403237e+17	0.2
1.010317408444499e+18	0.30000000000000004
1.5060418857983514e+18	0.4
2.0021452846052582e+18	0.5
2.4786168562893194e+18	0.6000000000000001
2.9018537158878525e+18	0.7000000000000001
3.364448739090861e+18	0.8
3.8226370270897853e+18	0.9
4.1683614021670963e+18	1.0
4.5690099066118907e+18	1.1
4.961285083731305e+18	1.2000000000000002
5.271833005281548e+18	1.3
5.61330623742827e+18	1.4000000000000001
5.871601136842236e+18	1.5
6.158421137484315e+18	1.6
6.403732891040186e+18	1.7000000000000002
6.599045329430918e+18	1.8
6.730233340939452e+18	1.9000000000000001
6.935474385362158e+18	2.0
7.110733663129257e+18	2.1
7.182854502521698e+18	2.2
7.178683303545258e+18	2.3000000000000003
7.312407875218846e+18	2.4000000000000004
7.365551105500698e+18	2.5
7.327258188038409e+18	2.6
7.249519362272963e+18	2.7
7.269034920663716e+18	2.8000000000000003
7.193322437535264e+18	2.9000000000000004
7.121694365989339e+18	3.0
6.987572756546542e+18	3.1
6.87891053925707e+18	3.2
6.794653669023954e+18	3.3000000000000003
6.661587208004106e+18	3.4000000000000004
6.459334178668873e+18	3.5
6.302101479208944e+18	3.6
6.154812104737611e+18	3.7
5.938927399765467e+18	3.8000000000000003
5.675890663823062e+18	3.9000000000000004
5.541221666525842e+18	4.0
5.351927983162815e+18	4.1000000000000005
5.129601242721846e+18	4.2
4.878635337694047e+18	4.3
4.707717941945135e+18	4.4
4.483327153782338e+18	4.5
3.865485807068422e+18	4.6000000000000005
3.3514162604987336e+18	4.7
2.987674472318146e+18	4.800000000000001
2.6814592051045857e+18	4.9
2.4069724579094984e+18	5.0
2.1362027937989181e+18	5.1000000000000005
1.9347419962240655e+18	5.2
1.7439193393897467e+18	5.300000000000001
1.5620789580993556e+18	5.4
1.3914948784499128e+18	5.5
1.2316215543678694e+18	5.6000000000000005
1.1037696961703186e+18	5.7
9.841290560690001e+17	5.800000000000001
8.653775135797007e+17	5.9
7.503258816795182e+17	6.0
6.668960951178004e+17	6.1000000000000005
5.790495658751342e+17	6.2
4.923365796310159e+17	6.300000000000001
4.189794264399029e+17	6.4
3.419517950531916e+17	6.5
2.5835846260950246e+17	6.6000000000000005
1.885890633587347e+17	6.7
1.6962563668860717e+17	6.800000000000001
1.4627974227901546e+17	6.9
1.3086365915898267e+17	7.0
1.1315639832190438e+17	7.1000000000000005
9.894315129468622e+16	7.2
8.567738009723134e+16	7.300000000000001
7.34105014153603e+16	7.4
6.3113475377194184e+16	7.5
5.3911215653508e+16	7.6000000000000005
4.571448888828576e+16	7.7
3.80388903834024e+16	7.800000000000001
3.1345396403906372e+16	7.9
2.530761148854807e+16	8.0
1.9860843149944464e+16	8.1
1.4707941138548324e+16	8.200000000000001
9632824051493942.0	8.3
2843621455527944.5	8.4
0.0	8.5
0.0	8.6
0.0	8.700000000000001
0.0	8.8
0.0	8.9
0.0	9.0
0.0	9.1
0.0	9.200000000000001
0.0	9.3
