a = 8584.668056957904 м
b = 5367.879437543745 м
x0 = 1116.7350660366847 м
vr = 1792.4359051438385 м/с
A0 = 2.161208026985394 м
Xmax = 6579.678515822026 м
sigmaX = 4528.224840512828 м
sigmaY = 4863.095468421972 м
M0 = 3.047855637246171e+19 Н*м - интегральное значение сейсмического момента
Mr_max = 6.262163748848886e+18 Н*м/с - максимальное значение функции источника
1-ый столбец - источника
2-ой столбец - время
0.0	0.0
2809066761367825.5	0.1
4.0452427886183264e+17	0.2
7.968717818471182e+17	0.30000000000000004
1.2008126326989184e+18	0.4
1.5852120669581033e+18	0.5
1.9793348508861737e+18	0.6000000000000001
2.360142257292084e+18	0.7000000000000001
2.381693874541525e+18	0.8
2.5076449143251543e+18	0.9
2.7096322418539807e+18	1.0
2.9010483492045204e+18	1.1
3.06927502799655e+18	1.2000000000000002
3.300388057530214e+18	1.3
3.5130804949910615e+18	1.4000000000000001
3.7115784899908434e+18	1.5
3.957487314878791e+18	1.6
4.174312465242941e+18	1.7000000000000002
4.3337632646455337e+18	1.8
4.589975043652957e+18	1.9000000000000001
4.791072374297548e+18	2.0
4.959235830710667e+18	2.1
5.030818203483197e+18	2.2
5.289071590473244e+18	2.3000000000000003
5.410222035652882e+18	2.4000000000000004
5.547194295367585e+18	2.5
5.720621659938613e+18	2.6
5.835762072288262e+18	2.7
5.829626527526972e+18	2.8000000000000003
5.909604950348077e+18	2.9000000000000004
6.067337986654252e+18	3.0
6.070272186740845e+18	3.1
6.128215681606166e+18	3.2
6.245540408614203e+18	3.3000000000000003
6.176067317871445e+18	3.4000000000000004
6.15109078888492e+18	3.5
6.262163748848886e+18	3.6
6.212798802132554e+18	3.7
6.113389606462496e+18	3.8000000000000003
6.212693714669826e+18	3.9000000000000004
6.044235125741357e+18	4.0
5.975258175753841e+18	4.1000000000000005
5.948237499385892e+18	4.2
5.872617889042992e+18	4.3
5.719496918887293e+18	4.4
5.640555381117672e+18	4.5
5.476037806421443e+18	4.6000000000000005
5.348483265008261e+18	4.7
5.137473645549467e+18	4.800000000000001
5.066062441970163e+18	4.9
4.926221393702797e+18	5.0
4.767471781752432e+18	5.1000000000000005
4.61265264203815e+18	5.2
4.4378632590785905e+18	5.300000000000001
4.276338240741194e+18	5.4
4.0988680271882614e+18	5.5
3.9073461623797033e+18	5.6000000000000005
3.804091671781196e+18	5.7
3.578255067711197e+18	5.800000000000001
3.4437140813301417e+18	5.9
3.2447407950067133e+18	6.0
3.071509583706605e+18	6.1000000000000005
2.9122472400466427e+18	6.2
2.7725126756975437e+18	6.300000000000001
2.58849907542507e+18	6.4
2.4294884945939267e+18	6.5
2.2884175413883077e+18	6.6000000000000005
2.127531232616059e+18	6.7
1.9718230439988541e+18	6.800000000000001
1.8611122547663117e+18	6.9
1.731736970486324e+18	7.0
1.5714052931342797e+18	7.1000000000000005
1.484265624334141e+18	7.2
1.3579247738546688e+18	7.300000000000001
1.2390229758081185e+18	7.4
1.1329286734906659e+18	7.5
1.021373089076262e+18	7.6000000000000005
9.338003872103014e+17	7.7
8.374164766597766e+17	7.800000000000001
7.63741824136823e+17	7.9
6.749044396796366e+17	8.0
5.970138045804241e+17	8.1
5.281397624216456e+17	8.200000000000001
4.6196493868544224e+17	8.3
3.994182636812226e+17	8.4
3.436867302133488e+17	8.5
2.8760828188969754e+17	8.6
2.3631069203587574e+17	8.700000000000001
1.844629158089419e+17	8.8
1.3281692207283822e+17	8.9
7.407221479611518e+16	9.0
0.0	9.1
0.0	9.200000000000001
0.0	9.3
0.0	9.4
0.0	9.5
0.0	9.600000000000001
0.0	9.700000000000001
0.0	9.8
0.0	9.9
