a = 4864.969201214344 м
b = 5422.61522529568 м
x0 = 2102.751294117667 м
vr = 1921.7535785949328 м/с
A0 = 0.9810210004148714 м
Xmax = 6096.203143202126 м
sigmaX = 4025.239242465532 м
sigmaY = 4486.607446682388 м
M0 = 9.189551492598467e+18 Н*м - интегральное значение сейсмического момента
Mr_max = 3.2040344709439846e+18 Н*м/с - максимальное значение функции источника
1-ый столбец - источника
2-ой столбец - время
0.0	0.0
1729723741835044.0	0.1
2.645799857041992e+17	0.2
5.2302095800339046e+17	0.30000000000000004
7.827159882522505e+17	0.4
1.0385858294496413e+18	0.5
1.2683504443240123e+18	0.6000000000000001
1.5178246187172073e+18	0.7000000000000001
1.7304093372843873e+18	0.8
1.9762865809076895e+18	0.9
2.193815152222951e+18	1.0
2.346690610287128e+18	1.1
2.528517907775948e+18	1.2000000000000002
2.513172277280506e+18	1.3
2.5994827114756936e+18	1.4000000000000001
2.675328920648696e+18	1.5
2.743622453245831e+18	1.6
2.795024384699981e+18	1.7000000000000002
2.921833560629768e+18	1.8
2.952012412320895e+18	1.9000000000000001
3.0548536720000005e+18	2.0
3.050892681530893e+18	2.1
3.070488782276443e+18	2.2
3.2040344709439846e+18	2.3000000000000003
3.1675926097235123e+18	2.4000000000000004
3.1974168781777864e+18	2.5
3.1835873884799007e+18	2.6
3.186327510513702e+18	2.7
3.109219566041385e+18	2.8000000000000003
3.07195339030212e+18	2.9000000000000004
3.037934984873015e+18	3.0
2.9137947069495e+18	3.1
2.8727793360325407e+18	3.2
2.726829442188022e+18	3.3000000000000003
2.5905759499223204e+18	3.4000000000000004
2.4597187254482565e+18	3.5
2.2623157312184195e+18	3.6
2.0545976770171415e+18	3.7
1.8094528077989002e+18	3.8000000000000003
1.4899127840351583e+18	3.9000000000000004
1.0082319735396701e+18	4.0
0.0	4.1000000000000005
0.0	4.2
0.0	4.3
0.0	4.4
0.0	4.5
0.0	4.6000000000000005
0.0	4.7
0.0	4.800000000000001
0.0	4.9
0.0	5.0
0.0	5.1000000000000005
0.0	5.2
0.0	5.300000000000001
0.0	5.4
0.0	5.5
