a = 9017.273107875997 м
b = 9547.681836233329 м
x0 = 39.042790676080344 м
vr = 1914.6497334090545 м/с
A0 = 0.6150482985404582 м
Xmax = 10686.363037329013 м
sigmaX = 4411.15888550765 м
sigmaY = 4903.309108977994 м
M0 = 1.1404895949169545e+19 Н*м - интегральное значение сейсмического момента
Mr_max = 2.313140601473125e+18 Н*м/с - максимальное значение функции источника
1-ый столбец - источника
2-ой столбец - время
0.0	0.0
95985053165460.0	0.1
8778000075792527.0	0.2
1.7366173341378432e+16	0.30000000000000004
2.7247550653884944e+16	0.4
3.805518660638992e+16	0.5
5.072746614295908e+16	0.6000000000000001
6.357632242443392e+16	0.7000000000000001
7.890696431478707e+16	0.8
9.460229688989075e+16	0.9
1.1178316044134454e+17	1.0
1.3116527218716512e+17	1.1
1.5342130769648995e+17	1.2000000000000002
1.767495688163146e+17	1.3
2.0208327299861094e+17	1.4000000000000001
2.2730233653919472e+17	1.5
2.5403951876502224e+17	1.6
2.896731622516013e+17	1.7000000000000002
3.2103836813430125e+17	1.8
3.555424229675286e+17	1.9000000000000001
3.945819789961571e+17	2.0
4.290117344726386e+17	2.1
4.7390929169688365e+17	2.2
5.180763973525613e+17	2.3000000000000003
5.620144263542122e+17	2.4000000000000004
6.149697372578358e+17	2.5
6.560162757350548e+17	2.6
7.153944898290127e+17	2.7
7.710592286302241e+17	2.8000000000000003
8.172796976321585e+17	2.9000000000000004
8.829737243414194e+17	3.0
9.551571498416444e+17	3.1
1.0055501847124992e+18	3.2
1.075681368377175e+18	3.3000000000000003
1.128868338549095e+18	3.4000000000000004
1.2003432916393454e+18	3.5
1.269293186434348e+18	3.6
1.3264545286990113e+18	3.7
1.3908441372961649e+18	3.8000000000000003
1.4634601530287828e+18	3.9000000000000004
1.5058235374390612e+18	4.0
1.5734909987182945e+18	4.1000000000000005
1.643836209682912e+18	4.2
1.6968373974547848e+18	4.3
1.7789152188416896e+18	4.4
1.8310794449029816e+18	4.5
1.905922292561303e+18	4.6000000000000005
1.9354658516590646e+18	4.7
1.9775035745375112e+18	4.800000000000001
2.0444489760769871e+18	4.9
2.093832280561767e+18	5.0
2.1075705805619098e+18	5.1000000000000005
2.1578847963625797e+18	5.2
2.19006261572845e+18	5.300000000000001
2.2255460080981463e+18	5.4
2.234532595338969e+18	5.5
2.2450481046045038e+18	5.6000000000000005
2.3025729821787666e+18	5.7
2.2973745256416074e+18	5.800000000000001
2.3027147371311872e+18	5.9
2.313140601473125e+18	6.0
2.293314153039421e+18	6.1000000000000005
2.2905922633273505e+18	6.2
2.269774432012551e+18	6.300000000000001
2.2489823196192466e+18	6.4
2.2453594312454843e+18	6.5
2.230185242751682e+18	6.6000000000000005
2.1553174530861256e+18	6.7
2.1456761108358372e+18	6.800000000000001
2.1067169877684805e+18	6.9
2.0431128542944538e+18	7.0
2.0059566054984645e+18	7.1000000000000005
1.9479054482842865e+18	7.2
1.9041084486635976e+18	7.300000000000001
1.8349352884796247e+18	7.4
1.7881038144913505e+18	7.5
1.7149832553677494e+18	7.6000000000000005
1.6534528266378317e+18	7.7
1.5935924362361242e+18	7.800000000000001
1.5101481114150853e+18	7.9
1.4338192982834929e+18	8.0
1.3667638543086958e+18	8.1
1.3013534286708485e+18	8.200000000000001
1.225640732088785e+18	8.3
1.1472236381120047e+18	8.4
1.0732434937297065e+18	8.5
9.898288324511035e+17	8.6
9.104765143042333e+17	8.700000000000001
8.331984821818751e+17	8.8
7.536881998251451e+17	8.9
6.70334548736132e+17	9.0
5.860357624761569e+17	9.1
4.9202187024736115e+17	9.200000000000001
3.921520258793276e+17	9.3
2.694214500008901e+17	9.4
4842890612865386.0	9.5
0.0	9.600000000000001
0.0	9.700000000000001
0.0	9.8
0.0	9.9
0.0	10.0
0.0	10.100000000000001
0.0	10.200000000000001
0.0	10.3
0.0	10.4
0.0	10.5
0.0	10.600000000000001
0.0	10.700000000000001
0.0	10.8
0.0	10.9
