a = 6906.769395716519 м
b = 7308.002270298476 м
x0 = 1073.784473751228 м
vr = 2127.885835744907 м/с
A0 = 1.3359835432198082 м
Xmax = 4984.82680470014 м
sigmaX = 4008.5751889905814 м
sigmaY = 4712.5859286214145 м
M0 = 1.8758069300605e+19 Н*м - интегральное значение сейсмического момента
Mr_max = 5.375588970145913e+18 Н*м/с - максимальное значение функции источника
1-ый столбец - источника
2-ой столбец - время
0.0	0.0
2650087472062575.5	0.1
4.5324760373318944e+17	0.2
8.939837175403877e+17	0.30000000000000004
1.3293321722311875e+18	0.4
1.7654796542399114e+18	0.5
2.1834600782445194e+18	0.6000000000000001
2.2440404813727114e+18	0.7000000000000001
2.422853783858021e+18	0.8
2.63067793296119e+18	0.9
2.8651101140568673e+18	1.0
3.1128616853291607e+18	1.1
3.3640385045745633e+18	1.2000000000000002
3.5959689890348513e+18	1.3
3.806847712223323e+18	1.4000000000000001
4.0316755107034644e+18	1.5
4.2007377601723924e+18	1.6
4.376251349690662e+18	1.7000000000000002
4.632421948352474e+18	1.8
4.744092856091359e+18	1.9000000000000001
4.911611398911076e+18	2.0
5.029164362636117e+18	2.1
5.158099927871986e+18	2.2
5.177909141104845e+18	2.3000000000000003
5.225359046674497e+18	2.4000000000000004
5.290258690123271e+18	2.5
5.375588970145913e+18	2.6
5.342239629912062e+18	2.7
5.292954085354563e+18	2.8000000000000003
5.171191896911017e+18	2.9000000000000004
5.135064307914018e+18	3.0
5.06705832845093e+18	3.1
4.995428175549267e+18	3.2
4.831326547880662e+18	3.3000000000000003
4.693269444106212e+18	3.4000000000000004
4.498323102488532e+18	3.5
4.377543103983228e+18	3.6
4.252230680403469e+18	3.7
4.080646430586967e+18	3.8000000000000003
3.8400526811045924e+18	3.9000000000000004
3.649461651550377e+18	4.0
3.436435550560605e+18	4.1000000000000005
3.2470268754001275e+18	4.2
3.041116269439972e+18	4.3
2.8050461219085435e+18	4.4
2.64907123128771e+18	4.5
2.393178233995738e+18	4.6000000000000005
2.2131606007290506e+18	4.7
2.0129240663924127e+18	4.800000000000001
1.8629327606765604e+18	4.9
1.6636559603448484e+18	5.0
1.4871053533301174e+18	5.1000000000000005
1.3229238482089288e+18	5.2
1.153852398183115e+18	5.300000000000001
1.003092554843567e+18	5.4
8.682721971066661e+17	5.5
7.250510414888796e+17	5.6000000000000005
5.979258221785623e+17	5.7
4.730543214210892e+17	5.800000000000001
3.529684024996212e+17	5.9
2.2138585050796883e+17	6.0
0.0	6.1000000000000005
0.0	6.2
0.0	6.300000000000001
0.0	6.4
0.0	6.5
0.0	6.6000000000000005
0.0	6.7
0.0	6.800000000000001
0.0	6.9
0.0	7.0
0.0	7.1000000000000005
0.0	7.2
0.0	7.300000000000001
