a = 13064.563397971979 м
b = 8520.76338628511 м
x0 = 11670.300918506025 м
vr = 1995.3452557883961 м/с
A0 = 1.3048655498484738 м
Xmax = 10390.766457244054 м
sigmaX = 4194.0053063169025 м
sigmaY = 4688.15045772996 м
M0 = 2.5062572824861344e+19 Н*м - интегральное значение сейсмического момента
Mr_max = 7.603346627079996e+18 Н*м/с - максимальное значение функции источника
1-ый столбец - источника
2-ой столбец - время
0.0	0.0
3726617056112104.5	0.1
5.88227132268198e+17	0.2
1.180466859252784e+18	0.30000000000000004
1.7587239905721426e+18	0.4
2.320135496906285e+18	0.5
2.8392560763846676e+18	0.6000000000000001
3.3817527664783974e+18	0.7000000000000001
3.866885623180362e+18	0.8
4.3414842927705334e+18	0.9
4.784409944855351e+18	1.0
5.203595378974591e+18	1.1
5.631289396660877e+18	1.2000000000000002
5.969336547879692e+18	1.3
6.278438601421044e+18	1.4000000000000001
6.532540481294792e+18	1.5
6.814752481086554e+18	1.6
6.954098666427773e+18	1.7000000000000002
7.167256779906531e+18	1.8
7.339293832019002e+18	1.9000000000000001
7.442601394001777e+18	2.0
7.603346627079996e+18	2.1
7.535024632644738e+18	2.2
7.541471853708721e+18	2.3000000000000003
7.551197925978249e+18	2.4000000000000004
7.527485613336668e+18	2.5
7.440287160093401e+18	2.6
7.279922576811611e+18	2.7
7.236060531099961e+18	2.8000000000000003
7.036176010803275e+18	2.9000000000000004
6.962976636484572e+18	3.0
6.670949981738849e+18	3.1
6.523130094257782e+18	3.2
6.262784271204995e+18	3.3000000000000003
6.066597606488017e+18	3.4000000000000004
5.85889676361868e+18	3.5
5.550085927177558e+18	3.6
5.368705677782325e+18	3.7
5.106506249372816e+18	3.8000000000000003
4.87209763149585e+18	3.9000000000000004
4.579186796810481e+18	4.0
4.368629709100659e+18	4.1000000000000005
4.1126646402186977e+18	4.2
3.883767390732136e+18	4.3
3.000363187047048e+18	4.4
2.4385127084566195e+18	4.5
2.0597367095712033e+18	4.6000000000000005
1.734854768433453e+18	4.7
1.4837100693874435e+18	4.800000000000001
1.2399026490842028e+18	4.9
1.0508526019715329e+18	5.0
8.925089713299058e+17	5.1000000000000005
7.4023215618995e+17	5.2
6.166963193051315e+17	5.300000000000001
5.0597344068546195e+17	5.4
4.094485690349602e+17	5.5
3.2624343453932115e+17	5.6000000000000005
2.521931592259614e+17	5.7
1.8470589445398218e+17	5.800000000000001
1.1583380230160803e+17	5.9
5.0152031165778424e+16	6.0
4.041172229148432e+16	6.1000000000000005
3.279747433404952e+16	6.2
2.6741489292037696e+16	6.300000000000001
2.148548130643352e+16	6.4
1.7045364300833454e+16	6.5
1.3375618549264624e+16	6.6000000000000005
1.065319974181194e+16	6.7
8106819929585810.0	6.800000000000001
6162808783209435.0	6.9
4555446088699877.0	7.0
3211241922816451.0	7.1000000000000005
2061718146583846.2	7.2
974724305568919.1	7.300000000000001
0.0	7.4
0.0	7.5
0.0	7.6000000000000005
0.0	7.7
0.0	7.800000000000001
0.0	7.9
0.0	8.0
0.0	8.1
0.0	8.200000000000001
