a = 9539.271455283873 м
b = 10900.504401141789 м
x0 = 2436.6478782698086 м
vr = 2232.5590178972343 м/с
A0 = 0.5342722555003839 м
Xmax = 9710.988636363461 м
sigmaX = 4543.86591317752 м
sigmaY = 4235.809842232778 м
M0 = 9.9867480151483e+18 Н*м - интегральное значение сейсмического момента
Mr_max = 2.2872455248096538e+18 Н*м/с - максимальное значение функции источника
1-ый столбец - источника
2-ой столбец - время
0.0	0.0
497321299927661.6	0.1
8.902836242331214e+16	0.2
1.7725684265550707e+17	0.30000000000000004
2.651172532598405e+17	0.4
3.4950976969446234e+17	0.5
4.3974942916778963e+17	0.6000000000000001
5.277417822711478e+17	0.7000000000000001
6.113376985627818e+17	0.8
7.010018012482922e+17	0.9
7.910934394505268e+17	1.0
8.745193067699355e+17	1.1
9.527949403520837e+17	1.2000000000000002
1.0001050293007087e+18	1.3
1.0738416517409573e+18	1.4000000000000001
1.1418620718574418e+18	1.5
1.2098901056695206e+18	1.6
1.289018660513887e+18	1.7000000000000002
1.3680690626260541e+18	1.8
1.4438054739525996e+18	1.9000000000000001
1.5218173087799124e+18	2.0
1.579040934919749e+18	2.1
1.668876245942722e+18	2.2
1.7428077544647506e+18	2.3000000000000003
1.8056780226571295e+18	2.4000000000000004
1.8798972751445617e+18	2.5
1.939850015328041e+18	2.6
1.991387547880192e+18	2.7
2.0361161852708506e+18	2.8000000000000003
2.085736574326092e+18	2.9000000000000004
2.1425158179161894e+18	3.0
2.1832930083819343e+18	3.1
2.2141248929403215e+18	3.2
2.2345467846371945e+18	3.3000000000000003
2.2473962082187932e+18	3.4000000000000004
2.2832611112876324e+18	3.5
2.2607424421994593e+18	3.6
2.2872455248096538e+18	3.7
2.2585314253742538e+18	3.8000000000000003
2.2248022213280745e+18	3.9000000000000004
2.2305722665754936e+18	4.0
2.1805716668717327e+18	4.1000000000000005
2.1638460670075223e+18	4.2
2.1487318323226693e+18	4.3
2.1143793081724298e+18	4.4
2.0686284432059814e+18	4.5
1.9879593413856476e+18	4.6000000000000005
1.947299106138141e+18	4.7
1.8832409878328735e+18	4.800000000000001
1.8269540445732733e+18	4.9
1.7823406291425556e+18	5.0
1.7101162453681303e+18	5.1000000000000005
1.632157397069907e+18	5.2
1.5657213948603692e+18	5.300000000000001
1.4784193533719542e+18	5.4
1.4258615432945713e+18	5.5
1.3535674040986796e+18	5.6000000000000005
1.2887773667270979e+18	5.7
1.2163082865132116e+18	5.800000000000001
1.1504129454038756e+18	5.9
1.0683635036719849e+18	6.0
1.0031798971527638e+18	6.1000000000000005
9.352726717913523e+17	6.2
8.762578591690478e+17	6.300000000000001
8.144903330158177e+17	6.4
7.562023750736477e+17	6.5
6.871605421269939e+17	6.6000000000000005
6.314147299294767e+17	6.7
5.738385226647434e+17	6.800000000000001
5.2410300878685594e+17	6.9
4.713536189137792e+17	7.0
4.1857232274856474e+17	7.1000000000000005
3.640413016979135e+17	7.2
3.0620871487921606e+17	7.300000000000001
2.4072818067063293e+17	7.4
1.4651963462980634e+17	7.5
0.0	7.6000000000000005
0.0	7.7
0.0	7.800000000000001
0.0	7.9
0.0	8.0
0.0	8.1
0.0	8.200000000000001
0.0	8.3
0.0	8.4
0.0	8.5
0.0	8.6
0.0	8.700000000000001
0.0	8.8
0.0	8.9
0.0	9.0
0.0	9.1
0.0	9.200000000000001
0.0	9.3
0.0	9.4
0.0	9.5
0.0	9.600000000000001
