dt: 0.01
Time[s]     Moment_Rate [Nm]
    0.00		0.0000e+00
    0.01		3.9990e+09
    0.02		1.9995e+10
    0.03		5.5985e+10
    0.04		1.1996e+11
    0.05		2.1993e+11
    0.06		3.6387e+11
    0.07		5.5977e+11
    0.08		8.1563e+11
    0.09		1.1394e+12
    0.10		1.5391e+12
    0.11		2.0227e+12
    0.12		2.5981e+12
    0.13		3.2734e+12
    0.14		4.0564e+12
    0.15		4.9552e+12
    0.16		5.9776e+12
    0.17		7.1316e+12
    0.18		8.4251e+12
    0.19		9.8661e+12
    0.20		1.1462e+13
    0.21		1.3222e+13
    0.22		1.5153e+13
    0.23		1.7263e+13
    0.24		1.9559e+13
    0.25		2.2051e+13
    0.26		2.4745e+13
    0.27		2.7649e+13
    0.28		3.0772e+13
    0.29		3.4120e+13
    0.30		3.7703e+13
    0.31		4.1527e+13
    0.32		4.5601e+13
    0.33		4.9931e+13
    0.34		5.4527e+13
    0.35		5.9395e+13
    0.36		6.4543e+13
    0.37		6.9980e+13
    0.38		7.5711e+13
    0.39		8.1747e+13
    0.40		8.8093e+13
    0.41		9.4757e+13
    0.42		1.0175e+14
    0.43		1.0907e+14
    0.44		1.1674e+14
    0.45		1.2475e+14
    0.46		1.3312e+14
    0.47		1.4186e+14
    0.48		1.5096e+14
    0.49		1.6045e+14
    0.50		1.7032e+14
    0.51		1.8058e+14
    0.52		1.9124e+14
    0.53		2.0231e+14
    0.54		2.1380e+14
    0.55		2.2571e+14
    0.56		2.3805e+14
    0.57		2.5083e+14
    0.58		2.6405e+14
    0.59		2.7773e+14
    0.60		2.9186e+14
    0.61		3.0646e+14
    0.62		3.2153e+14
    0.63		3.3708e+14
    0.64		3.5312e+14
    0.65		3.6965e+14
    0.66		3.8668e+14
    0.67		4.0422e+14
    0.68		4.2228e+14
    0.69		4.4086e+14
    0.70		4.5996e+14
    0.71		4.7961e+14
    0.72		4.9979e+14
    0.73		5.2052e+14
    0.74		5.4181e+14
    0.75		5.6367e+14
    0.76		5.8609e+14
    0.77		6.0908e+14
    0.78		6.3266e+14
    0.79		6.5683e+14
    0.80		6.8159e+14
    0.81		7.0696e+14
    0.82		7.3293e+14
    0.83		7.5952e+14
    0.84		7.8673e+14
    0.85		8.1456e+14
    0.86		8.4303e+14
    0.87		8.7214e+14
    0.88		9.0190e+14
    0.89		9.3230e+14
    0.90		9.6337e+14
    0.91		9.9510e+14
    0.92		1.0275e+15
    0.93		1.0606e+15
    0.94		1.0943e+15
    0.95		1.1288e+15
    0.96		1.1639e+15
    0.97		1.1998e+15
    0.98		1.2363e+15
    0.99		1.2736e+15
    1.00		1.3116e+15
    1.01		1.3503e+15
    1.02		1.3897e+15
    1.03		1.4298e+15
    1.04		1.4706e+15
    1.05		1.5122e+15
    1.06		1.5544e+15
    1.07		1.5974e+15
    1.08		1.6410e+15
    1.09		1.6854e+15
    1.10		1.7305e+15
    1.11		1.7762e+15
    1.12		1.8226e+15
    1.13		1.8698e+15
    1.14		1.9176e+15
    1.15		1.9661e+15
    1.16		2.0152e+15
    1.17		2.0651e+15
    1.18		2.1156e+15
    1.19		2.1668e+15
    1.20		2.2186e+15
    1.21		2.2711e+15
    1.22		2.3243e+15
    1.23		2.3781e+15
    1.24		2.4326e+15
    1.25		2.4878e+15
    1.26		2.5435e+15
    1.27		2.6000e+15
    1.28		2.6570e+15
    1.29		2.7147e+15
    1.30		2.7731e+15
    1.31		2.8320e+15
    1.32		2.8916e+15
    1.33		2.9518e+15
    1.34		3.0126e+15
    1.35		3.0741e+15
    1.36		3.1361e+15
    1.37		3.1988e+15
    1.38		3.2620e+15
    1.39		3.3259e+15
    1.40		3.3903e+15
    1.41		3.4554e+15
    1.42		3.5210e+15
    1.43		3.5873e+15
    1.44		3.6542e+15
    1.45		3.7218e+15
    1.46		3.7900e+15
    1.47		3.8589e+15
    1.48		3.9285e+15
    1.49		3.9988e+15
    1.50		4.0697e+15
    1.51		4.1414e+15
    1.52		4.2138e+15
    1.53		4.2870e+15
    1.54		4.3609e+15
    1.55		4.4356e+15
    1.56		4.5110e+15
    1.57		4.5872e+15
    1.58		4.6643e+15
    1.59		4.7421e+15
    1.60		4.8207e+15
    1.61		4.9002e+15
    1.62		4.9806e+15
    1.63		5.0619e+15
    1.64		5.1441e+15
    1.65		5.2273e+15
    1.66		5.3114e+15
    1.67		5.3967e+15
    1.68		5.4829e+15
    1.69		5.5703e+15
    1.70		5.6588e+15
    1.71		5.7485e+15
    1.72		5.8394e+15
    1.73		5.9315e+15
    1.74		6.0248e+15
    1.75		6.1195e+15
    1.76		6.2154e+15
    1.77		6.3127e+15
    1.78		6.4114e+15
    1.79		6.5116e+15
    1.80		6.6131e+15
    1.81		6.7162e+15
    1.82		6.8207e+15
    1.83		6.9268e+15
    1.84		7.0344e+15
    1.85		7.1437e+15
    1.86		7.2546e+15
    1.87		7.3671e+15
    1.88		7.4814e+15
    1.89		7.5973e+15
    1.90		7.7150e+15
    1.91		7.8345e+15
    1.92		7.9559e+15
    1.93		8.0790e+15
    1.94		8.2040e+15
    1.95		8.3310e+15
    1.96		8.4598e+15
    1.97		8.5906e+15
    1.98		8.7234e+15
    1.99		8.8583e+15
    2.00		8.9951e+15
    2.01		9.1341e+15
    2.02		9.2752e+15
    2.03		9.4184e+15
    2.04		9.5638e+15
    2.05		9.7114e+15
    2.06		9.8613e+15
    2.07		1.0013e+16
    2.08		1.0168e+16
    2.09		1.0325e+16
    2.10		1.0484e+16
    2.11		1.0646e+16
    2.12		1.0810e+16
    2.13		1.0977e+16
    2.14		1.1146e+16
    2.15		1.1318e+16
    2.16		1.1493e+16
    2.17		1.1670e+16
    2.18		1.1850e+16
    2.19		1.2033e+16
    2.20		1.2218e+16
    2.21		1.2406e+16
    2.22		1.2598e+16
    2.23		1.2792e+16
    2.24		1.2989e+16
    2.25		1.3189e+16
    2.26		1.3392e+16
    2.27		1.3599e+16
    2.28		1.3809e+16
    2.29		1.4023e+16
    2.30		1.4240e+16
    2.31		1.4460e+16
    2.32		1.4685e+16
    2.33		1.4913e+16
    2.34		1.5145e+16
    2.35		1.5380e+16
    2.36		1.5620e+16
    2.37		1.5864e+16
    2.38		1.6112e+16
    2.39		1.6364e+16
    2.40		1.6621e+16
    2.41		1.6882e+16
    2.42		1.7147e+16
    2.43		1.7417e+16
    2.44		1.7691e+16
    2.45		1.7970e+16
    2.46		1.8254e+16
    2.47		1.8542e+16
    2.48		1.8835e+16
    2.49		1.9133e+16
    2.50		1.9436e+16
    2.51		1.9744e+16
    2.52		2.0057e+16
    2.53		2.0375e+16
    2.54		2.0698e+16
    2.55		2.1026e+16
    2.56		2.1360e+16
    2.57		2.1699e+16
    2.58		2.2043e+16
    2.59		2.2392e+16
    2.60		2.2747e+16
    2.61		2.3108e+16
    2.62		2.3474e+16
    2.63		2.3846e+16
    2.64		2.4223e+16
    2.65		2.4606e+16
    2.66		2.4995e+16
    2.67		2.5389e+16
    2.68		2.5789e+16
    2.69		2.6195e+16
    2.70		2.6607e+16
    2.71		2.7024e+16
    2.72		2.7448e+16
    2.73		2.7877e+16
    2.74		2.8312e+16
    2.75		2.8753e+16
    2.76		2.9200e+16
    2.77		2.9653e+16
    2.78		3.0112e+16
    2.79		3.0577e+16
    2.80		3.1048e+16
    2.81		3.1525e+16
    2.82		3.2009e+16
    2.83		3.2498e+16
    2.84		3.2994e+16
    2.85		3.3496e+16
    2.86		3.4004e+16
    2.87		3.4519e+16
    2.88		3.5040e+16
    2.89		3.5568e+16
    2.90		3.6102e+16
    2.91		3.6642e+16
    2.92		3.7189e+16
    2.93		3.7743e+16
    2.94		3.8303e+16
    2.95		3.8870e+16
    2.96		3.9443e+16
    2.97		4.0024e+16
    2.98		4.0611e+16
    2.99		4.1205e+16
    3.00		4.1805e+16
    3.01		4.2413e+16
    3.02		4.3027e+16
    3.03		4.3649e+16
    3.04		4.4277e+16
    3.05		4.4913e+16
    3.06		4.5556e+16
    3.07		4.6206e+16
    3.08		4.6863e+16
    3.09		4.7527e+16
    3.10		4.8199e+16
    3.11		4.8878e+16
    3.12		4.9564e+16
    3.13		5.0258e+16
    3.14		5.0960e+16
    3.15		5.1669e+16
    3.16		5.2386e+16
    3.17		5.3110e+16
    3.18		5.3843e+16
    3.19		5.4583e+16
    3.20		5.5330e+16
    3.21		5.6086e+16
    3.22		5.6850e+16
    3.23		5.7621e+16
    3.24		5.8401e+16
    3.25		5.9188e+16
    3.26		5.9984e+16
    3.27		6.0788e+16
    3.28		6.1600e+16
    3.29		6.2420e+16
    3.30		6.3249e+16
    3.31		6.4086e+16
    3.32		6.4931e+16
    3.33		6.5785e+16
    3.34		6.6648e+16
    3.35		6.7519e+16
    3.36		6.8399e+16
    3.37		6.9288e+16
    3.38		7.0185e+16
    3.39		7.1091e+16
    3.40		7.2007e+16
    3.41		7.2931e+16
    3.42		7.3865e+16
    3.43		7.4807e+16
    3.44		7.5759e+16
    3.45		7.6720e+16
    3.46		7.7690e+16
    3.47		7.8670e+16
    3.48		7.9660e+16
    3.49		8.0659e+16
    3.50		8.1668e+16
    3.51		8.2687e+16
    3.52		8.3716e+16
    3.53		8.4756e+16
    3.54		8.5805e+16
    3.55		8.6865e+16
    3.56		8.7936e+16
    3.57		8.9016e+16
    3.58		9.0108e+16
    3.59		9.1210e+16
    3.60		9.2324e+16
    3.61		9.3448e+16
    3.62		9.4583e+16
    3.63		9.5730e+16
    3.64		9.6887e+16
    3.65		9.8057e+16
    3.66		9.9237e+16
    3.67		1.0043e+17
    3.68		1.0163e+17
    3.69		1.0285e+17
    3.70		1.0408e+17
    3.71		1.0532e+17
    3.72		1.0657e+17
    3.73		1.0783e+17
    3.74		1.0911e+17
    3.75		1.1040e+17
    3.76		1.1170e+17
    3.77		1.1302e+17
    3.78		1.1434e+17
    3.79		1.1568e+17
    3.80		1.1704e+17
    3.81		1.1840e+17
    3.82		1.1978e+17
    3.83		1.2118e+17
    3.84		1.2258e+17
    3.85		1.2400e+17
    3.86		1.2543e+17
    3.87		1.2688e+17
    3.88		1.2834e+17
    3.89		1.2982e+17
    3.90		1.3130e+17
    3.91		1.3281e+17
    3.92		1.3432e+17
    3.93		1.3585e+17
    3.94		1.3740e+17
    3.95		1.3896e+17
    3.96		1.4053e+17
    3.97		1.4212e+17
    3.98		1.4372e+17
    3.99		1.4533e+17
    4.00		1.4696e+17
    4.01		1.4861e+17
    4.02		1.5027e+17
    4.03		1.5195e+17
    4.04		1.5364e+17
    4.05		1.5535e+17
    4.06		1.5707e+17
    4.07		1.5881e+17
    4.08		1.6057e+17
    4.09		1.6234e+17
    4.10		1.6413e+17
    4.11		1.6594e+17
    4.12		1.6776e+17
    4.13		1.6961e+17
    4.14		1.7147e+17
    4.15		1.7335e+17
    4.16		1.7525e+17
    4.17		1.7717e+17
    4.18		1.7911e+17
    4.19		1.8106e+17
    4.20		1.8304e+17
    4.21		1.8504e+17
    4.22		1.8706e+17
    4.23		1.8910e+17
    4.24		1.9117e+17
    4.25		1.9326e+17
    4.26		1.9537e+17
    4.27		1.9751e+17
    4.28		1.9967e+17
    4.29		2.0186e+17
    4.30		2.0407e+17
    4.31		2.0631e+17
    4.32		2.0858e+17
    4.33		2.1087e+17
    4.34		2.1320e+17
    4.35		2.1555e+17
    4.36		2.1794e+17
    4.37		2.2035e+17
    4.38		2.2280e+17
    4.39		2.2528e+17
    4.40		2.2780e+17
    4.41		2.3035e+17
    4.42		2.3294e+17
    4.43		2.3558e+17
    4.44		2.3826e+17
    4.45		2.4098e+17
    4.46		2.4375e+17
    4.47		2.4656e+17
    4.48		2.4943e+17
    4.49		2.5234e+17
    4.50		2.5531e+17
    4.51		2.5832e+17
    4.52		2.6140e+17
    4.53		2.6453e+17
    4.54		2.6772e+17
    4.55		2.7096e+17
    4.56		2.7427e+17
    4.57		2.7764e+17
    4.58		2.8107e+17
    4.59		2.8457e+17
    4.60		2.8813e+17
    4.61		2.9176e+17
    4.62		2.9545e+17
    4.63		2.9922e+17
    4.64		3.0306e+17
    4.65		3.0697e+17
    4.66		3.1096e+17
    4.67		3.1503e+17
    4.68		3.1918e+17
    4.69		3.2342e+17
    4.70		3.2774e+17
    4.71		3.3214e+17
    4.72		3.3663e+17
    4.73		3.4122e+17
    4.74		3.4590e+17
    4.75		3.5067e+17
    4.76		3.5553e+17
    4.77		3.6049e+17
    4.78		3.6556e+17
    4.79		3.7072e+17
    4.80		3.7598e+17
    4.81		3.8135e+17
    4.82		3.8682e+17
    4.83		3.9240e+17
    4.84		3.9810e+17
    4.85		4.0390e+17
    4.86		4.0982e+17
    4.87		4.1585e+17
    4.88		4.2200e+17
    4.89		4.2828e+17
    4.90		4.3467e+17
    4.91		4.4119e+17
    4.92		4.4783e+17
    4.93		4.5460e+17
    4.94		4.6150e+17
    4.95		4.6853e+17
    4.96		4.7569e+17
    4.97		4.8300e+17
    4.98		4.9044e+17
    4.99		4.9803e+17
    5.00		5.0576e+17
    5.01		5.1364e+17
    5.02		5.2167e+17
    5.03		5.2986e+17
    5.04		5.3820e+17
    5.05		5.4669e+17
    5.06		5.5535e+17
    5.07		5.6417e+17
    5.08		5.7316e+17
    5.09		5.8233e+17
    5.10		5.9166e+17
    5.11		6.0118e+17
    5.12		6.1088e+17
    5.13		6.2077e+17
    5.14		6.3084e+17
    5.15		6.4111e+17
    5.16		6.5158e+17
    5.17		6.6224e+17
    5.18		6.7311e+17
    5.19		6.8418e+17
    5.20		6.9545e+17
    5.21		7.0694e+17
    5.22		7.1864e+17
    5.23		7.3055e+17
    5.24		7.4267e+17
    5.25		7.5502e+17
    5.26		7.6758e+17
    5.27		7.8035e+17
    5.28		7.9335e+17
    5.29		8.0657e+17
    5.30		8.2001e+17
    5.31		8.3367e+17
    5.32		8.4756e+17
    5.33		8.6167e+17
    5.34		8.7600e+17
    5.35		8.9055e+17
    5.36		9.0532e+17
    5.37		9.2032e+17
    5.38		9.3553e+17
    5.39		9.5096e+17
    5.40		9.6660e+17
    5.41		9.8246e+17
    5.42		9.9854e+17
    5.43		1.0148e+18
    5.44		1.0313e+18
    5.45		1.0480e+18
    5.46		1.0650e+18
    5.47		1.0821e+18
    5.48		1.0995e+18
    5.49		1.1170e+18
    5.50		1.1348e+18
    5.51		1.1528e+18
    5.52		1.1710e+18
    5.53		1.1894e+18
    5.54		1.2080e+18
    5.55		1.2268e+18
    5.56		1.2459e+18
    5.57		1.2652e+18
    5.58		1.2846e+18
    5.59		1.3043e+18
    5.60		1.3242e+18
    5.61		1.3443e+18
    5.62		1.3646e+18
    5.63		1.3851e+18
    5.64		1.4058e+18
    5.65		1.4267e+18
    5.66		1.4478e+18
    5.67		1.4691e+18
    5.68		1.4906e+18
    5.69		1.5123e+18
    5.70		1.5341e+18
    5.71		1.5562e+18
    5.72		1.5784e+18
    5.73		1.6008e+18
    5.74		1.6234e+18
    5.75		1.6462e+18
    5.76		1.6691e+18
    5.77		1.6922e+18
    5.78		1.7155e+18
    5.79		1.7389e+18
    5.80		1.7625e+18
    5.81		1.7863e+18
    5.82		1.8102e+18
    5.83		1.8342e+18
    5.84		1.8584e+18
    5.85		1.8828e+18
    5.86		1.9072e+18
    5.87		1.9318e+18
    5.88		1.9566e+18
    5.89		1.9814e+18
    5.90		2.0064e+18
    5.91		2.0315e+18
    5.92		2.0567e+18
    5.93		2.0821e+18
    5.94		2.1075e+18
    5.95		2.1331e+18
    5.96		2.1587e+18
    5.97		2.1845e+18
    5.98		2.2103e+18
    5.99		2.2363e+18
    6.00		2.2623e+18
    6.01		2.2883e+18
    6.02		2.3145e+18
    6.03		2.3407e+18
    6.04		2.3670e+18
    6.05		2.3933e+18
    6.06		2.4197e+18
    6.07		2.4461e+18
    6.08		2.4726e+18
    6.09		2.4991e+18
    6.10		2.5256e+18
    6.11		2.5522e+18
    6.12		2.5788e+18
    6.13		2.6054e+18
    6.14		2.6320e+18
    6.15		2.6586e+18
    6.16		2.6852e+18
    6.17		2.7118e+18
    6.18		2.7384e+18
    6.19		2.7650e+18
    6.20		2.7916e+18
    6.21		2.8181e+18
    6.22		2.8447e+18
    6.23		2.8711e+18
    6.24		2.8976e+18
    6.25		2.9240e+18
    6.26		2.9503e+18
    6.27		2.9766e+18
    6.28		3.0029e+18
    6.29		3.0291e+18
    6.30		3.0552e+18
    6.31		3.0813e+18
    6.32		3.1073e+18
    6.33		3.1332e+18
    6.34		3.1590e+18
    6.35		3.1848e+18
    6.36		3.2104e+18
    6.37		3.2360e+18
    6.38		3.2615e+18
    6.39		3.2869e+18
    6.40		3.3122e+18
    6.41		3.3373e+18
    6.42		3.3624e+18
    6.43		3.3873e+18
    6.44		3.4121e+18
    6.45		3.4368e+18
    6.46		3.4613e+18
    6.47		3.4857e+18
    6.48		3.5099e+18
    6.49		3.5339e+18
    6.50		3.5578e+18
    6.51		3.5815e+18
    6.52		3.6051e+18
    6.53		3.6284e+18
    6.54		3.6516e+18
    6.55		3.6746e+18
    6.56		3.6974e+18
    6.57		3.7199e+18
    6.58		3.7423e+18
    6.59		3.7644e+18
    6.60		3.7863e+18
    6.61		3.8080e+18
    6.62		3.8295e+18
    6.63		3.8507e+18
    6.64		3.8717e+18
    6.65		3.8924e+18
    6.66		3.9129e+18
    6.67		3.9331e+18
    6.68		3.9531e+18
    6.69		3.9728e+18
    6.70		3.9923e+18
    6.71		4.0115e+18
    6.72		4.0304e+18
    6.73		4.0491e+18
    6.74		4.0675e+18
    6.75		4.0855e+18
    6.76		4.1034e+18
    6.77		4.1209e+18
    6.78		4.1381e+18
    6.79		4.1551e+18
    6.80		4.1718e+18
    6.81		4.1881e+18
    6.82		4.2042e+18
    6.83		4.2200e+18
    6.84		4.2355e+18
    6.85		4.2507e+18
    6.86		4.2656e+18
    6.87		4.2802e+18
    6.88		4.2944e+18
    6.89		4.3084e+18
    6.90		4.3220e+18
    6.91		4.3353e+18
    6.92		4.3483e+18
    6.93		4.3610e+18
    6.94		4.3734e+18
    6.95		4.3854e+18
    6.96		4.3971e+18
    6.97		4.4085e+18
    6.98		4.4196e+18
    6.99		4.4303e+18
    7.00		4.4407e+18
    7.01		4.4508e+18
    7.02		4.4605e+18
    7.03		4.4699e+18
    7.04		4.4789e+18
    7.05		4.4876e+18
    7.06		4.4959e+18
    7.07		4.5039e+18
    7.08		4.5116e+18
    7.09		4.5188e+18
    7.10		4.5257e+18
    7.11		4.5323e+18
    7.12		4.5385e+18
    7.13		4.5443e+18
    7.14		4.5497e+18
    7.15		4.5548e+18
    7.16		4.5594e+18
    7.17		4.5637e+18
    7.18		4.5676e+18
    7.19		4.5712e+18
    7.20		4.5743e+18
    7.21		4.5771e+18
    7.22		4.5795e+18
    7.23		4.5815e+18
    7.24		4.5831e+18
    7.25		4.5843e+18
    7.26		4.5851e+18
    7.27		4.5856e+18
    7.28		4.5856e+18
    7.29		4.5853e+18
    7.30		4.5846e+18
    7.31		4.5835e+18
    7.32		4.5820e+18
    7.33		4.5801e+18
    7.34		4.5779e+18
    7.35		4.5753e+18
    7.36		4.5723e+18
    7.37		4.5689e+18
    7.38		4.5652e+18
    7.39		4.5611e+18
    7.40		4.5566e+18
    7.41		4.5518e+18
    7.42		4.5467e+18
    7.43		4.5412e+18
    7.44		4.5353e+18
    7.45		4.5291e+18
    7.46		4.5226e+18
    7.47		4.5157e+18
    7.48		4.5085e+18
    7.49		4.5009e+18
    7.50		4.4931e+18
    7.51		4.4848e+18
    7.52		4.4763e+18
    7.53		4.4675e+18
    7.54		4.4583e+18
    7.55		4.4488e+18
    7.56		4.4390e+18
    7.57		4.4289e+18
    7.58		4.4184e+18
    7.59		4.4077e+18
    7.60		4.3967e+18
    7.61		4.3854e+18
    7.62		4.3738e+18
    7.63		4.3619e+18
    7.64		4.3498e+18
    7.65		4.3374e+18
    7.66		4.3247e+18
    7.67		4.3117e+18
    7.68		4.2985e+18
    7.69		4.2851e+18
    7.70		4.2714e+18
    7.71		4.2575e+18
    7.72		4.2434e+18
    7.73		4.2290e+18
    7.74		4.2144e+18
    7.75		4.1997e+18
    7.76		4.1847e+18
    7.77		4.1695e+18
    7.78		4.1541e+18
    7.79		4.1386e+18
    7.80		4.1229e+18
    7.81		4.1070e+18
    7.82		4.0909e+18
    7.83		4.0747e+18
    7.84		4.0584e+18
    7.85		4.0419e+18
    7.86		4.0252e+18
    7.87		4.0085e+18
    7.88		3.9916e+18
    7.89		3.9746e+18
    7.90		3.9574e+18
    7.91		3.9402e+18
    7.92		3.9229e+18
    7.93		3.9055e+18
    7.94		3.8880e+18
    7.95		3.8704e+18
    7.96		3.8528e+18
    7.97		3.8351e+18
    7.98		3.8173e+18
    7.99		3.7995e+18
    8.00		3.7817e+18
    8.01		3.7638e+18
    8.02		3.7459e+18
    8.03		3.7279e+18
    8.04		3.7100e+18
    8.05		3.6920e+18
    8.06		3.6741e+18
    8.07		3.6561e+18
    8.08		3.6382e+18
    8.09		3.6202e+18
    8.10		3.6023e+18
    8.11		3.5844e+18
    8.12		3.5666e+18
    8.13		3.5488e+18
    8.14		3.5310e+18
    8.15		3.5133e+18
    8.16		3.4956e+18
    8.17		3.4780e+18
    8.18		3.4604e+18
    8.19		3.4429e+18
    8.20		3.4255e+18
    8.21		3.4082e+18
    8.22		3.3909e+18
    8.23		3.3737e+18
    8.24		3.3567e+18
    8.25		3.3396e+18
    8.26		3.3227e+18
    8.27		3.3059e+18
    8.28		3.2892e+18
    8.29		3.2726e+18
    8.30		3.2561e+18
    8.31		3.2397e+18
    8.32		3.2234e+18
    8.33		3.2073e+18
    8.34		3.1912e+18
    8.35		3.1753e+18
    8.36		3.1595e+18
    8.37		3.1438e+18
    8.38		3.1283e+18
    8.39		3.1129e+18
    8.40		3.0976e+18
    8.41		3.0824e+18
    8.42		3.0674e+18
    8.43		3.0525e+18
    8.44		3.0378e+18
    8.45		3.0232e+18
    8.46		3.0088e+18
    8.47		2.9945e+18
    8.48		2.9803e+18
    8.49		2.9663e+18
    8.50		2.9524e+18
    8.51		2.9388e+18
    8.52		2.9252e+18
    8.53		2.9118e+18
    8.54		2.8986e+18
    8.55		2.8856e+18
    8.56		2.8727e+18
    8.57		2.8600e+18
    8.58		2.8474e+18
    8.59		2.8350e+18
    8.60		2.8228e+18
    8.61		2.8107e+18
    8.62		2.7989e+18
    8.63		2.7871e+18
    8.64		2.7756e+18
    8.65		2.7641e+18
    8.66		2.7529e+18
    8.67		2.7418e+18
    8.68		2.7308e+18
    8.69		2.7200e+18
    8.70		2.7093e+18
    8.71		2.6988e+18
    8.72		2.6884e+18
    8.73		2.6782e+18
    8.74		2.6680e+18
    8.75		2.6581e+18
    8.76		2.6482e+18
    8.77		2.6384e+18
    8.78		2.6288e+18
    8.79		2.6193e+18
    8.80		2.6098e+18
    8.81		2.6005e+18
    8.82		2.5913e+18
    8.83		2.5822e+18
    8.84		2.5731e+18
    8.85		2.5642e+18
    8.86		2.5553e+18
    8.87		2.5465e+18
    8.88		2.5378e+18
    8.89		2.5291e+18
    8.90		2.5206e+18
    8.91		2.5121e+18
    8.92		2.5036e+18
    8.93		2.4953e+18
    8.94		2.4869e+18
    8.95		2.4787e+18
    8.96		2.4705e+18
    8.97		2.4623e+18
    8.98		2.4542e+18
    8.99		2.4461e+18
    9.00		2.4381e+18
    9.01		2.4301e+18
    9.02		2.4221e+18
    9.03		2.4142e+18
    9.04		2.4063e+18
    9.05		2.3984e+18
    9.06		2.3905e+18
    9.07		2.3827e+18
    9.08		2.3749e+18
    9.09		2.3671e+18
    9.10		2.3593e+18
    9.11		2.3516e+18
    9.12		2.3438e+18
    9.13		2.3361e+18
    9.14		2.3284e+18
    9.15		2.3207e+18
    9.16		2.3130e+18
    9.17		2.3053e+18
    9.18		2.2977e+18
    9.19		2.2900e+18
    9.20		2.2823e+18
    9.21		2.2747e+18
    9.22		2.2670e+18
    9.23		2.2593e+18
    9.24		2.2516e+18
    9.25		2.2439e+18
    9.26		2.2362e+18
    9.27		2.2285e+18
    9.28		2.2208e+18
    9.29		2.2131e+18
    9.30		2.2053e+18
    9.31		2.1976e+18
    9.32		2.1898e+18
    9.33		2.1820e+18
    9.34		2.1742e+18
    9.35		2.1664e+18
    9.36		2.1585e+18
    9.37		2.1506e+18
    9.38		2.1427e+18
    9.39		2.1348e+18
    9.40		2.1269e+18
    9.41		2.1189e+18
    9.42		2.1109e+18
    9.43		2.1029e+18
    9.44		2.0948e+18
    9.45		2.0867e+18
    9.46		2.0786e+18
    9.47		2.0705e+18
    9.48		2.0623e+18
    9.49		2.0541e+18
    9.50		2.0459e+18
    9.51		2.0376e+18
    9.52		2.0294e+18
    9.53		2.0210e+18
    9.54		2.0127e+18
    9.55		2.0043e+18
    9.56		1.9959e+18
    9.57		1.9875e+18
    9.58		1.9790e+18
    9.59		1.9705e+18
    9.60		1.9620e+18
    9.61		1.9535e+18
    9.62		1.9449e+18
    9.63		1.9363e+18
    9.64		1.9276e+18
    9.65		1.9190e+18
    9.66		1.9103e+18
    9.67		1.9015e+18
    9.68		1.8928e+18
    9.69		1.8840e+18
    9.70		1.8752e+18
    9.71		1.8664e+18
    9.72		1.8575e+18
    9.73		1.8487e+18
    9.74		1.8397e+18
    9.75		1.8308e+18
    9.76		1.8219e+18
    9.77		1.8129e+18
    9.78		1.8039e+18
    9.79		1.7949e+18
    9.80		1.7858e+18
    9.81		1.7768e+18
    9.82		1.7677e+18
    9.83		1.7586e+18
    9.84		1.7495e+18
    9.85		1.7403e+18
    9.86		1.7312e+18
    9.87		1.7221e+18
    9.88		1.7129e+18
    9.89		1.7037e+18
    9.90		1.6945e+18
    9.91		1.6853e+18
    9.92		1.6761e+18
    9.93		1.6669e+18
    9.94		1.6577e+18
    9.95		1.6485e+18
    9.96		1.6392e+18
    9.97		1.6300e+18
    9.98		1.6208e+18
    9.99		1.6115e+18
   10.00		1.6023e+18
   10.01		1.5931e+18
   10.02		1.5838e+18
   10.03		1.5746e+18
   10.04		1.5654e+18
   10.05		1.5561e+18
   10.06		1.5469e+18
   10.07		1.5377e+18
   10.08		1.5285e+18
   10.09		1.5193e+18
   10.10		1.5101e+18
   10.11		1.5009e+18
   10.12		1.4918e+18
   10.13		1.4826e+18
   10.14		1.4735e+18
   10.15		1.4643e+18
   10.16		1.4552e+18
   10.17		1.4461e+18
   10.18		1.4370e+18
   10.19		1.4279e+18
   10.20		1.4189e+18
   10.21		1.4098e+18
   10.22		1.4008e+18
   10.23		1.3918e+18
   10.24		1.3828e+18
   10.25		1.3738e+18
   10.26		1.3648e+18
   10.27		1.3559e+18
   10.28		1.3470e+18
   10.29		1.3381e+18
   10.30		1.3292e+18
   10.31		1.3203e+18
   10.32		1.3115e+18
   10.33		1.3027e+18
   10.34		1.2938e+18
   10.35		1.2851e+18
   10.36		1.2763e+18
   10.37		1.2676e+18
   10.38		1.2589e+18
   10.39		1.2502e+18
   10.40		1.2415e+18
   10.41		1.2328e+18
   10.42		1.2242e+18
   10.43		1.2156e+18
   10.44		1.2070e+18
   10.45		1.1985e+18
   10.46		1.1900e+18
   10.47		1.1815e+18
   10.48		1.1730e+18
   10.49		1.1645e+18
   10.50		1.1561e+18
   10.51		1.1477e+18
   10.52		1.1393e+18
   10.53		1.1310e+18
   10.54		1.1227e+18
   10.55		1.1144e+18
   10.56		1.1061e+18
   10.57		1.0979e+18
   10.58		1.0897e+18
   10.59		1.0815e+18
   10.60		1.0734e+18
   10.61		1.0652e+18
   10.62		1.0572e+18
   10.63		1.0491e+18
   10.64		1.0411e+18
   10.65		1.0332e+18
   10.66		1.0252e+18
   10.67		1.0173e+18
   10.68		1.0095e+18
   10.69		1.0016e+18
   10.70		9.9387e+17
   10.71		9.8614e+17
   10.72		9.7845e+17
   10.73		9.7080e+17
   10.74		9.6320e+17
   10.75		9.5565e+17
   10.76		9.4814e+17
   10.77		9.4068e+17
   10.78		9.3327e+17
   10.79		9.2590e+17
   10.80		9.1859e+17
   10.81		9.1133e+17
   10.82		9.0412e+17
   10.83		8.9696e+17
   10.84		8.8985e+17
   10.85		8.8279e+17
   10.86		8.7579e+17
   10.87		8.6884e+17
   10.88		8.6195e+17
   10.89		8.5510e+17
   10.90		8.4832e+17
   10.91		8.4158e+17
   10.92		8.3490e+17
   10.93		8.2827e+17
   10.94		8.2169e+17
   10.95		8.1517e+17
   10.96		8.0870e+17
   10.97		8.0228e+17
   10.98		7.9591e+17
   10.99		7.8960e+17
   11.00		7.8334e+17
   11.01		7.7712e+17
   11.02		7.7096e+17
   11.03		7.6485e+17
   11.04		7.5879e+17
   11.05		7.5278e+17
   11.06		7.4682e+17
   11.07		7.4090e+17
   11.08		7.3503e+17
   11.09		7.2921e+17
   11.10		7.2344e+17
   11.11		7.1772e+17
   11.12		7.1204e+17
   11.13		7.0641e+17
   11.14		7.0083e+17
   11.15		6.9529e+17
   11.16		6.8980e+17
   11.17		6.8436e+17
   11.18		6.7897e+17
   11.19		6.7362e+17
   11.20		6.6832e+17
   11.21		6.6307e+17
   11.22		6.5786e+17
   11.23		6.5271e+17
   11.24		6.4759e+17
   11.25		6.4253e+17
   11.26		6.3751e+17
   11.27		6.3253e+17
   11.28		6.2761e+17
   11.29		6.2272e+17
   11.30		6.1788e+17
   11.31		6.1308e+17
   11.32		6.0832e+17
   11.33		6.0361e+17
   11.34		5.9894e+17
   11.35		5.9431e+17
   11.36		5.8972e+17
   11.37		5.8517e+17
   11.38		5.8066e+17
   11.39		5.7620e+17
   11.40		5.7177e+17
   11.41		5.6738e+17
   11.42		5.6303e+17
   11.43		5.5872e+17
   11.44		5.5444e+17
   11.45		5.5020e+17
   11.46		5.4600e+17
   11.47		5.4184e+17
   11.48		5.3771e+17
   11.49		5.3361e+17
   11.50		5.2955e+17
   11.51		5.2552e+17
   11.52		5.2153e+17
   11.53		5.1757e+17
   11.54		5.1364e+17
   11.55		5.0974e+17
   11.56		5.0587e+17
   11.57		5.0204e+17
   11.58		4.9823e+17
   11.59		4.9445e+17
   11.60		4.9069e+17
   11.61		4.8697e+17
   11.62		4.8327e+17
   11.63		4.7960e+17
   11.64		4.7595e+17
   11.65		4.7232e+17
   11.66		4.6873e+17
   11.67		4.6515e+17
   11.68		4.6160e+17
   11.69		4.5806e+17
   11.70		4.5455e+17
   11.71		4.5107e+17
   11.72		4.4760e+17
   11.73		4.4416e+17
   11.74		4.4073e+17
   11.75		4.3733e+17
   11.76		4.3395e+17
   11.77		4.3058e+17
   11.78		4.2724e+17
   11.79		4.2392e+17
   11.80		4.2061e+17
   11.81		4.1732e+17
   11.82		4.1405e+17
   11.83		4.1080e+17
   11.84		4.0757e+17
   11.85		4.0435e+17
   11.86		4.0115e+17
   11.87		3.9797e+17
   11.88		3.9481e+17
   11.89		3.9166e+17
   11.90		3.8852e+17
   11.91		3.8541e+17
   11.92		3.8231e+17
   11.93		3.7922e+17
   11.94		3.7616e+17
   11.95		3.7310e+17
   11.96		3.7006e+17
   11.97		3.6704e+17
   11.98		3.6403e+17
   11.99		3.6104e+17
   12.00		3.5806e+17
   12.01		3.5510e+17
   12.02		3.5215e+17
   12.03		3.4921e+17
   12.04		3.4629e+17
   12.05		3.4338e+17
   12.06		3.4048e+17
   12.07		3.3759e+17
   12.08		3.3472e+17
   12.09		3.3186e+17
   12.10		3.2901e+17
   12.11		3.2618e+17
   12.12		3.2336e+17
   12.13		3.2055e+17
   12.14		3.1776e+17
   12.15		3.1497e+17
   12.16		3.1221e+17
   12.17		3.0945e+17
   12.18		3.0671e+17
   12.19		3.0399e+17
   12.20		3.0128e+17
   12.21		2.9858e+17
   12.22		2.9590e+17
   12.23		2.9323e+17
   12.24		2.9058e+17
   12.25		2.8794e+17
   12.26		2.8532e+17
   12.27		2.8272e+17
   12.28		2.8013e+17
   12.29		2.7756e+17
   12.30		2.7500e+17
   12.31		2.7246e+17
   12.32		2.6994e+17
   12.33		2.6744e+17
   12.34		2.6495e+17
   12.35		2.6248e+17
   12.36		2.6003e+17
   12.37		2.5760e+17
   12.38		2.5519e+17
   12.39		2.5280e+17
   12.40		2.5042e+17
   12.41		2.4807e+17
   12.42		2.4573e+17
   12.43		2.4342e+17
   12.44		2.4112e+17
   12.45		2.3885e+17
   12.46		2.3659e+17
   12.47		2.3436e+17
   12.48		2.3215e+17
   12.49		2.2996e+17
   12.50		2.2779e+17
   12.51		2.2564e+17
   12.52		2.2351e+17
   12.53		2.2140e+17
   12.54		2.1932e+17
   12.55		2.1725e+17
   12.56		2.1521e+17
   12.57		2.1319e+17
   12.58		2.1120e+17
   12.59		2.0922e+17
   12.60		2.0727e+17
   12.61		2.0534e+17
   12.62		2.0343e+17
   12.63		2.0154e+17
   12.64		1.9968e+17
   12.65		1.9784e+17
   12.66		1.9602e+17
   12.67		1.9422e+17
   12.68		1.9245e+17
   12.69		1.9070e+17
   12.70		1.8897e+17
   12.71		1.8727e+17
   12.72		1.8559e+17
   12.73		1.8393e+17
   12.74		1.8229e+17
   12.75		1.8068e+17
   12.76		1.7909e+17
   12.77		1.7752e+17
   12.78		1.7597e+17
   12.79		1.7445e+17
   12.80		1.7294e+17
   12.81		1.7146e+17
   12.82		1.7000e+17
   12.83		1.6857e+17
   12.84		1.6715e+17
   12.85		1.6575e+17
   12.86		1.6438e+17
   12.87		1.6303e+17
   12.88		1.6170e+17
   12.89		1.6038e+17
   12.90		1.5909e+17
   12.91		1.5782e+17
   12.92		1.5657e+17
   12.93		1.5534e+17
   12.94		1.5413e+17
   12.95		1.5294e+17
   12.96		1.5176e+17
   12.97		1.5061e+17
   12.98		1.4947e+17
   12.99		1.4835e+17
   13.00		1.4725e+17
   13.01		1.4617e+17
   13.02		1.4510e+17
   13.03		1.4405e+17
   13.04		1.4302e+17
   13.05		1.4200e+17
   13.06		1.4101e+17
   13.07		1.4002e+17
   13.08		1.3906e+17
   13.09		1.3811e+17
   13.10		1.3717e+17
   13.11		1.3625e+17
   13.12		1.3535e+17
   13.13		1.3446e+17
   13.14		1.3359e+17
   13.15		1.3273e+17
   13.16		1.3188e+17
   13.17		1.3105e+17
   13.18		1.3024e+17
   13.19		1.2944e+17
   13.20		1.2865e+17
   13.21		1.2787e+17
   13.22		1.2711e+17
   13.23		1.2636e+17
   13.24		1.2563e+17
   13.25		1.2491e+17
   13.26		1.2420e+17
   13.27		1.2350e+17
   13.28		1.2281e+17
   13.29		1.2213e+17
   13.30		1.2147e+17
   13.31		1.2082e+17
   13.32		1.2017e+17
   13.33		1.1954e+17
   13.34		1.1892e+17
   13.35		1.1831e+17
   13.36		1.1772e+17
   13.37		1.1713e+17
   13.38		1.1655e+17
   13.39		1.1598e+17
   13.40		1.1543e+17
   13.41		1.1488e+17
   13.42		1.1434e+17
   13.43		1.1382e+17
   13.44		1.1330e+17
   13.45		1.1279e+17
   13.46		1.1229e+17
   13.47		1.1180e+17
   13.48		1.1132e+17
   13.49		1.1085e+17
   13.50		1.1039e+17
   13.51		1.0994e+17
   13.52		1.0949e+17
   13.53		1.0905e+17
   13.54		1.0863e+17
   13.55		1.0820e+17
   13.56		1.0779e+17
   13.57		1.0739e+17
   13.58		1.0699e+17
   13.59		1.0660e+17
   13.60		1.0622e+17
   13.61		1.0584e+17
   13.62		1.0547e+17
   13.63		1.0511e+17
   13.64		1.0476e+17
   13.65		1.0441e+17
   13.66		1.0406e+17
   13.67		1.0372e+17
   13.68		1.0339e+17
   13.69		1.0306e+17
   13.70		1.0274e+17
   13.71		1.0243e+17
   13.72		1.0212e+17
   13.73		1.0181e+17
   13.74		1.0151e+17
   13.75		1.0121e+17
   13.76		1.0092e+17
   13.77		1.0063e+17
   13.78		1.0035e+17
   13.79		1.0007e+17
   13.80		9.9795e+16
   13.81		9.9525e+16
   13.82		9.9258e+16
   13.83		9.8994e+16
   13.84		9.8734e+16
   13.85		9.8478e+16
   13.86		9.8224e+16
   13.87		9.7974e+16
   13.88		9.7726e+16
   13.89		9.7482e+16
   13.90		9.7239e+16
   13.91		9.7000e+16
   13.92		9.6762e+16
   13.93		9.6527e+16
   13.94		9.6293e+16
   13.95		9.6062e+16
   13.96		9.5832e+16
   13.97		9.5604e+16
   13.98		9.5377e+16
   13.99		9.5151e+16
   14.00		9.4926e+16
   14.01		9.4703e+16
   14.02		9.4480e+16
   14.03		9.4258e+16
   14.04		9.4037e+16
   14.05		9.3816e+16
   14.06		9.3596e+16
   14.07		9.3376e+16
   14.08		9.3156e+16
   14.09		9.2937e+16
   14.10		9.2717e+16
   14.11		9.2498e+16
   14.12		9.2278e+16
   14.13		9.2059e+16
   14.14		9.1839e+16
   14.15		9.1619e+16
   14.16		9.1399e+16
   14.17		9.1178e+16
   14.18		9.0957e+16
   14.19		9.0736e+16
   14.20		9.0513e+16
   14.21		9.0291e+16
   14.22		9.0067e+16
   14.23		8.9843e+16
   14.24		8.9617e+16
   14.25		8.9391e+16
   14.26		8.9164e+16
   14.27		8.8937e+16
   14.28		8.8708e+16
   14.29		8.8478e+16
   14.30		8.8247e+16
   14.31		8.8016e+16
   14.32		8.7783e+16
   14.33		8.7549e+16
   14.34		8.7314e+16
   14.35		8.7078e+16
   14.36		8.6841e+16
   14.37		8.6602e+16
   14.38		8.6363e+16
   14.39		8.6122e+16
   14.40		8.5881e+16
   14.41		8.5638e+16
   14.42		8.5394e+16
   14.43		8.5149e+16
   14.44		8.4902e+16
   14.45		8.4655e+16
   14.46		8.4407e+16
   14.47		8.4157e+16
   14.48		8.3907e+16
   14.49		8.3655e+16
   14.50		8.3403e+16
   14.51		8.3149e+16
   14.52		8.2895e+16
   14.53		8.2639e+16
   14.54		8.2383e+16
   14.55		8.2126e+16
   14.56		8.1868e+16
   14.57		8.1610e+16
   14.58		8.1351e+16
   14.59		8.1090e+16
   14.60		8.0829e+16
   14.61		8.0568e+16
   14.62		8.0305e+16
   14.63		8.0042e+16
   14.64		7.9778e+16
   14.65		7.9513e+16
   14.66		7.9248e+16
   14.67		7.8981e+16
   14.68		7.8715e+16
   14.69		7.8447e+16
   14.70		7.8179e+16
   14.71		7.7910e+16
   14.72		7.7640e+16
   14.73		7.7370e+16
   14.74		7.7100e+16
   14.75		7.6829e+16
   14.76		7.6557e+16
   14.77		7.6285e+16
   14.78		7.6012e+16
   14.79		7.5739e+16
   14.80		7.5466e+16
   14.81		7.5192e+16
   14.82		7.4918e+16
   14.83		7.4643e+16
   14.84		7.4368e+16
   14.85		7.4094e+16
   14.86		7.3819e+16
   14.87		7.3544e+16
   14.88		7.3268e+16
   14.89		7.2993e+16
   14.90		7.2718e+16
   14.91		7.2443e+16
   14.92		7.2168e+16
   14.93		7.1893e+16
   14.94		7.1618e+16
   14.95		7.1344e+16
   14.96		7.1069e+16
   14.97		7.0796e+16
   14.98		7.0522e+16
   14.99		7.0249e+16
   15.00		6.9977e+16
   15.01		6.9705e+16
   15.02		6.9433e+16
   15.03		6.9162e+16
   15.04		6.8892e+16
   15.05		6.8623e+16
   15.06		6.8353e+16
   15.07		6.8085e+16
   15.08		6.7817e+16
   15.09		6.7550e+16
   15.10		6.7283e+16
   15.11		6.7017e+16
   15.12		6.6752e+16
   15.13		6.6487e+16
   15.14		6.6223e+16
   15.15		6.5959e+16
   15.16		6.5696e+16
   15.17		6.5434e+16
   15.18		6.5173e+16
   15.19		6.4912e+16
   15.20		6.4651e+16
   15.21		6.4391e+16
   15.22		6.4132e+16
   15.23		6.3874e+16
   15.24		6.3616e+16
   15.25		6.3359e+16
   15.26		6.3102e+16
   15.27		6.2846e+16
   15.28		6.2590e+16
   15.29		6.2336e+16
   15.30		6.2081e+16
   15.31		6.1828e+16
   15.32		6.1574e+16
   15.33		6.1322e+16
   15.34		6.1070e+16
   15.35		6.0818e+16
   15.36		6.0567e+16
   15.37		6.0316e+16
   15.38		6.0066e+16
   15.39		5.9816e+16
   15.40		5.9567e+16
   15.41		5.9318e+16
   15.42		5.9070e+16
   15.43		5.8821e+16
   15.44		5.8573e+16
   15.45		5.8325e+16
   15.46		5.8078e+16
   15.47		5.7831e+16
   15.48		5.7583e+16
   15.49		5.7336e+16
   15.50		5.7089e+16
   15.51		5.6843e+16
   15.52		5.6596e+16
   15.53		5.6349e+16
   15.54		5.6103e+16
   15.55		5.5856e+16
   15.56		5.5609e+16
   15.57		5.5363e+16
   15.58		5.5116e+16
   15.59		5.4870e+16
   15.60		5.4623e+16
   15.61		5.4376e+16
   15.62		5.4130e+16
   15.63		5.3884e+16
   15.64		5.3637e+16
   15.65		5.3391e+16
   15.66		5.3145e+16
   15.67		5.2899e+16
   15.68		5.2653e+16
   15.69		5.2407e+16
   15.70		5.2161e+16
   15.71		5.1915e+16
   15.72		5.1670e+16
   15.73		5.1424e+16
   15.74		5.1179e+16
   15.75		5.0934e+16
   15.76		5.0689e+16
   15.77		5.0444e+16
   15.78		5.0199e+16
   15.79		4.9955e+16
   15.80		4.9710e+16
   15.81		4.9466e+16
   15.82		4.9222e+16
   15.83		4.8978e+16
   15.84		4.8735e+16
   15.85		4.8491e+16
   15.86		4.8248e+16
   15.87		4.8005e+16
   15.88		4.7762e+16
   15.89		4.7519e+16
   15.90		4.7276e+16
   15.91		4.7034e+16
   15.92		4.6791e+16
   15.93		4.6550e+16
   15.94		4.6308e+16
   15.95		4.6066e+16
   15.96		4.5825e+16
   15.97		4.5584e+16
   15.98		4.5343e+16
   15.99		4.5102e+16
   16.00		4.4862e+16
   16.01		4.4622e+16
   16.02		4.4382e+16
   16.03		4.4142e+16
   16.04		4.3903e+16
   16.05		4.3663e+16
   16.06		4.3424e+16
   16.07		4.3186e+16
   16.08		4.2947e+16
   16.09		4.2709e+16
   16.10		4.2471e+16
   16.11		4.2233e+16
   16.12		4.1995e+16
   16.13		4.1758e+16
   16.14		4.1521e+16
   16.15		4.1284e+16
   16.16		4.1047e+16
   16.17		4.0810e+16
   16.18		4.0574e+16
   16.19		4.0338e+16
   16.20		4.0102e+16
   16.21		3.9866e+16
   16.22		3.9631e+16
   16.23		3.9396e+16
   16.24		3.9161e+16
   16.25		3.8927e+16
   16.26		3.8692e+16
   16.27		3.8459e+16
   16.28		3.8226e+16
   16.29		3.7993e+16
   16.30		3.7760e+16
   16.31		3.7529e+16
   16.32		3.7297e+16
   16.33		3.7066e+16
   16.34		3.6836e+16
   16.35		3.6606e+16
   16.36		3.6377e+16
   16.37		3.6148e+16
   16.38		3.5920e+16
   16.39		3.5693e+16
   16.40		3.5466e+16
   16.41		3.5240e+16
   16.42		3.5015e+16
   16.43		3.4790e+16
   16.44		3.4566e+16
   16.45		3.4343e+16
   16.46		3.4120e+16
   16.47		3.3898e+16
   16.48		3.3677e+16
   16.49		3.3457e+16
   16.50		3.3238e+16
   16.51		3.3019e+16
   16.52		3.2801e+16
   16.53		3.2584e+16
   16.54		3.2368e+16
   16.55		3.2153e+16
   16.56		3.1938e+16
   16.57		3.1725e+16
   16.58		3.1512e+16
   16.59		3.1300e+16
   16.60		3.1089e+16
   16.61		3.0880e+16
   16.62		3.0671e+16
   16.63		3.0463e+16
   16.64		3.0256e+16
   16.65		3.0050e+16
   16.66		2.9845e+16
   16.67		2.9641e+16
   16.68		2.9437e+16
   16.69		2.9235e+16
   16.70		2.9034e+16
   16.71		2.8835e+16
   16.72		2.8636e+16
   16.73		2.8438e+16
   16.74		2.8241e+16
   16.75		2.8045e+16
   16.76		2.7851e+16
   16.77		2.7657e+16
   16.78		2.7465e+16
   16.79		2.7273e+16
   16.80		2.7083e+16
   16.81		2.6894e+16
   16.82		2.6705e+16
   16.83		2.6518e+16
   16.84		2.6332e+16
   16.85		2.6147e+16
   16.86		2.5963e+16
   16.87		2.5781e+16
   16.88		2.5599e+16
   16.89		2.5419e+16
   16.90		2.5239e+16
   16.91		2.5061e+16
   16.92		2.4884e+16
   16.93		2.4708e+16
   16.94		2.4533e+16
   16.95		2.4359e+16
   16.96		2.4187e+16
   16.97		2.4015e+16
   16.98		2.3845e+16
   16.99		2.3675e+16
   17.00		2.3507e+16
   17.01		2.3340e+16
   17.02		2.3174e+16
   17.03		2.3009e+16
   17.04		2.2845e+16
   17.05		2.2682e+16
   17.06		2.2520e+16
   17.07		2.2360e+16
   17.08		2.2200e+16
   17.09		2.2041e+16
   17.10		2.1883e+16
   17.11		2.1726e+16
   17.12		2.1570e+16
   17.13		2.1415e+16
   17.14		2.1261e+16
   17.15		2.1108e+16
   17.16		2.0955e+16
   17.17		2.0804e+16
   17.18		2.0653e+16
   17.19		2.0503e+16
   17.20		2.0354e+16
   17.21		2.0206e+16
   17.22		2.0058e+16
   17.23		1.9911e+16
   17.24		1.9765e+16
   17.25		1.9619e+16
   17.26		1.9474e+16
   17.27		1.9330e+16
   17.28		1.9187e+16
   17.29		1.9044e+16
   17.30		1.8901e+16
   17.31		1.8759e+16
   17.32		1.8618e+16
   17.33		1.8477e+16
   17.34		1.8337e+16
   17.35		1.8197e+16
   17.36		1.8058e+16
   17.37		1.7919e+16
   17.38		1.7781e+16
   17.39		1.7643e+16
   17.40		1.7506e+16
   17.41		1.7369e+16
   17.42		1.7232e+16
   17.43		1.7096e+16
   17.44		1.6961e+16
   17.45		1.6826e+16
   17.46		1.6691e+16
   17.47		1.6557e+16
   17.48		1.6424e+16
   17.49		1.6290e+16
   17.50		1.6158e+16
   17.51		1.6025e+16
   17.52		1.5894e+16
   17.53		1.5762e+16
   17.54		1.5631e+16
   17.55		1.5501e+16
   17.56		1.5371e+16
   17.57		1.5241e+16
   17.58		1.5112e+16
   17.59		1.4983e+16
   17.60		1.4855e+16
   17.61		1.4727e+16
   17.62		1.4600e+16
   17.63		1.4473e+16
   17.64		1.4346e+16
   17.65		1.4220e+16
   17.66		1.4095e+16
   17.67		1.3969e+16
   17.68		1.3845e+16
   17.69		1.3720e+16
   17.70		1.3596e+16
   17.71		1.3473e+16
   17.72		1.3350e+16
   17.73		1.3227e+16
   17.74		1.3105e+16
   17.75		1.2983e+16
   17.76		1.2861e+16
   17.77		1.2740e+16
   17.78		1.2619e+16
   17.79		1.2499e+16
   17.80		1.2379e+16
   17.81		1.2259e+16
   17.82		1.2140e+16
   17.83		1.2022e+16
   17.84		1.1903e+16
   17.85		1.1785e+16
   17.86		1.1667e+16
   17.87		1.1550e+16
   17.88		1.1433e+16
   17.89		1.1317e+16
   17.90		1.1201e+16
   17.91		1.1085e+16
   17.92		1.0969e+16
   17.93		1.0854e+16
   17.94		1.0739e+16
   17.95		1.0625e+16
   17.96		1.0511e+16
   17.97		1.0397e+16
   17.98		1.0284e+16
   17.99		1.0171e+16
   18.00		1.0059e+16
   18.01		9.9463e+15
   18.02		9.8345e+15
   18.03		9.7230e+15
   18.04		9.6119e+15
   18.05		9.5012e+15
   18.06		9.3909e+15
   18.07		9.2812e+15
   18.08		9.1719e+15
   18.09		9.0631e+15
   18.10		8.9548e+15
   18.11		8.8470e+15
   18.12		8.7398e+15
   18.13		8.6332e+15
   18.14		8.5272e+15
   18.15		8.4218e+15
   18.16		8.3170e+15
   18.17		8.2128e+15
   18.18		8.1093e+15
   18.19		8.0065e+15
   18.20		7.9044e+15
   18.21		7.8029e+15
   18.22		7.7023e+15
   18.23		7.6023e+15
   18.24		7.5031e+15
   18.25		7.4047e+15
   18.26		7.3071e+15
   18.27		7.2103e+15
   18.28		7.1143e+15
   18.29		7.0192e+15
   18.30		6.9249e+15
   18.31		6.8314e+15
   18.32		6.7389e+15
   18.33		6.6472e+15
   18.34		6.5565e+15
   18.35		6.4666e+15
   18.36		6.3777e+15
   18.37		6.2897e+15
   18.38		6.2026e+15
   18.39		6.1165e+15
   18.40		6.0313e+15
   18.41		5.9471e+15
   18.42		5.8638e+15
   18.43		5.7815e+15
   18.44		5.7002e+15
   18.45		5.6198e+15
   18.46		5.5405e+15
   18.47		5.4621e+15
   18.48		5.3847e+15
   18.49		5.3083e+15
   18.50		5.2329e+15
   18.51		5.1585e+15
   18.52		5.0851e+15
   18.53		5.0126e+15
   18.54		4.9412e+15
   18.55		4.8707e+15
   18.56		4.8012e+15
   18.57		4.7327e+15
   18.58		4.6652e+15
   18.59		4.5986e+15
   18.60		4.5330e+15
   18.61		4.4683e+15
   18.62		4.4046e+15
   18.63		4.3418e+15
   18.64		4.2800e+15
   18.65		4.2191e+15
   18.66		4.1591e+15
   18.67		4.1000e+15
   18.68		4.0418e+15
   18.69		3.9845e+15
   18.70		3.9281e+15
   18.71		3.8725e+15
   18.72		3.8178e+15
   18.73		3.7639e+15
   18.74		3.7109e+15
   18.75		3.6586e+15
   18.76		3.6072e+15
   18.77		3.5565e+15
   18.78		3.5067e+15
   18.79		3.4576e+15
   18.80		3.4092e+15
   18.81		3.3615e+15
   18.82		3.3146e+15
   18.83		3.2683e+15
   18.84		3.2228e+15
   18.85		3.1779e+15
   18.86		3.1336e+15
   18.87		3.0899e+15
   18.88		3.0469e+15
   18.89		3.0044e+15
   18.90		2.9625e+15
   18.91		2.9211e+15
   18.92		2.8803e+15
   18.93		2.8399e+15
   18.94		2.8001e+15
   18.95		2.7607e+15
   18.96		2.7218e+15
   18.97		2.6833e+15
   18.98		2.6453e+15
   18.99		2.6077e+15
   19.00		2.5705e+15
   19.01		2.5336e+15
   19.02		2.4972e+15
   19.03		2.4611e+15
   19.04		2.4255e+15
   19.05		2.3902e+15
   19.06		2.3553e+15
   19.07		2.3208e+15
   19.08		2.2867e+15
   19.09		2.2530e+15
   19.10		2.2196e+15
   19.11		2.1866e+15
   19.12		2.1540e+15
   19.13		2.1218e+15
   19.14		2.0900e+15
   19.15		2.0585e+15
   19.16		2.0274e+15
   19.17		1.9966e+15
   19.18		1.9663e+15
   19.19		1.9363e+15
   19.20		1.9066e+15
   19.21		1.8774e+15
   19.22		1.8485e+15
   19.23		1.8199e+15
   19.24		1.7917e+15
   19.25		1.7639e+15
   19.26		1.7364e+15
   19.27		1.7092e+15
   19.28		1.6824e+15
   19.29		1.6560e+15
   19.30		1.6299e+15
   19.31		1.6041e+15
   19.32		1.5787e+15
   19.33		1.5536e+15
   19.34		1.5288e+15
   19.35		1.5044e+15
   19.36		1.4803e+15
   19.37		1.4565e+15
   19.38		1.4331e+15
   19.39		1.4100e+15
   19.40		1.3872e+15
   19.41		1.3647e+15
   19.42		1.3426e+15
   19.43		1.3208e+15
   19.44		1.2992e+15
   19.45		1.2780e+15
   19.46		1.2571e+15
   19.47		1.2365e+15
   19.48		1.2162e+15
   19.49		1.1962e+15
   19.50		1.1765e+15
   19.51		1.1571e+15
   19.52		1.1380e+15
   19.53		1.1192e+15
   19.54		1.1007e+15
   19.55		1.0824e+15
   19.56		1.0644e+15
   19.57		1.0467e+15
   19.58		1.0293e+15
   19.59		1.0121e+15
   19.60		9.9524e+14
   19.61		9.7862e+14
   19.62		9.6225e+14
   19.63		9.4614e+14
   19.64		9.3029e+14
   19.65		9.1468e+14
   19.66		8.9932e+14
   19.67		8.8421e+14
   19.68		8.6933e+14
   19.69		8.5470e+14
   19.70		8.4029e+14
   19.71		8.2611e+14
   19.72		8.1216e+14
   19.73		7.9843e+14
   19.74		7.8492e+14
   19.75		7.7162e+14
   19.76		7.5853e+14
   19.77		7.4565e+14
   19.78		7.3297e+14
   19.79		7.2048e+14
   19.80		7.0819e+14
   19.81		6.9609e+14
   19.82		6.8418e+14
   19.83		6.7244e+14
   19.84		6.6089e+14
   19.85		6.4951e+14
   19.86		6.3830e+14
   19.87		6.2726e+14
   19.88		6.1638e+14
   19.89		6.0566e+14
   19.90		5.9510e+14
   19.91		5.8470e+14
   19.92		5.7444e+14
   19.93		5.6432e+14
   19.94		5.5435e+14
   19.95		5.4452e+14
   19.96		5.3481e+14
   19.97		5.2524e+14
   19.98		5.1580e+14
   19.99		5.0647e+14
   20.00		4.9727e+14
   20.01		4.8818e+14
   20.02		4.7921e+14
   20.03		4.7035e+14
   20.04		4.6160e+14
   20.05		4.5297e+14
   20.06		4.4445e+14
   20.07		4.3605e+14
   20.08		4.2775e+14
   20.09		4.1957e+14
   20.10		4.1150e+14
   20.11		4.0355e+14
   20.12		3.9570e+14
   20.13		3.8797e+14
   20.14		3.8034e+14
   20.15		3.7282e+14
   20.16		3.6542e+14
   20.17		3.5812e+14
   20.18		3.5093e+14
   20.19		3.4384e+14
   20.20		3.3687e+14
   20.21		3.3000e+14
   20.22		3.2323e+14
   20.23		3.1658e+14
   20.24		3.1002e+14
   20.25		3.0357e+14
   20.26		2.9722e+14
   20.27		2.9097e+14
   20.28		2.8483e+14
   20.29		2.7878e+14
   20.30		2.7283e+14
   20.31		2.6699e+14
   20.32		2.6123e+14
   20.33		2.5558e+14
   20.34		2.5002e+14
   20.35		2.4456e+14
   20.36		2.3919e+14
   20.37		2.3391e+14
   20.38		2.2873e+14
   20.39		2.2363e+14
   20.40		2.1863e+14
   20.41		2.1372e+14
   20.42		2.0889e+14
   20.43		2.0416e+14
   20.44		1.9951e+14
   20.45		1.9494e+14
   20.46		1.9046e+14
   20.47		1.8607e+14
   20.48		1.8175e+14
   20.49		1.7752e+14
   20.50		1.7337e+14
   20.51		1.6930e+14
   20.52		1.6531e+14
   20.53		1.6139e+14
   20.54		1.5755e+14
   20.55		1.5379e+14
   20.56		1.5010e+14
   20.57		1.4649e+14
   20.58		1.4295e+14
   20.59		1.3948e+14
   20.60		1.3608e+14
   20.61		1.3275e+14
   20.62		1.2949e+14
   20.63		1.2629e+14
   20.64		1.2316e+14
   20.65		1.2010e+14
   20.66		1.1710e+14
   20.67		1.1416e+14
   20.68		1.1129e+14
   20.69		1.0847e+14
   20.70		1.0572e+14
   20.71		1.0302e+14
   20.72		1.0038e+14
   20.73		9.7797e+13
   20.74		9.5269e+13
   20.75		9.2795e+13
   20.76		9.0375e+13
   20.77		8.8008e+13
   20.78		8.5693e+13
   20.79		8.3428e+13
   20.80		8.1214e+13
   20.81		7.9049e+13
   20.82		7.6931e+13
   20.83		7.4862e+13
   20.84		7.2838e+13
   20.85		7.0860e+13
   20.86		6.8926e+13
   20.87		6.7036e+13
   20.88		6.5189e+13
   20.89		6.3383e+13
   20.90		6.1618e+13
   20.91		5.9893e+13
   20.92		5.8206e+13
   20.93		5.6558e+13
   20.94		5.4946e+13
   20.95		5.3371e+13
   20.96		5.1831e+13
   20.97		5.0324e+13
   20.98		4.8851e+13
   20.99		4.7410e+13
   21.00		4.6001e+13
   21.01		4.4622e+13
   21.02		4.3272e+13
   21.03		4.1953e+13
   21.04		4.0662e+13
   21.05		3.9399e+13
   21.06		3.8165e+13
   21.07		3.6958e+13
   21.08		3.5779e+13
   21.09		3.4626e+13
   21.10		3.3499e+13
   21.11		3.2398e+13
   21.12		3.1323e+13
   21.13		3.0272e+13
   21.14		2.9246e+13
   21.15		2.8244e+13
   21.16		2.7266e+13
   21.17		2.6310e+13
   21.18		2.5377e+13
   21.19		2.4467e+13
   21.20		2.3578e+13
   21.21		2.2710e+13
   21.22		2.1864e+13
   21.23		2.1038e+13
   21.24		2.0234e+13
   21.25		1.9449e+13
   21.26		1.8685e+13
   21.27		1.7941e+13
   21.28		1.7216e+13
   21.29		1.6511e+13
   21.30		1.5825e+13
   21.31		1.5158e+13
   21.32		1.4510e+13
   21.33		1.3881e+13
   21.34		1.3269e+13
   21.35		1.2676e+13
   21.36		1.2100e+13
   21.37		1.1542e+13
   21.38		1.1001e+13
   21.39		1.0477e+13
   21.40		9.9694e+12
   21.41		9.4786e+12
   21.42		9.0039e+12
   21.43		8.5453e+12
   21.44		8.1023e+12
   21.45		7.6748e+12
   21.46		7.2624e+12
   21.47		6.8649e+12
   21.48		6.4821e+12
   21.49		6.1137e+12
   21.50		5.7594e+12
   21.51		5.4190e+12
   21.52		5.0922e+12
   21.53		4.7786e+12
   21.54		4.4782e+12
   21.55		4.1905e+12
   21.56		3.9153e+12
   21.57		3.6524e+12
   21.58		3.4015e+12
   21.59		3.1622e+12
   21.60		2.9344e+12
   21.61		2.7178e+12
   21.62		2.5120e+12
   21.63		2.3169e+12
   21.64		2.1321e+12
   21.65		1.9573e+12
   21.66		1.7924e+12
   21.67		1.6369e+12
   21.68		1.4907e+12
   21.69		1.3534e+12
   21.70		1.2248e+12
   21.71		1.1046e+12
   21.72		9.9250e+11
   21.73		8.8825e+11
   21.74		7.9154e+11
   21.75		7.0211e+11
   21.76		6.1967e+11
   21.77		5.4393e+11
   21.78		4.7463e+11
   21.79		4.1146e+11
   21.80		3.5416e+11
   21.81		3.0243e+11
   21.82		2.5600e+11
   21.83		2.1458e+11
   21.84		1.7787e+11
   21.85		1.4561e+11
   21.86		1.1750e+11
   21.87		9.3265e+10
   21.88		7.2608e+10
   21.89		5.5249e+10
   21.90		4.0901e+10
   21.91		2.9278e+10
   21.92		2.0094e+10
   21.93		1.3062e+10
   21.94		7.8947e+09
   21.95		4.3063e+09
   21.96		2.0097e+09
   21.97		7.1775e+08
   21.98		1.4355e+08
   21.99		0.0000e+00
   22.00		0.0000e+00
   22.01		0.0000e+00
   22.02		0.0000e+00
   22.03		0.0000e+00
   22.04		0.0000e+00
   22.05		0.0000e+00
   22.06		0.0000e+00
   22.07		0.0000e+00
   22.08		0.0000e+00
   22.09		0.0000e+00
   22.10		0.0000e+00
   22.11		0.0000e+00
   22.12		0.0000e+00
   22.13		0.0000e+00
   22.14		0.0000e+00
   22.15		0.0000e+00
   22.16		0.0000e+00
   22.17		0.0000e+00
   22.18		0.0000e+00
   22.19		0.0000e+00
   22.20		0.0000e+00
   22.21		0.0000e+00
   22.22		0.0000e+00
   22.23		0.0000e+00
   22.24		0.0000e+00
   22.25		0.0000e+00
   22.26		0.0000e+00
   22.27		0.0000e+00
   22.28		0.0000e+00
   22.29		0.0000e+00
   22.30		0.0000e+00
   22.31		0.0000e+00
   22.32		0.0000e+00
   22.33		0.0000e+00
   22.34		0.0000e+00
   22.35		0.0000e+00
   22.36		0.0000e+00
   22.37		0.0000e+00
   22.38		0.0000e+00
   22.39		0.0000e+00
   22.40		0.0000e+00
   22.41		0.0000e+00
   22.42		0.0000e+00
   22.43		0.0000e+00
   22.44		0.0000e+00
   22.45		0.0000e+00
   22.46		0.0000e+00
   22.47		0.0000e+00
   22.48		0.0000e+00
   22.49		0.0000e+00
   22.50		0.0000e+00
   22.51		0.0000e+00
   22.52		0.0000e+00
   22.53		0.0000e+00
   22.54		0.0000e+00
   22.55		0.0000e+00
   22.56		0.0000e+00
   22.57		0.0000e+00
   22.58		0.0000e+00
   22.59		0.0000e+00
   22.60		0.0000e+00
   22.61		0.0000e+00
   22.62		0.0000e+00
   22.63		0.0000e+00
   22.64		0.0000e+00
   22.65		0.0000e+00
   22.66		0.0000e+00
   22.67		0.0000e+00
   22.68		0.0000e+00
   22.69		0.0000e+00
   22.70		0.0000e+00
   22.71		0.0000e+00
   22.72		0.0000e+00
   22.73		0.0000e+00
   22.74		0.0000e+00
   22.75		0.0000e+00
   22.76		0.0000e+00
   22.77		0.0000e+00
   22.78		0.0000e+00
   22.79		0.0000e+00
   22.80		0.0000e+00
   22.81		0.0000e+00
   22.82		0.0000e+00
   22.83		0.0000e+00
   22.84		0.0000e+00
   22.85		0.0000e+00
   22.86		0.0000e+00
   22.87		0.0000e+00
   22.88		0.0000e+00
   22.89		0.0000e+00
   22.90		0.0000e+00
   22.91		0.0000e+00
   22.92		0.0000e+00
   22.93		0.0000e+00
   22.94		0.0000e+00
   22.95		0.0000e+00
   22.96		0.0000e+00
   22.97		0.0000e+00
   22.98		0.0000e+00
   22.99		0.0000e+00
   23.00		0.0000e+00
   23.01		0.0000e+00
   23.02		0.0000e+00
   23.03		0.0000e+00
   23.04		0.0000e+00
   23.05		0.0000e+00
   23.06		0.0000e+00
   23.07		0.0000e+00
   23.08		0.0000e+00
   23.09		0.0000e+00
   23.10		0.0000e+00
   23.11		0.0000e+00
   23.12		0.0000e+00
   23.13		0.0000e+00
   23.14		0.0000e+00
   23.15		0.0000e+00
   23.16		0.0000e+00
   23.17		0.0000e+00
   23.18		0.0000e+00
   23.19		0.0000e+00
   23.20		0.0000e+00
   23.21		0.0000e+00
   23.22		0.0000e+00
   23.23		0.0000e+00
   23.24		0.0000e+00
   23.25		0.0000e+00
   23.26		0.0000e+00
   23.27		0.0000e+00
   23.28		0.0000e+00
   23.29		0.0000e+00
   23.30		0.0000e+00
   23.31		0.0000e+00
   23.32		0.0000e+00
   23.33		0.0000e+00
   23.34		0.0000e+00
   23.35		0.0000e+00
   23.36		0.0000e+00
   23.37		0.0000e+00
   23.38		0.0000e+00
   23.39		0.0000e+00
   23.40		0.0000e+00
   23.41		0.0000e+00
   23.42		0.0000e+00
   23.43		0.0000e+00
   23.44		0.0000e+00
   23.45		0.0000e+00
   23.46		0.0000e+00
   23.47		0.0000e+00
   23.48		0.0000e+00
   23.49		0.0000e+00
   23.50		0.0000e+00
   23.51		0.0000e+00
   23.52		0.0000e+00
   23.53		0.0000e+00
   23.54		0.0000e+00
   23.55		0.0000e+00
   23.56		0.0000e+00
   23.57		0.0000e+00
   23.58		0.0000e+00
   23.59		0.0000e+00
   23.60		0.0000e+00
   23.61		0.0000e+00
   23.62		0.0000e+00
   23.63		0.0000e+00
   23.64		0.0000e+00
   23.65		0.0000e+00
   23.66		0.0000e+00
   23.67		0.0000e+00
   23.68		0.0000e+00
   23.69		0.0000e+00
   23.70		0.0000e+00
   23.71		0.0000e+00
   23.72		0.0000e+00
   23.73		0.0000e+00
   23.74		0.0000e+00
   23.75		0.0000e+00
   23.76		0.0000e+00
   23.77		0.0000e+00
   23.78		0.0000e+00
   23.79		0.0000e+00
   23.80		0.0000e+00
   23.81		0.0000e+00
   23.82		0.0000e+00
   23.83		0.0000e+00
   23.84		0.0000e+00
   23.85		0.0000e+00
   23.86		0.0000e+00
   23.87		0.0000e+00
   23.88		0.0000e+00
   23.89		0.0000e+00
   23.90		0.0000e+00
   23.91		0.0000e+00
   23.92		0.0000e+00
   23.93		0.0000e+00
   23.94		0.0000e+00
   23.95		0.0000e+00
   23.96		0.0000e+00
   23.97		0.0000e+00
   23.98		0.0000e+00
   23.99		0.0000e+00
   24.00		0.0000e+00
   24.01		0.0000e+00
   24.02		0.0000e+00
   24.03		0.0000e+00
   24.04		0.0000e+00
   24.05		0.0000e+00
   24.06		0.0000e+00
   24.07		0.0000e+00
   24.08		0.0000e+00
   24.09		0.0000e+00
   24.10		0.0000e+00
   24.11		0.0000e+00
   24.12		0.0000e+00
   24.13		0.0000e+00
   24.14		0.0000e+00
   24.15		0.0000e+00
   24.16		0.0000e+00
   24.17		0.0000e+00
   24.18		0.0000e+00
   24.19		0.0000e+00
   24.20		0.0000e+00
   24.21		0.0000e+00
   24.22		0.0000e+00
   24.23		0.0000e+00
   24.24		0.0000e+00
   24.25		0.0000e+00
   24.26		0.0000e+00
   24.27		0.0000e+00
   24.28		0.0000e+00
   24.29		0.0000e+00
   24.30		0.0000e+00
   24.31		0.0000e+00
   24.32		0.0000e+00
   24.33		0.0000e+00
   24.34		0.0000e+00
   24.35		0.0000e+00
   24.36		0.0000e+00
   24.37		0.0000e+00
   24.38		0.0000e+00
   24.39		0.0000e+00
   24.40		0.0000e+00
   24.41		0.0000e+00
   24.42		0.0000e+00
   24.43		0.0000e+00
   24.44		0.0000e+00
   24.45		0.0000e+00
   24.46		0.0000e+00
   24.47		0.0000e+00
   24.48		0.0000e+00
   24.49		0.0000e+00
   24.50		0.0000e+00
   24.51		0.0000e+00
   24.52		0.0000e+00
   24.53		0.0000e+00
   24.54		0.0000e+00
   24.55		0.0000e+00
   24.56		0.0000e+00
   24.57		0.0000e+00
   24.58		0.0000e+00
   24.59		0.0000e+00
   24.60		0.0000e+00
   24.61		0.0000e+00
   24.62		0.0000e+00
   24.63		0.0000e+00
   24.64		0.0000e+00
   24.65		0.0000e+00
   24.66		0.0000e+00
   24.67		0.0000e+00
   24.68		0.0000e+00
   24.69		0.0000e+00
   24.70		0.0000e+00
   24.71		0.0000e+00
   24.72		0.0000e+00
   24.73		0.0000e+00
   24.74		0.0000e+00
   24.75		0.0000e+00
   24.76		0.0000e+00
   24.77		0.0000e+00
   24.78		0.0000e+00
   24.79		0.0000e+00
   24.80		0.0000e+00
   24.81		0.0000e+00
   24.82		0.0000e+00
   24.83		0.0000e+00
   24.84		0.0000e+00
   24.85		0.0000e+00
   24.86		0.0000e+00
   24.87		0.0000e+00
   24.88		0.0000e+00
   24.89		0.0000e+00
   24.90		0.0000e+00
   24.91		0.0000e+00
   24.92		0.0000e+00
   24.93		0.0000e+00
   24.94		0.0000e+00
   24.95		0.0000e+00
   24.96		0.0000e+00
   24.97		0.0000e+00
   24.98		0.0000e+00
   24.99		0.0000e+00
   25.00		0.0000e+00
   25.01		0.0000e+00
   25.02		0.0000e+00
   25.03		0.0000e+00
   25.04		0.0000e+00
   25.05		0.0000e+00
   25.06		0.0000e+00
   25.07		0.0000e+00
   25.08		0.0000e+00
   25.09		0.0000e+00
   25.10		0.0000e+00
   25.11		0.0000e+00
   25.12		0.0000e+00
   25.13		0.0000e+00
   25.14		0.0000e+00
   25.15		0.0000e+00
   25.16		0.0000e+00
   25.17		0.0000e+00
   25.18		0.0000e+00
   25.19		0.0000e+00
   25.20		0.0000e+00
   25.21		0.0000e+00
   25.22		0.0000e+00
   25.23		0.0000e+00
   25.24		0.0000e+00
   25.25		0.0000e+00
   25.26		0.0000e+00
   25.27		0.0000e+00
   25.28		0.0000e+00
   25.29		0.0000e+00
   25.30		0.0000e+00
   25.31		0.0000e+00
   25.32		0.0000e+00
   25.33		0.0000e+00
   25.34		0.0000e+00
   25.35		0.0000e+00
   25.36		0.0000e+00
   25.37		0.0000e+00
   25.38		0.0000e+00
   25.39		0.0000e+00
   25.40		0.0000e+00
   25.41		0.0000e+00
   25.42		0.0000e+00
   25.43		0.0000e+00
   25.44		0.0000e+00
   25.45		0.0000e+00
   25.46		0.0000e+00
   25.47		0.0000e+00
   25.48		0.0000e+00
   25.49		0.0000e+00
   25.50		0.0000e+00
   25.51		0.0000e+00
   25.52		0.0000e+00
   25.53		0.0000e+00
   25.54		0.0000e+00
   25.55		0.0000e+00
   25.56		0.0000e+00
   25.57		0.0000e+00
   25.58		0.0000e+00
   25.59		0.0000e+00
   25.60		0.0000e+00
   25.61		0.0000e+00
   25.62		0.0000e+00
   25.63		0.0000e+00
   25.64		0.0000e+00
   25.65		0.0000e+00
   25.66		0.0000e+00
   25.67		0.0000e+00
   25.68		0.0000e+00
   25.69		0.0000e+00
   25.70		0.0000e+00
   25.71		0.0000e+00
   25.72		0.0000e+00
   25.73		0.0000e+00
   25.74		0.0000e+00
   25.75		0.0000e+00
   25.76		0.0000e+00
   25.77		0.0000e+00
   25.78		0.0000e+00
   25.79		0.0000e+00
   25.80		0.0000e+00
   25.81		0.0000e+00
   25.82		0.0000e+00
   25.83		0.0000e+00
   25.84		0.0000e+00
   25.85		0.0000e+00
   25.86		0.0000e+00
   25.87		0.0000e+00
   25.88		0.0000e+00
   25.89		0.0000e+00
   25.90		0.0000e+00
   25.91		0.0000e+00
   25.92		0.0000e+00
   25.93		0.0000e+00
   25.94		0.0000e+00
   25.95		0.0000e+00
   25.96		0.0000e+00
   25.97		0.0000e+00
   25.98		0.0000e+00
   25.99		0.0000e+00
   26.00		0.0000e+00
   26.01		0.0000e+00
   26.02		0.0000e+00
   26.03		0.0000e+00
   26.04		0.0000e+00
   26.05		0.0000e+00
   26.06		0.0000e+00
   26.07		0.0000e+00
   26.08		0.0000e+00
   26.09		0.0000e+00
   26.10		0.0000e+00
   26.11		0.0000e+00
   26.12		0.0000e+00
   26.13		0.0000e+00
   26.14		0.0000e+00
   26.15		0.0000e+00
   26.16		0.0000e+00
   26.17		0.0000e+00
   26.18		0.0000e+00
   26.19		0.0000e+00
   26.20		0.0000e+00
   26.21		0.0000e+00
   26.22		0.0000e+00
   26.23		0.0000e+00
   26.24		0.0000e+00
   26.25		0.0000e+00
   26.26		0.0000e+00
   26.27		0.0000e+00
   26.28		0.0000e+00
   26.29		0.0000e+00
   26.30		0.0000e+00
   26.31		0.0000e+00
   26.32		0.0000e+00
   26.33		0.0000e+00
   26.34		0.0000e+00
   26.35		0.0000e+00
   26.36		0.0000e+00
   26.37		0.0000e+00
   26.38		0.0000e+00
   26.39		0.0000e+00
   26.40		0.0000e+00
   26.41		0.0000e+00
   26.42		0.0000e+00
   26.43		0.0000e+00
   26.44		0.0000e+00
   26.45		0.0000e+00
   26.46		0.0000e+00
   26.47		0.0000e+00
   26.48		0.0000e+00
   26.49		0.0000e+00
   26.50		0.0000e+00
   26.51		0.0000e+00
   26.52		0.0000e+00
   26.53		0.0000e+00
   26.54		0.0000e+00
   26.55		0.0000e+00
   26.56		0.0000e+00
   26.57		0.0000e+00
   26.58		0.0000e+00
   26.59		0.0000e+00
   26.60		0.0000e+00
   26.61		0.0000e+00
   26.62		0.0000e+00
   26.63		0.0000e+00
   26.64		0.0000e+00
   26.65		0.0000e+00
   26.66		0.0000e+00
   26.67		0.0000e+00
   26.68		0.0000e+00
   26.69		0.0000e+00
   26.70		0.0000e+00
   26.71		0.0000e+00
   26.72		0.0000e+00
   26.73		0.0000e+00
   26.74		0.0000e+00
   26.75		0.0000e+00
   26.76		0.0000e+00
   26.77		0.0000e+00
   26.78		0.0000e+00
   26.79		0.0000e+00
   26.80		0.0000e+00
   26.81		0.0000e+00
   26.82		0.0000e+00
   26.83		0.0000e+00
   26.84		0.0000e+00
   26.85		0.0000e+00
   26.86		0.0000e+00
   26.87		0.0000e+00
   26.88		0.0000e+00
   26.89		0.0000e+00
   26.90		0.0000e+00
   26.91		0.0000e+00
   26.92		0.0000e+00
   26.93		0.0000e+00
   26.94		0.0000e+00
   26.95		0.0000e+00
   26.96		0.0000e+00
   26.97		0.0000e+00
   26.98		0.0000e+00
   26.99		0.0000e+00
   27.00		0.0000e+00
   27.01		0.0000e+00
   27.02		0.0000e+00
   27.03		0.0000e+00
   27.04		0.0000e+00
   27.05		0.0000e+00
   27.06		0.0000e+00
   27.07		0.0000e+00
   27.08		0.0000e+00
   27.09		0.0000e+00
   27.10		0.0000e+00
   27.11		0.0000e+00
   27.12		0.0000e+00
   27.13		0.0000e+00
   27.14		0.0000e+00
   27.15		0.0000e+00
   27.16		0.0000e+00
   27.17		0.0000e+00
   27.18		0.0000e+00
   27.19		0.0000e+00
   27.20		0.0000e+00
   27.21		0.0000e+00
   27.22		0.0000e+00
   27.23		0.0000e+00
   27.24		0.0000e+00
   27.25		0.0000e+00
   27.26		0.0000e+00
   27.27		0.0000e+00
   27.28		0.0000e+00
   27.29		0.0000e+00
   27.30		0.0000e+00
   27.31		0.0000e+00
   27.32		0.0000e+00
   27.33		0.0000e+00
   27.34		0.0000e+00
   27.35		0.0000e+00
   27.36		0.0000e+00
   27.37		0.0000e+00
   27.38		0.0000e+00
   27.39		0.0000e+00
   27.40		0.0000e+00
   27.41		0.0000e+00
   27.42		0.0000e+00
   27.43		0.0000e+00
   27.44		0.0000e+00
   27.45		0.0000e+00
   27.46		0.0000e+00
   27.47		0.0000e+00
   27.48		0.0000e+00
   27.49		0.0000e+00
   27.50		0.0000e+00
   27.51		0.0000e+00
   27.52		0.0000e+00
   27.53		0.0000e+00
   27.54		0.0000e+00
   27.55		0.0000e+00
   27.56		0.0000e+00
   27.57		0.0000e+00
   27.58		0.0000e+00
   27.59		0.0000e+00
   27.60		0.0000e+00
   27.61		0.0000e+00
   27.62		0.0000e+00
   27.63		0.0000e+00
   27.64		0.0000e+00
   27.65		0.0000e+00
   27.66		0.0000e+00
   27.67		0.0000e+00
   27.68		0.0000e+00
   27.69		0.0000e+00
   27.70		0.0000e+00
   27.71		0.0000e+00
   27.72		0.0000e+00
   27.73		0.0000e+00
   27.74		0.0000e+00
   27.75		0.0000e+00
   27.76		0.0000e+00
   27.77		0.0000e+00
   27.78		0.0000e+00
   27.79		0.0000e+00
   27.80		0.0000e+00
   27.81		0.0000e+00
   27.82		0.0000e+00
   27.83		0.0000e+00
   27.84		0.0000e+00
   27.85		0.0000e+00
   27.86		0.0000e+00
   27.87		0.0000e+00
   27.88		0.0000e+00
   27.89		0.0000e+00
   27.90		0.0000e+00
   27.91		0.0000e+00
   27.92		0.0000e+00
   27.93		0.0000e+00
   27.94		0.0000e+00
   27.95		0.0000e+00
   27.96		0.0000e+00
   27.97		0.0000e+00
   27.98		0.0000e+00
   27.99		0.0000e+00
   28.00		0.0000e+00
   28.01		0.0000e+00
   28.02		0.0000e+00
   28.03		0.0000e+00
   28.04		0.0000e+00
   28.05		0.0000e+00
   28.06		0.0000e+00
   28.07		0.0000e+00
   28.08		0.0000e+00
   28.09		0.0000e+00
   28.10		0.0000e+00
   28.11		0.0000e+00
   28.12		0.0000e+00
   28.13		0.0000e+00
   28.14		0.0000e+00
   28.15		0.0000e+00
   28.16		0.0000e+00
   28.17		0.0000e+00
   28.18		0.0000e+00
   28.19		0.0000e+00
   28.20		0.0000e+00
   28.21		0.0000e+00
   28.22		0.0000e+00
   28.23		0.0000e+00
   28.24		0.0000e+00
   28.25		0.0000e+00
   28.26		0.0000e+00
   28.27		0.0000e+00
   28.28		0.0000e+00
   28.29		0.0000e+00
   28.30		0.0000e+00
   28.31		0.0000e+00
   28.32		0.0000e+00
   28.33		0.0000e+00
   28.34		0.0000e+00
   28.35		0.0000e+00
   28.36		0.0000e+00
   28.37		0.0000e+00
   28.38		0.0000e+00
   28.39		0.0000e+00
   28.40		0.0000e+00
   28.41		0.0000e+00
   28.42		0.0000e+00
   28.43		0.0000e+00
   28.44		0.0000e+00
   28.45		0.0000e+00
   28.46		0.0000e+00
   28.47		0.0000e+00
   28.48		0.0000e+00
   28.49		0.0000e+00
   28.50		0.0000e+00
   28.51		0.0000e+00
   28.52		0.0000e+00
   28.53		0.0000e+00
   28.54		0.0000e+00
   28.55		0.0000e+00
   28.56		0.0000e+00
   28.57		0.0000e+00
   28.58		0.0000e+00
   28.59		0.0000e+00
   28.60		0.0000e+00
   28.61		0.0000e+00
   28.62		0.0000e+00
   28.63		0.0000e+00
   28.64		0.0000e+00
   28.65		0.0000e+00
   28.66		0.0000e+00
   28.67		0.0000e+00
   28.68		0.0000e+00
   28.69		0.0000e+00
   28.70		0.0000e+00
   28.71		0.0000e+00
   28.72		0.0000e+00
   28.73		0.0000e+00
   28.74		0.0000e+00
   28.75		0.0000e+00
   28.76		0.0000e+00
   28.77		0.0000e+00
   28.78		0.0000e+00
   28.79		0.0000e+00
   28.80		0.0000e+00
   28.81		0.0000e+00
   28.82		0.0000e+00
   28.83		0.0000e+00
   28.84		0.0000e+00
   28.85		0.0000e+00
   28.86		0.0000e+00
   28.87		0.0000e+00
   28.88		0.0000e+00
   28.89		0.0000e+00
   28.90		0.0000e+00
   28.91		0.0000e+00
   28.92		0.0000e+00
   28.93		0.0000e+00
   28.94		0.0000e+00
   28.95		0.0000e+00
   28.96		0.0000e+00
   28.97		0.0000e+00
   28.98		0.0000e+00
   28.99		0.0000e+00
   29.00		0.0000e+00
   29.01		0.0000e+00
   29.02		0.0000e+00
   29.03		0.0000e+00
   29.04		0.0000e+00
   29.05		0.0000e+00
   29.06		0.0000e+00
   29.07		0.0000e+00
   29.08		0.0000e+00
   29.09		0.0000e+00
   29.10		0.0000e+00
   29.11		0.0000e+00
   29.12		0.0000e+00
   29.13		0.0000e+00
   29.14		0.0000e+00
   29.15		0.0000e+00
   29.16		0.0000e+00
   29.17		0.0000e+00
   29.18		0.0000e+00
   29.19		0.0000e+00
   29.20		0.0000e+00
   29.21		0.0000e+00
   29.22		0.0000e+00
   29.23		0.0000e+00
   29.24		0.0000e+00
   29.25		0.0000e+00
   29.26		0.0000e+00
   29.27		0.0000e+00
   29.28		0.0000e+00
   29.29		0.0000e+00
   29.30		0.0000e+00
   29.31		0.0000e+00
   29.32		0.0000e+00
   29.33		0.0000e+00
   29.34		0.0000e+00
   29.35		0.0000e+00
   29.36		0.0000e+00
   29.37		0.0000e+00
   29.38		0.0000e+00
   29.39		0.0000e+00
   29.40		0.0000e+00
   29.41		0.0000e+00
   29.42		0.0000e+00
   29.43		0.0000e+00
   29.44		0.0000e+00
   29.45		0.0000e+00
   29.46		0.0000e+00
   29.47		0.0000e+00
   29.48		0.0000e+00
   29.49		0.0000e+00
   29.50		0.0000e+00
   29.51		0.0000e+00
   29.52		0.0000e+00
   29.53		0.0000e+00
   29.54		0.0000e+00
   29.55		0.0000e+00
   29.56		0.0000e+00
   29.57		0.0000e+00
   29.58		0.0000e+00
   29.59		0.0000e+00
   29.60		0.0000e+00
   29.61		0.0000e+00
   29.62		0.0000e+00
   29.63		0.0000e+00
   29.64		0.0000e+00
   29.65		0.0000e+00
   29.66		0.0000e+00
   29.67		0.0000e+00
   29.68		0.0000e+00
   29.69		0.0000e+00
   29.70		0.0000e+00
   29.71		0.0000e+00
   29.72		0.0000e+00
   29.73		0.0000e+00
   29.74		0.0000e+00
   29.75		0.0000e+00
   29.76		0.0000e+00
   29.77		0.0000e+00
   29.78		0.0000e+00
   29.79		0.0000e+00
   29.80		0.0000e+00
   29.81		0.0000e+00
   29.82		0.0000e+00
   29.83		0.0000e+00
   29.84		0.0000e+00
   29.85		0.0000e+00
   29.86		0.0000e+00
   29.87		0.0000e+00
   29.88		0.0000e+00
   29.89		0.0000e+00
   29.90		0.0000e+00
   29.91		0.0000e+00
   29.92		0.0000e+00
   29.93		0.0000e+00
   29.94		0.0000e+00
   29.95		0.0000e+00
   29.96		0.0000e+00
   29.97		0.0000e+00
   29.98		0.0000e+00
   29.99		0.0000e+00
   30.00		0.0000e+00
   30.01		0.0000e+00
   30.02		0.0000e+00
   30.03		0.0000e+00
   30.04		0.0000e+00
   30.05		0.0000e+00
   30.06		0.0000e+00
   30.07		0.0000e+00
   30.08		0.0000e+00
   30.09		0.0000e+00
   30.10		0.0000e+00
   30.11		0.0000e+00
   30.12		0.0000e+00
   30.13		0.0000e+00
   30.14		0.0000e+00
   30.15		0.0000e+00
   30.16		0.0000e+00
   30.17		0.0000e+00
   30.18		0.0000e+00
   30.19		0.0000e+00
   30.20		0.0000e+00
   30.21		0.0000e+00
   30.22		0.0000e+00
   30.23		0.0000e+00
   30.24		0.0000e+00
   30.25		0.0000e+00
   30.26		0.0000e+00
   30.27		0.0000e+00
   30.28		0.0000e+00
   30.29		0.0000e+00
   30.30		0.0000e+00
   30.31		0.0000e+00
   30.32		0.0000e+00
   30.33		0.0000e+00
   30.34		0.0000e+00
   30.35		0.0000e+00
   30.36		0.0000e+00
   30.37		0.0000e+00
   30.38		0.0000e+00
   30.39		0.0000e+00
   30.40		0.0000e+00
   30.41		0.0000e+00
   30.42		0.0000e+00
   30.43		0.0000e+00
   30.44		0.0000e+00
   30.45		0.0000e+00
   30.46		0.0000e+00
   30.47		0.0000e+00
   30.48		0.0000e+00
   30.49		0.0000e+00
   30.50		0.0000e+00
   30.51		0.0000e+00
   30.52		0.0000e+00
   30.53		0.0000e+00
   30.54		0.0000e+00
   30.55		0.0000e+00
   30.56		0.0000e+00
   30.57		0.0000e+00
   30.58		0.0000e+00
   30.59		0.0000e+00
   30.60		0.0000e+00
   30.61		0.0000e+00
   30.62		0.0000e+00
   30.63		0.0000e+00
   30.64		0.0000e+00
   30.65		0.0000e+00
   30.66		0.0000e+00
   30.67		0.0000e+00
   30.68		0.0000e+00
   30.69		0.0000e+00
   30.70		0.0000e+00
   30.71		0.0000e+00
   30.72		0.0000e+00
   30.73		0.0000e+00
   30.74		0.0000e+00
   30.75		0.0000e+00
   30.76		0.0000e+00
   30.77		0.0000e+00
   30.78		0.0000e+00
   30.79		0.0000e+00
   30.80		0.0000e+00
   30.81		0.0000e+00
   30.82		0.0000e+00
   30.83		0.0000e+00
   30.84		0.0000e+00
   30.85		0.0000e+00
   30.86		0.0000e+00
   30.87		0.0000e+00
   30.88		0.0000e+00
   30.89		0.0000e+00
   30.90		0.0000e+00
   30.91		0.0000e+00
   30.92		0.0000e+00
   30.93		0.0000e+00
   30.94		0.0000e+00
   30.95		0.0000e+00
   30.96		0.0000e+00
   30.97		0.0000e+00
   30.98		0.0000e+00
   30.99		0.0000e+00
   31.00		0.0000e+00
   31.01		0.0000e+00
   31.02		0.0000e+00
   31.03		0.0000e+00
   31.04		0.0000e+00
   31.05		0.0000e+00
   31.06		0.0000e+00
   31.07		0.0000e+00
   31.08		0.0000e+00
   31.09		0.0000e+00
   31.10		0.0000e+00
   31.11		0.0000e+00
   31.12		0.0000e+00
   31.13		0.0000e+00
   31.14		0.0000e+00
   31.15		0.0000e+00
   31.16		0.0000e+00
   31.17		0.0000e+00
   31.18		0.0000e+00
   31.19		0.0000e+00
   31.20		0.0000e+00
   31.21		0.0000e+00
   31.22		0.0000e+00
   31.23		0.0000e+00
   31.24		0.0000e+00
   31.25		0.0000e+00
   31.26		0.0000e+00
   31.27		0.0000e+00
   31.28		0.0000e+00
   31.29		0.0000e+00
   31.30		0.0000e+00
   31.31		0.0000e+00
   31.32		0.0000e+00
   31.33		0.0000e+00
   31.34		0.0000e+00
   31.35		0.0000e+00
   31.36		0.0000e+00
   31.37		0.0000e+00
   31.38		0.0000e+00
   31.39		0.0000e+00
   31.40		0.0000e+00
   31.41		0.0000e+00
   31.42		0.0000e+00
   31.43		0.0000e+00
   31.44		0.0000e+00
   31.45		0.0000e+00
   31.46		0.0000e+00
   31.47		0.0000e+00
   31.48		0.0000e+00
   31.49		0.0000e+00
   31.50		0.0000e+00
