dt: 0.01
Time[s]     Moment_Rate [Nm]
    0.00		0.0000e+00
    0.01		2.2904e+12
    0.02		1.1450e+13
    0.03		3.2049e+13
    0.04		6.8650e+13
    0.05		1.2580e+14
    0.06		2.0801e+14
    0.07		3.1980e+14
    0.08		4.6563e+14
    0.09		6.4993e+14
    0.10		8.7711e+14
    0.11		1.1515e+15
    0.12		1.4775e+15
    0.13		1.8592e+15
    0.14		2.3010e+15
    0.15		2.8069e+15
    0.16		3.3810e+15
    0.17		4.0274e+15
    0.18		4.7500e+15
    0.19		5.5526e+15
    0.20		6.4391e+15
    0.21		7.4131e+15
    0.22		8.4783e+15
    0.23		9.6382e+15
    0.24		1.0896e+16
    0.25		1.2256e+16
    0.26		1.3720e+16
    0.27		1.5292e+16
    0.28		1.6975e+16
    0.29		1.8772e+16
    0.30		2.0685e+16
    0.31		2.2718e+16
    0.32		2.4872e+16
    0.33		2.7151e+16
    0.34		2.9557e+16
    0.35		3.2091e+16
    0.36		3.4756e+16
    0.37		3.7555e+16
    0.38		4.0488e+16
    0.39		4.3557e+16
    0.40		4.6764e+16
    0.41		5.0111e+16
    0.42		5.3598e+16
    0.43		5.7227e+16
    0.44		6.0999e+16
    0.45		6.4915e+16
    0.46		6.8975e+16
    0.47		7.3180e+16
    0.48		7.7530e+16
    0.49		8.2026e+16
    0.50		8.6667e+16
    0.51		9.1455e+16
    0.52		9.6388e+16
    0.53		1.0147e+17
    0.54		1.0669e+17
    0.55		1.1206e+17
    0.56		1.1757e+17
    0.57		1.2322e+17
    0.58		1.2902e+17
    0.59		1.3496e+17
    0.60		1.4103e+17
    0.61		1.4725e+17
    0.62		1.5360e+17
    0.63		1.6008e+17
    0.64		1.6670e+17
    0.65		1.7345e+17
    0.66		1.8033e+17
    0.67		1.8733e+17
    0.68		1.9446e+17
    0.69		2.0171e+17
    0.70		2.0908e+17
    0.71		2.1657e+17
    0.72		2.2417e+17
    0.73		2.3188e+17
    0.74		2.3970e+17
    0.75		2.4762e+17
    0.76		2.5565e+17
    0.77		2.6377e+17
    0.78		2.7199e+17
    0.79		2.8030e+17
    0.80		2.8869e+17
    0.81		2.9717e+17
    0.82		3.0573e+17
    0.83		3.1437e+17
    0.84		3.2308e+17
    0.85		3.3186e+17
    0.86		3.4070e+17
    0.87		3.4960e+17
    0.88		3.5856e+17
    0.89		3.6757e+17
    0.90		3.7662e+17
    0.91		3.8572e+17
    0.92		3.9486e+17
    0.93		4.0403e+17
    0.94		4.1323e+17
    0.95		4.2246e+17
    0.96		4.3171e+17
    0.97		4.4097e+17
    0.98		4.5024e+17
    0.99		4.5952e+17
    1.00		4.6881e+17
    1.01		4.7809e+17
    1.02		4.8736e+17
    1.03		4.9662e+17
    1.04		5.0587e+17
    1.05		5.1510e+17
    1.06		5.2430e+17
    1.07		5.3347e+17
    1.08		5.4261e+17
    1.09		5.5171e+17
    1.10		5.6076e+17
    1.11		5.6977e+17
    1.12		5.7873e+17
    1.13		5.8763e+17
    1.14		5.9647e+17
    1.15		6.0525e+17
    1.16		6.1396e+17
    1.17		6.2260e+17
    1.18		6.3116e+17
    1.19		6.3964e+17
    1.20		6.4803e+17
    1.21		6.5634e+17
    1.22		6.6457e+17
    1.23		6.7271e+17
    1.24		6.8075e+17
    1.25		6.8871e+17
    1.26		6.9658e+17
    1.27		7.0436e+17
    1.28		7.1206e+17
    1.29		7.1966e+17
    1.30		7.2717e+17
    1.31		7.3459e+17
    1.32		7.4193e+17
    1.33		7.4917e+17
    1.34		7.5633e+17
    1.35		7.6340e+17
    1.36		7.7037e+17
    1.37		7.7727e+17
    1.38		7.8407e+17
    1.39		7.9079e+17
    1.40		7.9743e+17
    1.41		8.0398e+17
    1.42		8.1045e+17
    1.43		8.1683e+17
    1.44		8.2314e+17
    1.45		8.2937e+17
    1.46		8.3552e+17
    1.47		8.4159e+17
    1.48		8.4759e+17
    1.49		8.5352e+17
    1.50		8.5938e+17
    1.51		8.6517e+17
    1.52		8.7089e+17
    1.53		8.7654e+17
    1.54		8.8214e+17
    1.55		8.8767e+17
    1.56		8.9314e+17
    1.57		8.9856e+17
    1.58		9.0393e+17
    1.59		9.0924e+17
    1.60		9.1451e+17
    1.61		9.1973e+17
    1.62		9.2491e+17
    1.63		9.3005e+17
    1.64		9.3515e+17
    1.65		9.4021e+17
    1.66		9.4524e+17
    1.67		9.5025e+17
    1.68		9.5523e+17
    1.69		9.6018e+17
    1.70		9.6512e+17
    1.71		9.7005e+17
    1.72		9.7499e+17
    1.73		9.7993e+17
    1.74		9.8489e+17
    1.75		9.8988e+17
    1.76		9.9490e+17
    1.77		9.9997e+17
    1.78		1.0051e+18
    1.79		1.0103e+18
    1.80		1.0155e+18
    1.81		1.0209e+18
    1.82		1.0263e+18
    1.83		1.0318e+18
    1.84		1.0375e+18
    1.85		1.0432e+18
    1.86		1.0491e+18
    1.87		1.0551e+18
    1.88		1.0612e+18
    1.89		1.0675e+18
    1.90		1.0740e+18
    1.91		1.0806e+18
    1.92		1.0873e+18
    1.93		1.0943e+18
    1.94		1.1014e+18
    1.95		1.1088e+18
    1.96		1.1163e+18
    1.97		1.1240e+18
    1.98		1.1320e+18
    1.99		1.1402e+18
    2.00		1.1486e+18
    2.01		1.1572e+18
    2.02		1.1661e+18
    2.03		1.1752e+18
    2.04		1.1845e+18
    2.05		1.1941e+18
    2.06		1.2039e+18
    2.07		1.2140e+18
    2.08		1.2243e+18
    2.09		1.2348e+18
    2.10		1.2455e+18
    2.11		1.2565e+18
    2.12		1.2678e+18
    2.13		1.2792e+18
    2.14		1.2909e+18
    2.15		1.3029e+18
    2.16		1.3150e+18
    2.17		1.3274e+18
    2.18		1.3401e+18
    2.19		1.3529e+18
    2.20		1.3660e+18
    2.21		1.3793e+18
    2.22		1.3928e+18
    2.23		1.4066e+18
    2.24		1.4206e+18
    2.25		1.4348e+18
    2.26		1.4492e+18
    2.27		1.4638e+18
    2.28		1.4787e+18
    2.29		1.4937e+18
    2.30		1.5090e+18
    2.31		1.5245e+18
    2.32		1.5402e+18
    2.33		1.5561e+18
    2.34		1.5722e+18
    2.35		1.5885e+18
    2.36		1.6050e+18
    2.37		1.6217e+18
    2.38		1.6386e+18
    2.39		1.6557e+18
    2.40		1.6730e+18
    2.41		1.6904e+18
    2.42		1.7080e+18
    2.43		1.7258e+18
    2.44		1.7438e+18
    2.45		1.7619e+18
    2.46		1.7801e+18
    2.47		1.7986e+18
    2.48		1.8171e+18
    2.49		1.8358e+18
    2.50		1.8546e+18
    2.51		1.8735e+18
    2.52		1.8925e+18
    2.53		1.9117e+18
    2.54		1.9309e+18
    2.55		1.9502e+18
    2.56		1.9696e+18
    2.57		1.9891e+18
    2.58		2.0087e+18
    2.59		2.0283e+18
    2.60		2.0480e+18
    2.61		2.0677e+18
    2.62		2.0875e+18
    2.63		2.1073e+18
    2.64		2.1271e+18
    2.65		2.1470e+18
    2.66		2.1668e+18
    2.67		2.1867e+18
    2.68		2.2065e+18
    2.69		2.2264e+18
    2.70		2.2463e+18
    2.71		2.2661e+18
    2.72		2.2860e+18
    2.73		2.3058e+18
    2.74		2.3257e+18
    2.75		2.3457e+18
    2.76		2.3656e+18
    2.77		2.3856e+18
    2.78		2.4056e+18
    2.79		2.4256e+18
    2.80		2.4457e+18
    2.81		2.4658e+18
    2.82		2.4860e+18
    2.83		2.5062e+18
    2.84		2.5265e+18
    2.85		2.5469e+18
    2.86		2.5673e+18
    2.87		2.5878e+18
    2.88		2.6084e+18
    2.89		2.6290e+18
    2.90		2.6498e+18
    2.91		2.6706e+18
    2.92		2.6915e+18
    2.93		2.7124e+18
    2.94		2.7335e+18
    2.95		2.7546e+18
    2.96		2.7758e+18
    2.97		2.7970e+18
    2.98		2.8183e+18
    2.99		2.8397e+18
    3.00		2.8611e+18
    3.01		2.8826e+18
    3.02		2.9041e+18
    3.03		2.9257e+18
    3.04		2.9474e+18
    3.05		2.9691e+18
    3.06		2.9908e+18
    3.07		3.0126e+18
    3.08		3.0344e+18
    3.09		3.0562e+18
    3.10		3.0781e+18
    3.11		3.1000e+18
    3.12		3.1219e+18
    3.13		3.1438e+18
    3.14		3.1658e+18
    3.15		3.1878e+18
    3.16		3.2098e+18
    3.17		3.2318e+18
    3.18		3.2538e+18
    3.19		3.2758e+18
    3.20		3.2978e+18
    3.21		3.3198e+18
    3.22		3.3418e+18
    3.23		3.3638e+18
    3.24		3.3858e+18
    3.25		3.4077e+18
    3.26		3.4297e+18
    3.27		3.4516e+18
    3.28		3.4735e+18
    3.29		3.4954e+18
    3.30		3.5172e+18
    3.31		3.5390e+18
    3.32		3.5608e+18
    3.33		3.5825e+18
    3.34		3.6042e+18
    3.35		3.6258e+18
    3.36		3.6474e+18
    3.37		3.6690e+18
    3.38		3.6905e+18
    3.39		3.7119e+18
    3.40		3.7333e+18
    3.41		3.7546e+18
    3.42		3.7759e+18
    3.43		3.7972e+18
    3.44		3.8183e+18
    3.45		3.8395e+18
    3.46		3.8606e+18
    3.47		3.8816e+18
    3.48		3.9027e+18
    3.49		3.9237e+18
    3.50		3.9446e+18
    3.51		3.9656e+18
    3.52		3.9865e+18
    3.53		4.0073e+18
    3.54		4.0282e+18
    3.55		4.0490e+18
    3.56		4.0699e+18
    3.57		4.0907e+18
    3.58		4.1115e+18
    3.59		4.1323e+18
    3.60		4.1530e+18
    3.61		4.1738e+18
    3.62		4.1946e+18
    3.63		4.2153e+18
    3.64		4.2361e+18
    3.65		4.2568e+18
    3.66		4.2775e+18
    3.67		4.2982e+18
    3.68		4.3189e+18
    3.69		4.3396e+18
    3.70		4.3602e+18
    3.71		4.3808e+18
    3.72		4.4014e+18
    3.73		4.4219e+18
    3.74		4.4424e+18
    3.75		4.4629e+18
    3.76		4.4833e+18
    3.77		4.5037e+18
    3.78		4.5241e+18
    3.79		4.5443e+18
    3.80		4.5646e+18
    3.81		4.5848e+18
    3.82		4.6049e+18
    3.83		4.6250e+18
    3.84		4.6451e+18
    3.85		4.6652e+18
    3.86		4.6852e+18
    3.87		4.7053e+18
    3.88		4.7254e+18
    3.89		4.7454e+18
    3.90		4.7655e+18
    3.91		4.7855e+18
    3.92		4.8056e+18
    3.93		4.8256e+18
    3.94		4.8456e+18
    3.95		4.8655e+18
    3.96		4.8855e+18
    3.97		4.9054e+18
    3.98		4.9253e+18
    3.99		4.9451e+18
    4.00		4.9648e+18
    4.01		4.9845e+18
    4.02		5.0042e+18
    4.03		5.0238e+18
    4.04		5.0433e+18
    4.05		5.0627e+18
    4.06		5.0821e+18
    4.07		5.1013e+18
    4.08		5.1205e+18
    4.09		5.1396e+18
    4.10		5.1586e+18
    4.11		5.1774e+18
    4.12		5.1962e+18
    4.13		5.2149e+18
    4.14		5.2334e+18
    4.15		5.2519e+18
    4.16		5.2702e+18
    4.17		5.2883e+18
    4.18		5.3064e+18
    4.19		5.3243e+18
    4.20		5.3421e+18
    4.21		5.3597e+18
    4.22		5.3772e+18
    4.23		5.3946e+18
    4.24		5.4118e+18
    4.25		5.4289e+18
    4.26		5.4458e+18
    4.27		5.4626e+18
    4.28		5.4792e+18
    4.29		5.4957e+18
    4.30		5.5120e+18
    4.31		5.5281e+18
    4.32		5.5441e+18
    4.33		5.5600e+18
    4.34		5.5757e+18
    4.35		5.5912e+18
    4.36		5.6066e+18
    4.37		5.6219e+18
    4.38		5.6371e+18
    4.39		5.6521e+18
    4.40		5.6670e+18
    4.41		5.6818e+18
    4.42		5.6965e+18
    4.43		5.7112e+18
    4.44		5.7257e+18
    4.45		5.7402e+18
    4.46		5.7546e+18
    4.47		5.7690e+18
    4.48		5.7833e+18
    4.49		5.7975e+18
    4.50		5.8118e+18
    4.51		5.8260e+18
    4.52		5.8402e+18
    4.53		5.8544e+18
    4.54		5.8686e+18
    4.55		5.8828e+18
    4.56		5.8970e+18
    4.57		5.9113e+18
    4.58		5.9256e+18
    4.59		5.9400e+18
    4.60		5.9545e+18
    4.61		5.9690e+18
    4.62		5.9836e+18
    4.63		5.9983e+18
    4.64		6.0131e+18
    4.65		6.0279e+18
    4.66		6.0429e+18
    4.67		6.0579e+18
    4.68		6.0730e+18
    4.69		6.0883e+18
    4.70		6.1036e+18
    4.71		6.1190e+18
    4.72		6.1345e+18
    4.73		6.1501e+18
    4.74		6.1658e+18
    4.75		6.1815e+18
    4.76		6.1973e+18
    4.77		6.2132e+18
    4.78		6.2291e+18
    4.79		6.2451e+18
    4.80		6.2612e+18
    4.81		6.2773e+18
    4.82		6.2934e+18
    4.83		6.3096e+18
    4.84		6.3259e+18
    4.85		6.3422e+18
    4.86		6.3585e+18
    4.87		6.3749e+18
    4.88		6.3913e+18
    4.89		6.4077e+18
    4.90		6.4241e+18
    4.91		6.4406e+18
    4.92		6.4571e+18
    4.93		6.4736e+18
    4.94		6.4902e+18
    4.95		6.5067e+18
    4.96		6.5233e+18
    4.97		6.5400e+18
    4.98		6.5566e+18
    4.99		6.5733e+18
    5.00		6.5900e+18
    5.01		6.6067e+18
    5.02		6.6235e+18
    5.03		6.6402e+18
    5.04		6.6570e+18
    5.05		6.6737e+18
    5.06		6.6904e+18
    5.07		6.7071e+18
    5.08		6.7238e+18
    5.09		6.7404e+18
    5.10		6.7569e+18
    5.11		6.7734e+18
    5.12		6.7899e+18
    5.13		6.8063e+18
    5.14		6.8226e+18
    5.15		6.8388e+18
    5.16		6.8549e+18
    5.17		6.8710e+18
    5.18		6.8870e+18
    5.19		6.9029e+18
    5.20		6.9186e+18
    5.21		6.9343e+18
    5.22		6.9499e+18
    5.23		6.9654e+18
    5.24		6.9807e+18
    5.25		6.9960e+18
    5.26		7.0111e+18
    5.27		7.0262e+18
    5.28		7.0411e+18
    5.29		7.0559e+18
    5.30		7.0706e+18
    5.31		7.0851e+18
    5.32		7.0996e+18
    5.33		7.1139e+18
    5.34		7.1281e+18
    5.35		7.1422e+18
    5.36		7.1561e+18
    5.37		7.1700e+18
    5.38		7.1837e+18
    5.39		7.1974e+18
    5.40		7.2109e+18
    5.41		7.2243e+18
    5.42		7.2376e+18
    5.43		7.2508e+18
    5.44		7.2639e+18
    5.45		7.2768e+18
    5.46		7.2897e+18
    5.47		7.3024e+18
    5.48		7.3150e+18
    5.49		7.3274e+18
    5.50		7.3398e+18
    5.51		7.3520e+18
    5.52		7.3641e+18
    5.53		7.3761e+18
    5.54		7.3880e+18
    5.55		7.3997e+18
    5.56		7.4113e+18
    5.57		7.4227e+18
    5.58		7.4340e+18
    5.59		7.4451e+18
    5.60		7.4560e+18
    5.61		7.4668e+18
    5.62		7.4775e+18
    5.63		7.4879e+18
    5.64		7.4983e+18
    5.65		7.5084e+18
    5.66		7.5184e+18
    5.67		7.5282e+18
    5.68		7.5379e+18
    5.69		7.5474e+18
    5.70		7.5568e+18
    5.71		7.5660e+18
    5.72		7.5750e+18
    5.73		7.5839e+18
    5.74		7.5927e+18
    5.75		7.6013e+18
    5.76		7.6097e+18
    5.77		7.6180e+18
    5.78		7.6261e+18
    5.79		7.6340e+18
    5.80		7.6418e+18
    5.81		7.6495e+18
    5.82		7.6570e+18
    5.83		7.6643e+18
    5.84		7.6714e+18
    5.85		7.6783e+18
    5.86		7.6850e+18
    5.87		7.6916e+18
    5.88		7.6979e+18
    5.89		7.7040e+18
    5.90		7.7098e+18
    5.91		7.7155e+18
    5.92		7.7210e+18
    5.93		7.7262e+18
    5.94		7.7313e+18
    5.95		7.7361e+18
    5.96		7.7408e+18
    5.97		7.7452e+18
    5.98		7.7495e+18
    5.99		7.7536e+18
    6.00		7.7575e+18
    6.01		7.7613e+18
    6.02		7.7649e+18
    6.03		7.7683e+18
    6.04		7.7716e+18
    6.05		7.7748e+18
    6.06		7.7777e+18
    6.07		7.7806e+18
    6.08		7.7833e+18
    6.09		7.7859e+18
    6.10		7.7883e+18
    6.11		7.7907e+18
    6.12		7.7929e+18
    6.13		7.7950e+18
    6.14		7.7970e+18
    6.15		7.7989e+18
    6.16		7.8007e+18
    6.17		7.8024e+18
    6.18		7.8040e+18
    6.19		7.8056e+18
    6.20		7.8070e+18
    6.21		7.8084e+18
    6.22		7.8096e+18
    6.23		7.8108e+18
    6.24		7.8120e+18
    6.25		7.8130e+18
    6.26		7.8140e+18
    6.27		7.8150e+18
    6.28		7.8158e+18
    6.29		7.8167e+18
    6.30		7.8174e+18
    6.31		7.8182e+18
    6.32		7.8188e+18
    6.33		7.8195e+18
    6.34		7.8200e+18
    6.35		7.8205e+18
    6.36		7.8210e+18
    6.37		7.8214e+18
    6.38		7.8217e+18
    6.39		7.8219e+18
    6.40		7.8221e+18
    6.41		7.8221e+18
    6.42		7.8221e+18
    6.43		7.8220e+18
    6.44		7.8217e+18
    6.45		7.8213e+18
    6.46		7.8209e+18
    6.47		7.8202e+18
    6.48		7.8195e+18
    6.49		7.8186e+18
    6.50		7.8176e+18
    6.51		7.8164e+18
    6.52		7.8150e+18
    6.53		7.8135e+18
    6.54		7.8118e+18
    6.55		7.8100e+18
    6.56		7.8079e+18
    6.57		7.8056e+18
    6.58		7.8032e+18
    6.59		7.8005e+18
    6.60		7.7976e+18
    6.61		7.7944e+18
    6.62		7.7910e+18
    6.63		7.7874e+18
    6.64		7.7835e+18
    6.65		7.7794e+18
    6.66		7.7750e+18
    6.67		7.7704e+18
    6.68		7.7655e+18
    6.69		7.7603e+18
    6.70		7.7549e+18
    6.71		7.7491e+18
    6.72		7.7431e+18
    6.73		7.7367e+18
    6.74		7.7301e+18
    6.75		7.7231e+18
    6.76		7.7159e+18
    6.77		7.7083e+18
    6.78		7.7004e+18
    6.79		7.6921e+18
    6.80		7.6836e+18
    6.81		7.6746e+18
    6.82		7.6653e+18
    6.83		7.6557e+18
    6.84		7.6457e+18
    6.85		7.6352e+18
    6.86		7.6244e+18
    6.87		7.6132e+18
    6.88		7.6016e+18
    6.89		7.5896e+18
    6.90		7.5771e+18
    6.91		7.5642e+18
    6.92		7.5509e+18
    6.93		7.5371e+18
    6.94		7.5229e+18
    6.95		7.5082e+18
    6.96		7.4931e+18
    6.97		7.4775e+18
    6.98		7.4614e+18
    6.99		7.4448e+18
    7.00		7.4277e+18
    7.01		7.4102e+18
    7.02		7.3922e+18
    7.03		7.3737e+18
    7.04		7.3547e+18
    7.05		7.3353e+18
    7.06		7.3154e+18
    7.07		7.2950e+18
    7.08		7.2742e+18
    7.09		7.2529e+18
    7.10		7.2312e+18
    7.11		7.2090e+18
    7.12		7.1864e+18
    7.13		7.1634e+18
    7.14		7.1400e+18
    7.15		7.1161e+18
    7.16		7.0919e+18
    7.17		7.0672e+18
    7.18		7.0421e+18
    7.19		7.0166e+18
    7.20		6.9906e+18
    7.21		6.9643e+18
    7.22		6.9376e+18
    7.23		6.9104e+18
    7.24		6.8829e+18
    7.25		6.8550e+18
    7.26		6.8267e+18
    7.27		6.7980e+18
    7.28		6.7689e+18
    7.29		6.7395e+18
    7.30		6.7097e+18
    7.31		6.6795e+18
    7.32		6.6490e+18
    7.33		6.6181e+18
    7.34		6.5868e+18
    7.35		6.5552e+18
    7.36		6.5233e+18
    7.37		6.4909e+18
    7.38		6.4583e+18
    7.39		6.4253e+18
    7.40		6.3920e+18
    7.41		6.3583e+18
    7.42		6.3243e+18
    7.43		6.2900e+18
    7.44		6.2553e+18
    7.45		6.2203e+18
    7.46		6.1849e+18
    7.47		6.1493e+18
    7.48		6.1133e+18
    7.49		6.0770e+18
    7.50		6.0403e+18
    7.51		6.0034e+18
    7.52		5.9661e+18
    7.53		5.9285e+18
    7.54		5.8907e+18
    7.55		5.8525e+18
    7.56		5.8141e+18
    7.57		5.7754e+18
    7.58		5.7365e+18
    7.59		5.6973e+18
    7.60		5.6578e+18
    7.61		5.6182e+18
    7.62		5.5783e+18
    7.63		5.5382e+18
    7.64		5.4978e+18
    7.65		5.4573e+18
    7.66		5.4166e+18
    7.67		5.3757e+18
    7.68		5.3347e+18
    7.69		5.2934e+18
    7.70		5.2521e+18
    7.71		5.2105e+18
    7.72		5.1688e+18
    7.73		5.1270e+18
    7.74		5.0851e+18
    7.75		5.0430e+18
    7.76		5.0008e+18
    7.77		4.9585e+18
    7.78		4.9162e+18
    7.79		4.8737e+18
    7.80		4.8312e+18
    7.81		4.7886e+18
    7.82		4.7459e+18
    7.83		4.7032e+18
    7.84		4.6604e+18
    7.85		4.6176e+18
    7.86		4.5748e+18
    7.87		4.5319e+18
    7.88		4.4890e+18
    7.89		4.4461e+18
    7.90		4.4033e+18
    7.91		4.3604e+18
    7.92		4.3175e+18
    7.93		4.2747e+18
    7.94		4.2319e+18
    7.95		4.1892e+18
    7.96		4.1465e+18
    7.97		4.1039e+18
    7.98		4.0613e+18
    7.99		4.0188e+18
    8.00		3.9764e+18
    8.01		3.9340e+18
    8.02		3.8917e+18
    8.03		3.8496e+18
    8.04		3.8075e+18
    8.05		3.7655e+18
    8.06		3.7237e+18
    8.07		3.6819e+18
    8.08		3.6404e+18
    8.09		3.5989e+18
    8.10		3.5576e+18
    8.11		3.5164e+18
    8.12		3.4755e+18
    8.13		3.4346e+18
    8.14		3.3940e+18
    8.15		3.3535e+18
    8.16		3.3132e+18
    8.17		3.2731e+18
    8.18		3.2333e+18
    8.19		3.1936e+18
    8.20		3.1542e+18
    8.21		3.1149e+18
    8.22		3.0760e+18
    8.23		3.0372e+18
    8.24		2.9987e+18
    8.25		2.9605e+18
    8.26		2.9225e+18
    8.27		2.8847e+18
    8.28		2.8473e+18
    8.29		2.8101e+18
    8.30		2.7732e+18
    8.31		2.7365e+18
    8.32		2.7002e+18
    8.33		2.6641e+18
    8.34		2.6284e+18
    8.35		2.5929e+18
    8.36		2.5578e+18
    8.37		2.5230e+18
    8.38		2.4884e+18
    8.39		2.4542e+18
    8.40		2.4203e+18
    8.41		2.3868e+18
    8.42		2.3535e+18
    8.43		2.3206e+18
    8.44		2.2880e+18
    8.45		2.2557e+18
    8.46		2.2238e+18
    8.47		2.1922e+18
    8.48		2.1609e+18
    8.49		2.1299e+18
    8.50		2.0993e+18
    8.51		2.0690e+18
    8.52		2.0390e+18
    8.53		2.0093e+18
    8.54		1.9799e+18
    8.55		1.9509e+18
    8.56		1.9222e+18
    8.57		1.8938e+18
    8.58		1.8658e+18
    8.59		1.8380e+18
    8.60		1.8106e+18
    8.61		1.7836e+18
    8.62		1.7568e+18
    8.63		1.7304e+18
    8.64		1.7043e+18
    8.65		1.6785e+18
    8.66		1.6531e+18
    8.67		1.6280e+18
    8.68		1.6032e+18
    8.69		1.5787e+18
    8.70		1.5546e+18
    8.71		1.5308e+18
    8.72		1.5073e+18
    8.73		1.4841e+18
    8.74		1.4612e+18
    8.75		1.4387e+18
    8.76		1.4164e+18
    8.77		1.3944e+18
    8.78		1.3728e+18
    8.79		1.3514e+18
    8.80		1.3304e+18
    8.81		1.3096e+18
    8.82		1.2891e+18
    8.83		1.2690e+18
    8.84		1.2491e+18
    8.85		1.2294e+18
    8.86		1.2101e+18
    8.87		1.1911e+18
    8.88		1.1723e+18
    8.89		1.1538e+18
    8.90		1.1356e+18
    8.91		1.1177e+18
    8.92		1.1000e+18
    8.93		1.0826e+18
    8.94		1.0655e+18
    8.95		1.0486e+18
    8.96		1.0320e+18
    8.97		1.0157e+18
    8.98		9.9956e+17
    8.99		9.8370e+17
    9.00		9.6809e+17
    9.01		9.5271e+17
    9.02		9.3758e+17
    9.03		9.2268e+17
    9.04		9.0801e+17
    9.05		8.9357e+17
    9.06		8.7936e+17
    9.07		8.6537e+17
    9.08		8.5160e+17
    9.09		8.3804e+17
    9.10		8.2470e+17
    9.11		8.1156e+17
    9.12		7.9863e+17
    9.13		7.8590e+17
    9.14		7.7337e+17
    9.15		7.6104e+17
    9.16		7.4890e+17
    9.17		7.3696e+17
    9.18		7.2521e+17
    9.19		7.1365e+17
    9.20		7.0228e+17
    9.21		6.9110e+17
    9.22		6.8012e+17
    9.23		6.6932e+17
    9.24		6.5871e+17
    9.25		6.4829e+17
    9.26		6.3805e+17
    9.27		6.2800e+17
    9.28		6.1812e+17
    9.29		6.0843e+17
    9.30		5.9891e+17
    9.31		5.8957e+17
    9.32		5.8040e+17
    9.33		5.7140e+17
    9.34		5.6258e+17
    9.35		5.5391e+17
    9.36		5.4542e+17
    9.37		5.3708e+17
    9.38		5.2890e+17
    9.39		5.2088e+17
    9.40		5.1300e+17
    9.41		5.0528e+17
    9.42		4.9771e+17
    9.43		4.9028e+17
    9.44		4.8299e+17
    9.45		4.7583e+17
    9.46		4.6881e+17
    9.47		4.6192e+17
    9.48		4.5515e+17
    9.49		4.4851e+17
    9.50		4.4199e+17
    9.51		4.3558e+17
    9.52		4.2928e+17
    9.53		4.2309e+17
    9.54		4.1700e+17
    9.55		4.1102e+17
    9.56		4.0514e+17
    9.57		3.9936e+17
    9.58		3.9367e+17
    9.59		3.8807e+17
    9.60		3.8257e+17
    9.61		3.7715e+17
    9.62		3.7182e+17
    9.63		3.6657e+17
    9.64		3.6141e+17
    9.65		3.5633e+17
    9.66		3.5133e+17
    9.67		3.4641e+17
    9.68		3.4156e+17
    9.69		3.3680e+17
    9.70		3.3210e+17
    9.71		3.2748e+17
    9.72		3.2293e+17
    9.73		3.1844e+17
    9.74		3.1403e+17
    9.75		3.0968e+17
    9.76		3.0539e+17
    9.77		3.0117e+17
    9.78		2.9700e+17
    9.79		2.9290e+17
    9.80		2.8886e+17
    9.81		2.8487e+17
    9.82		2.8093e+17
    9.83		2.7705e+17
    9.84		2.7323e+17
    9.85		2.6945e+17
    9.86		2.6573e+17
    9.87		2.6206e+17
    9.88		2.5843e+17
    9.89		2.5486e+17
    9.90		2.5133e+17
    9.91		2.4786e+17
    9.92		2.4442e+17
    9.93		2.4104e+17
    9.94		2.3770e+17
    9.95		2.3441e+17
    9.96		2.3116e+17
    9.97		2.2796e+17
    9.98		2.2481e+17
    9.99		2.2169e+17
   10.00		2.1862e+17
   10.01		2.1560e+17
   10.02		2.1261e+17
   10.03		2.0967e+17
   10.04		2.0677e+17
   10.05		2.0390e+17
   10.06		2.0108e+17
   10.07		1.9829e+17
   10.08		1.9554e+17
   10.09		1.9283e+17
   10.10		1.9015e+17
   10.11		1.8751e+17
   10.12		1.8490e+17
   10.13		1.8232e+17
   10.14		1.7978e+17
   10.15		1.7727e+17
   10.16		1.7479e+17
   10.17		1.7235e+17
   10.18		1.6994e+17
   10.19		1.6757e+17
   10.20		1.6522e+17
   10.21		1.6292e+17
   10.22		1.6064e+17
   10.23		1.5841e+17
   10.24		1.5620e+17
   10.25		1.5404e+17
   10.26		1.5190e+17
   10.27		1.4981e+17
   10.28		1.4774e+17
   10.29		1.4572e+17
   10.30		1.4373e+17
   10.31		1.4177e+17
   10.32		1.3986e+17
   10.33		1.3798e+17
   10.34		1.3613e+17
   10.35		1.3432e+17
   10.36		1.3255e+17
   10.37		1.3081e+17
   10.38		1.2911e+17
   10.39		1.2745e+17
   10.40		1.2582e+17
   10.41		1.2422e+17
   10.42		1.2267e+17
   10.43		1.2114e+17
   10.44		1.1966e+17
   10.45		1.1821e+17
   10.46		1.1679e+17
   10.47		1.1541e+17
   10.48		1.1406e+17
   10.49		1.1274e+17
   10.50		1.1146e+17
   10.51		1.1021e+17
   10.52		1.0900e+17
   10.53		1.0782e+17
   10.54		1.0667e+17
   10.55		1.0555e+17
   10.56		1.0447e+17
   10.57		1.0341e+17
   10.58		1.0239e+17
   10.59		1.0141e+17
   10.60		1.0045e+17
   10.61		9.9520e+16
   10.62		9.8623e+16
   10.63		9.7757e+16
   10.64		9.6919e+16
   10.65		9.6111e+16
   10.66		9.5332e+16
   10.67		9.4581e+16
   10.68		9.3857e+16
   10.69		9.3161e+16
   10.70		9.2491e+16
   10.71		9.1847e+16
   10.72		9.1229e+16
   10.73		9.0636e+16
   10.74		9.0068e+16
   10.75		8.9523e+16
   10.76		8.9002e+16
   10.77		8.8503e+16
   10.78		8.8027e+16
   10.79		8.7572e+16
   10.80		8.7139e+16
   10.81		8.6726e+16
   10.82		8.6334e+16
   10.83		8.5961e+16
   10.84		8.5607e+16
   10.85		8.5272e+16
   10.86		8.4954e+16
   10.87		8.4654e+16
   10.88		8.4370e+16
   10.89		8.4103e+16
   10.90		8.3852e+16
   10.91		8.3617e+16
   10.92		8.3398e+16
   10.93		8.3193e+16
   10.94		8.3002e+16
   10.95		8.2825e+16
   10.96		8.2662e+16
   10.97		8.2512e+16
   10.98		8.2374e+16
   10.99		8.2248e+16
   11.00		8.2134e+16
   11.01		8.2031e+16
   11.02		8.1939e+16
   11.03		8.1858e+16
   11.04		8.1787e+16
   11.05		8.1726e+16
   11.06		8.1674e+16
   11.07		8.1630e+16
   11.08		8.1596e+16
   11.09		8.1569e+16
   11.10		8.1550e+16
   11.11		8.1538e+16
   11.12		8.1533e+16
   11.13		8.1535e+16
   11.14		8.1543e+16
   11.15		8.1556e+16
   11.16		8.1574e+16
   11.17		8.1598e+16
   11.18		8.1625e+16
   11.19		8.1657e+16
   11.20		8.1692e+16
   11.21		8.1731e+16
   11.22		8.1773e+16
   11.23		8.1818e+16
   11.24		8.1867e+16
   11.25		8.1918e+16
   11.26		8.1972e+16
   11.27		8.2030e+16
   11.28		8.2089e+16
   11.29		8.2151e+16
   11.30		8.2216e+16
   11.31		8.2283e+16
   11.32		8.2352e+16
   11.33		8.2423e+16
   11.34		8.2496e+16
   11.35		8.2571e+16
   11.36		8.2647e+16
   11.37		8.2725e+16
   11.38		8.2805e+16
   11.39		8.2886e+16
   11.40		8.2968e+16
   11.41		8.3051e+16
   11.42		8.3136e+16
   11.43		8.3221e+16
   11.44		8.3308e+16
   11.45		8.3395e+16
   11.46		8.3483e+16
   11.47		8.3571e+16
   11.48		8.3661e+16
   11.49		8.3750e+16
   11.50		8.3841e+16
   11.51		8.3931e+16
   11.52		8.4022e+16
   11.53		8.4113e+16
   11.54		8.4204e+16
   11.55		8.4295e+16
   11.56		8.4386e+16
   11.57		8.4477e+16
   11.58		8.4568e+16
   11.59		8.4658e+16
   11.60		8.4748e+16
   11.61		8.4837e+16
   11.62		8.4926e+16
   11.63		8.5014e+16
   11.64		8.5101e+16
   11.65		8.5188e+16
   11.66		8.5273e+16
   11.67		8.5358e+16
   11.68		8.5442e+16
   11.69		8.5524e+16
   11.70		8.5606e+16
   11.71		8.5686e+16
   11.72		8.5765e+16
   11.73		8.5843e+16
   11.74		8.5919e+16
   11.75		8.5994e+16
   11.76		8.6067e+16
   11.77		8.6139e+16
   11.78		8.6210e+16
   11.79		8.6279e+16
   11.80		8.6346e+16
   11.81		8.6411e+16
   11.82		8.6475e+16
   11.83		8.6537e+16
   11.84		8.6596e+16
   11.85		8.6654e+16
   11.86		8.6709e+16
   11.87		8.6762e+16
   11.88		8.6812e+16
   11.89		8.6861e+16
   11.90		8.6906e+16
   11.91		8.6949e+16
   11.92		8.6990e+16
   11.93		8.7027e+16
   11.94		8.7062e+16
   11.95		8.7093e+16
   11.96		8.7122e+16
   11.97		8.7147e+16
   11.98		8.7169e+16
   11.99		8.7188e+16
   12.00		8.7203e+16
   12.01		8.7214e+16
   12.02		8.7221e+16
   12.03		8.7225e+16
   12.04		8.7224e+16
   12.05		8.7220e+16
   12.06		8.7211e+16
   12.07		8.7197e+16
   12.08		8.7179e+16
   12.09		8.7157e+16
   12.10		8.7129e+16
   12.11		8.7097e+16
   12.12		8.7059e+16
   12.13		8.7017e+16
   12.14		8.6968e+16
   12.15		8.6915e+16
   12.16		8.6856e+16
   12.17		8.6791e+16
   12.18		8.6720e+16
   12.19		8.6643e+16
   12.20		8.6561e+16
   12.21		8.6472e+16
   12.22		8.6377e+16
   12.23		8.6276e+16
   12.24		8.6169e+16
   12.25		8.6055e+16
   12.26		8.5935e+16
   12.27		8.5809e+16
   12.28		8.5676e+16
   12.29		8.5536e+16
   12.30		8.5390e+16
   12.31		8.5238e+16
   12.32		8.5079e+16
   12.33		8.4913e+16
   12.34		8.4741e+16
   12.35		8.4562e+16
   12.36		8.4377e+16
   12.37		8.4186e+16
   12.38		8.3988e+16
   12.39		8.3784e+16
   12.40		8.3573e+16
   12.41		8.3357e+16
   12.42		8.3134e+16
   12.43		8.2905e+16
   12.44		8.2670e+16
   12.45		8.2429e+16
   12.46		8.2183e+16
   12.47		8.1931e+16
   12.48		8.1673e+16
   12.49		8.1409e+16
   12.50		8.1141e+16
   12.51		8.0867e+16
   12.52		8.0588e+16
   12.53		8.0304e+16
   12.54		8.0015e+16
   12.55		7.9721e+16
   12.56		7.9422e+16
   12.57		7.9120e+16
   12.58		7.8812e+16
   12.59		7.8501e+16
   12.60		7.8186e+16
   12.61		7.7867e+16
   12.62		7.7544e+16
   12.63		7.7217e+16
   12.64		7.6888e+16
   12.65		7.6555e+16
   12.66		7.6219e+16
   12.67		7.5881e+16
   12.68		7.5539e+16
   12.69		7.5196e+16
   12.70		7.4850e+16
   12.71		7.4503e+16
   12.72		7.4153e+16
   12.73		7.3802e+16
   12.74		7.3450e+16
   12.75		7.3096e+16
   12.76		7.2742e+16
   12.77		7.2386e+16
   12.78		7.2030e+16
   12.79		7.1673e+16
   12.80		7.1316e+16
   12.81		7.0958e+16
   12.82		7.0600e+16
   12.83		7.0242e+16
   12.84		6.9885e+16
   12.85		6.9527e+16
   12.86		6.9169e+16
   12.87		6.8813e+16
   12.88		6.8456e+16
   12.89		6.8101e+16
   12.90		6.7746e+16
   12.91		6.7392e+16
   12.92		6.7039e+16
   12.93		6.6688e+16
   12.94		6.6337e+16
   12.95		6.5989e+16
   12.96		6.5641e+16
   12.97		6.5296e+16
   12.98		6.4952e+16
   12.99		6.4610e+16
   13.00		6.4270e+16
   13.01		6.3933e+16
   13.02		6.3597e+16
   13.03		6.3264e+16
   13.04		6.2934e+16
   13.05		6.2607e+16
   13.06		6.2282e+16
   13.07		6.1960e+16
   13.08		6.1642e+16
   13.09		6.1326e+16
   13.10		6.1014e+16
   13.11		6.0706e+16
   13.12		6.0400e+16
   13.13		6.0099e+16
   13.14		5.9800e+16
   13.15		5.9506e+16
   13.16		5.9215e+16
   13.17		5.8929e+16
   13.18		5.8646e+16
   13.19		5.8367e+16
   13.20		5.8092e+16
   13.21		5.7821e+16
   13.22		5.7555e+16
   13.23		5.7292e+16
   13.24		5.7034e+16
   13.25		5.6780e+16
   13.26		5.6531e+16
   13.27		5.6286e+16
   13.28		5.6045e+16
   13.29		5.5809e+16
   13.30		5.5578e+16
   13.31		5.5352e+16
   13.32		5.5130e+16
   13.33		5.4913e+16
   13.34		5.4700e+16
   13.35		5.4493e+16
   13.36		5.4291e+16
   13.37		5.4093e+16
   13.38		5.3901e+16
   13.39		5.3713e+16
   13.40		5.3531e+16
   13.41		5.3353e+16
   13.42		5.3181e+16
   13.43		5.3013e+16
   13.44		5.2851e+16
   13.45		5.2694e+16
   13.46		5.2541e+16
   13.47		5.2394e+16
   13.48		5.2251e+16
   13.49		5.2114e+16
   13.50		5.1981e+16
   13.51		5.1854e+16
   13.52		5.1731e+16
   13.53		5.1613e+16
   13.54		5.1499e+16
   13.55		5.1391e+16
   13.56		5.1287e+16
   13.57		5.1187e+16
   13.58		5.1092e+16
   13.59		5.1002e+16
   13.60		5.0916e+16
   13.61		5.0834e+16
   13.62		5.0756e+16
   13.63		5.0682e+16
   13.64		5.0613e+16
   13.65		5.0547e+16
   13.66		5.0485e+16
   13.67		5.0427e+16
   13.68		5.0373e+16
   13.69		5.0322e+16
   13.70		5.0274e+16
   13.71		5.0229e+16
   13.72		5.0188e+16
   13.73		5.0150e+16
   13.74		5.0115e+16
   13.75		5.0083e+16
   13.76		5.0053e+16
   13.77		5.0026e+16
   13.78		5.0001e+16
   13.79		4.9979e+16
   13.80		4.9959e+16
   13.81		4.9941e+16
   13.82		4.9924e+16
   13.83		4.9910e+16
   13.84		4.9897e+16
   13.85		4.9886e+16
   13.86		4.9877e+16
   13.87		4.9869e+16
   13.88		4.9862e+16
   13.89		4.9856e+16
   13.90		4.9852e+16
   13.91		4.9848e+16
   13.92		4.9846e+16
   13.93		4.9844e+16
   13.94		4.9843e+16
   13.95		4.9843e+16
   13.96		4.9843e+16
   13.97		4.9844e+16
   13.98		4.9846e+16
   13.99		4.9848e+16
   14.00		4.9851e+16
   14.01		4.9855e+16
   14.02		4.9859e+16
   14.03		4.9864e+16
   14.04		4.9870e+16
   14.05		4.9876e+16
   14.06		4.9883e+16
   14.07		4.9891e+16
   14.08		4.9900e+16
   14.09		4.9909e+16
   14.10		4.9920e+16
   14.11		4.9931e+16
   14.12		4.9943e+16
   14.13		4.9956e+16
   14.14		4.9970e+16
   14.15		4.9984e+16
   14.16		5.0000e+16
   14.17		5.0016e+16
   14.18		5.0034e+16
   14.19		5.0052e+16
   14.20		5.0071e+16
   14.21		5.0091e+16
   14.22		5.0111e+16
   14.23		5.0133e+16
   14.24		5.0155e+16
   14.25		5.0178e+16
   14.26		5.0202e+16
   14.27		5.0227e+16
   14.28		5.0252e+16
   14.29		5.0278e+16
   14.30		5.0305e+16
   14.31		5.0333e+16
   14.32		5.0362e+16
   14.33		5.0391e+16
   14.34		5.0421e+16
   14.35		5.0452e+16
   14.36		5.0484e+16
   14.37		5.0516e+16
   14.38		5.0549e+16
   14.39		5.0583e+16
   14.40		5.0618e+16
   14.41		5.0653e+16
   14.42		5.0689e+16
   14.43		5.0726e+16
   14.44		5.0763e+16
   14.45		5.0801e+16
   14.46		5.0840e+16
   14.47		5.0880e+16
   14.48		5.0920e+16
   14.49		5.0960e+16
   14.50		5.1002e+16
   14.51		5.1044e+16
   14.52		5.1086e+16
   14.53		5.1129e+16
   14.54		5.1172e+16
   14.55		5.1216e+16
   14.56		5.1261e+16
   14.57		5.1306e+16
   14.58		5.1351e+16
   14.59		5.1397e+16
   14.60		5.1443e+16
   14.61		5.1490e+16
   14.62		5.1537e+16
   14.63		5.1584e+16
   14.64		5.1631e+16
   14.65		5.1679e+16
   14.66		5.1727e+16
   14.67		5.1775e+16
   14.68		5.1824e+16
   14.69		5.1872e+16
   14.70		5.1921e+16
   14.71		5.1969e+16
   14.72		5.2018e+16
   14.73		5.2067e+16
   14.74		5.2116e+16
   14.75		5.2164e+16
   14.76		5.2213e+16
   14.77		5.2261e+16
   14.78		5.2310e+16
   14.79		5.2358e+16
   14.80		5.2406e+16
   14.81		5.2453e+16
   14.82		5.2500e+16
   14.83		5.2547e+16
   14.84		5.2593e+16
   14.85		5.2639e+16
   14.86		5.2685e+16
   14.87		5.2729e+16
   14.88		5.2774e+16
   14.89		5.2817e+16
   14.90		5.2860e+16
   14.91		5.2903e+16
   14.92		5.2944e+16
   14.93		5.2985e+16
   14.94		5.3025e+16
   14.95		5.3065e+16
   14.96		5.3103e+16
   14.97		5.3141e+16
   14.98		5.3178e+16
   14.99		5.3214e+16
   15.00		5.3249e+16
   15.01		5.3283e+16
   15.02		5.3317e+16
   15.03		5.3350e+16
   15.04		5.3381e+16
   15.05		5.3412e+16
   15.06		5.3442e+16
   15.07		5.3471e+16
   15.08		5.3499e+16
   15.09		5.3526e+16
   15.10		5.3552e+16
   15.11		5.3577e+16
   15.12		5.3601e+16
   15.13		5.3624e+16
   15.14		5.3646e+16
   15.15		5.3666e+16
   15.16		5.3685e+16
   15.17		5.3703e+16
   15.18		5.3720e+16
   15.19		5.3735e+16
   15.20		5.3749e+16
   15.21		5.3762e+16
   15.22		5.3773e+16
   15.23		5.3782e+16
   15.24		5.3789e+16
   15.25		5.3795e+16
   15.26		5.3800e+16
   15.27		5.3802e+16
   15.28		5.3803e+16
   15.29		5.3801e+16
   15.30		5.3798e+16
   15.31		5.3793e+16
   15.32		5.3786e+16
   15.33		5.3777e+16
   15.34		5.3766e+16
   15.35		5.3753e+16
   15.36		5.3738e+16
   15.37		5.3721e+16
   15.38		5.3701e+16
   15.39		5.3680e+16
   15.40		5.3656e+16
   15.41		5.3631e+16
   15.42		5.3603e+16
   15.43		5.3573e+16
   15.44		5.3542e+16
   15.45		5.3508e+16
   15.46		5.3472e+16
   15.47		5.3434e+16
   15.48		5.3394e+16
   15.49		5.3352e+16
   15.50		5.3308e+16
   15.51		5.3262e+16
   15.52		5.3214e+16
   15.53		5.3164e+16
   15.54		5.3112e+16
   15.55		5.3058e+16
   15.56		5.3003e+16
   15.57		5.2946e+16
   15.58		5.2887e+16
   15.59		5.2826e+16
   15.60		5.2763e+16
   15.61		5.2699e+16
   15.62		5.2633e+16
   15.63		5.2566e+16
   15.64		5.2497e+16
   15.65		5.2426e+16
   15.66		5.2354e+16
   15.67		5.2281e+16
   15.68		5.2206e+16
   15.69		5.2130e+16
   15.70		5.2053e+16
   15.71		5.1975e+16
   15.72		5.1895e+16
   15.73		5.1815e+16
   15.74		5.1733e+16
   15.75		5.1651e+16
   15.76		5.1567e+16
   15.77		5.1483e+16
   15.78		5.1398e+16
   15.79		5.1312e+16
   15.80		5.1226e+16
   15.81		5.1139e+16
   15.82		5.1051e+16
   15.83		5.0963e+16
   15.84		5.0875e+16
   15.85		5.0786e+16
   15.86		5.0697e+16
   15.87		5.0608e+16
   15.88		5.0519e+16
   15.89		5.0429e+16
   15.90		5.0340e+16
   15.91		5.0250e+16
   15.92		5.0161e+16
   15.93		5.0071e+16
   15.94		4.9982e+16
   15.95		4.9892e+16
   15.96		4.9803e+16
   15.97		4.9715e+16
   15.98		4.9626e+16
   15.99		4.9538e+16
   16.00		4.9450e+16
   16.01		4.9363e+16
   16.02		4.9276e+16
   16.03		4.9189e+16
   16.04		4.9104e+16
   16.05		4.9018e+16
   16.06		4.8934e+16
   16.07		4.8850e+16
   16.08		4.8767e+16
   16.09		4.8685e+16
   16.10		4.8603e+16
   16.11		4.8522e+16
   16.12		4.8443e+16
   16.13		4.8364e+16
   16.14		4.8286e+16
   16.15		4.8209e+16
   16.16		4.8133e+16
   16.17		4.8058e+16
   16.18		4.7983e+16
   16.19		4.7910e+16
   16.20		4.7838e+16
   16.21		4.7767e+16
   16.22		4.7697e+16
   16.23		4.7628e+16
   16.24		4.7560e+16
   16.25		4.7493e+16
   16.26		4.7427e+16
   16.27		4.7362e+16
   16.28		4.7299e+16
   16.29		4.7236e+16
   16.30		4.7174e+16
   16.31		4.7114e+16
   16.32		4.7054e+16
   16.33		4.6996e+16
   16.34		4.6938e+16
   16.35		4.6882e+16
   16.36		4.6827e+16
   16.37		4.6773e+16
   16.38		4.6720e+16
   16.39		4.6668e+16
   16.40		4.6617e+16
   16.41		4.6567e+16
   16.42		4.6519e+16
   16.43		4.6471e+16
   16.44		4.6425e+16
   16.45		4.6380e+16
   16.46		4.6336e+16
   16.47		4.6293e+16
   16.48		4.6252e+16
   16.49		4.6211e+16
   16.50		4.6172e+16
   16.51		4.6134e+16
   16.52		4.6098e+16
   16.53		4.6062e+16
   16.54		4.6028e+16
   16.55		4.5995e+16
   16.56		4.5963e+16
   16.57		4.5932e+16
   16.58		4.5903e+16
   16.59		4.5874e+16
   16.60		4.5847e+16
   16.61		4.5821e+16
   16.62		4.5797e+16
   16.63		4.5773e+16
   16.64		4.5751e+16
   16.65		4.5729e+16
   16.66		4.5709e+16
   16.67		4.5690e+16
   16.68		4.5672e+16
   16.69		4.5655e+16
   16.70		4.5639e+16
   16.71		4.5624e+16
   16.72		4.5610e+16
   16.73		4.5597e+16
   16.74		4.5585e+16
   16.75		4.5574e+16
   16.76		4.5564e+16
   16.77		4.5555e+16
   16.78		4.5546e+16
   16.79		4.5539e+16
   16.80		4.5532e+16
   16.81		4.5526e+16
   16.82		4.5520e+16
   16.83		4.5516e+16
   16.84		4.5512e+16
   16.85		4.5508e+16
   16.86		4.5505e+16
   16.87		4.5503e+16
   16.88		4.5501e+16
   16.89		4.5500e+16
   16.90		4.5500e+16
   16.91		4.5500e+16
   16.92		4.5500e+16
   16.93		4.5501e+16
   16.94		4.5502e+16
   16.95		4.5503e+16
   16.96		4.5505e+16
   16.97		4.5507e+16
   16.98		4.5510e+16
   16.99		4.5513e+16
   17.00		4.5516e+16
   17.01		4.5519e+16
   17.02		4.5522e+16
   17.03		4.5525e+16
   17.04		4.5529e+16
   17.05		4.5532e+16
   17.06		4.5536e+16
   17.07		4.5539e+16
   17.08		4.5543e+16
   17.09		4.5547e+16
   17.10		4.5550e+16
   17.11		4.5554e+16
   17.12		4.5558e+16
   17.13		4.5562e+16
   17.14		4.5566e+16
   17.15		4.5570e+16
   17.16		4.5574e+16
   17.17		4.5578e+16
   17.18		4.5582e+16
   17.19		4.5586e+16
   17.20		4.5590e+16
   17.21		4.5595e+16
   17.22		4.5599e+16
   17.23		4.5604e+16
   17.24		4.5608e+16
   17.25		4.5613e+16
   17.26		4.5618e+16
   17.27		4.5623e+16
   17.28		4.5628e+16
   17.29		4.5634e+16
   17.30		4.5639e+16
   17.31		4.5645e+16
   17.32		4.5651e+16
   17.33		4.5657e+16
   17.34		4.5664e+16
   17.35		4.5671e+16
   17.36		4.5678e+16
   17.37		4.5685e+16
   17.38		4.5693e+16
   17.39		4.5701e+16
   17.40		4.5710e+16
   17.41		4.5718e+16
   17.42		4.5728e+16
   17.43		4.5737e+16
   17.44		4.5747e+16
   17.45		4.5758e+16
   17.46		4.5769e+16
   17.47		4.5781e+16
   17.48		4.5793e+16
   17.49		4.5805e+16
   17.50		4.5818e+16
   17.51		4.5832e+16
   17.52		4.5846e+16
   17.53		4.5861e+16
   17.54		4.5877e+16
   17.55		4.5893e+16
   17.56		4.5910e+16
   17.57		4.5927e+16
   17.58		4.5946e+16
   17.59		4.5964e+16
   17.60		4.5984e+16
   17.61		4.6004e+16
   17.62		4.6026e+16
   17.63		4.6048e+16
   17.64		4.6070e+16
   17.65		4.6094e+16
   17.66		4.6118e+16
   17.67		4.6143e+16
   17.68		4.6169e+16
   17.69		4.6196e+16
   17.70		4.6224e+16
   17.71		4.6253e+16
   17.72		4.6283e+16
   17.73		4.6313e+16
   17.74		4.6345e+16
   17.75		4.6377e+16
   17.76		4.6410e+16
   17.77		4.6445e+16
   17.78		4.6480e+16
   17.79		4.6516e+16
   17.80		4.6553e+16
   17.81		4.6592e+16
   17.82		4.6631e+16
   17.83		4.6671e+16
   17.84		4.6712e+16
   17.85		4.6754e+16
   17.86		4.6798e+16
   17.87		4.6842e+16
   17.88		4.6887e+16
   17.89		4.6933e+16
   17.90		4.6980e+16
   17.91		4.7028e+16
   17.92		4.7078e+16
   17.93		4.7128e+16
   17.94		4.7179e+16
   17.95		4.7231e+16
   17.96		4.7284e+16
   17.97		4.7338e+16
   17.98		4.7393e+16
   17.99		4.7449e+16
   18.00		4.7506e+16
   18.01		4.7564e+16
   18.02		4.7624e+16
   18.03		4.7684e+16
   18.04		4.7745e+16
   18.05		4.7807e+16
   18.06		4.7870e+16
   18.07		4.7934e+16
   18.08		4.7999e+16
   18.09		4.8066e+16
   18.10		4.8134e+16
   18.11		4.8203e+16
   18.12		4.8273e+16
   18.13		4.8345e+16
   18.14		4.8419e+16
   18.15		4.8494e+16
   18.16		4.8570e+16
   18.17		4.8648e+16
   18.18		4.8728e+16
   18.19		4.8809e+16
   18.20		4.8893e+16
   18.21		4.8978e+16
   18.22		4.9064e+16
   18.23		4.9153e+16
   18.24		4.9244e+16
   18.25		4.9336e+16
   18.26		4.9431e+16
   18.27		4.9528e+16
   18.28		4.9626e+16
   18.29		4.9727e+16
   18.30		4.9830e+16
   18.31		4.9935e+16
   18.32		5.0042e+16
   18.33		5.0151e+16
   18.34		5.0263e+16
   18.35		5.0376e+16
   18.36		5.0492e+16
   18.37		5.0610e+16
   18.38		5.0730e+16
   18.39		5.0853e+16
   18.40		5.0978e+16
   18.41		5.1105e+16
   18.42		5.1234e+16
   18.43		5.1365e+16
   18.44		5.1499e+16
   18.45		5.1635e+16
   18.46		5.1773e+16
   18.47		5.1913e+16
   18.48		5.2056e+16
   18.49		5.2201e+16
   18.50		5.2348e+16
   18.51		5.2497e+16
   18.52		5.2648e+16
   18.53		5.2802e+16
   18.54		5.2957e+16
   18.55		5.3115e+16
   18.56		5.3274e+16
   18.57		5.3436e+16
   18.58		5.3599e+16
   18.59		5.3765e+16
   18.60		5.3932e+16
   18.61		5.4101e+16
   18.62		5.4273e+16
   18.63		5.4446e+16
   18.64		5.4620e+16
   18.65		5.4797e+16
   18.66		5.4975e+16
   18.67		5.5155e+16
   18.68		5.5336e+16
   18.69		5.5519e+16
   18.70		5.5704e+16
   18.71		5.5890e+16
   18.72		5.6077e+16
   18.73		5.6266e+16
   18.74		5.6456e+16
   18.75		5.6647e+16
   18.76		5.6840e+16
   18.77		5.7034e+16
   18.78		5.7229e+16
   18.79		5.7425e+16
   18.80		5.7622e+16
   18.81		5.7820e+16
   18.82		5.8020e+16
   18.83		5.8220e+16
   18.84		5.8421e+16
   18.85		5.8624e+16
   18.86		5.8827e+16
   18.87		5.9030e+16
   18.88		5.9235e+16
   18.89		5.9440e+16
   18.90		5.9645e+16
   18.91		5.9852e+16
   18.92		6.0058e+16
   18.93		6.0265e+16
   18.94		6.0473e+16
   18.95		6.0680e+16
   18.96		6.0888e+16
   18.97		6.1096e+16
   18.98		6.1305e+16
   18.99		6.1513e+16
   19.00		6.1722e+16
   19.01		6.1930e+16
   19.02		6.2138e+16
   19.03		6.2346e+16
   19.04		6.2555e+16
   19.05		6.2763e+16
   19.06		6.2970e+16
   19.07		6.3178e+16
   19.08		6.3385e+16
   19.09		6.3591e+16
   19.10		6.3798e+16
   19.11		6.4004e+16
   19.12		6.4209e+16
   19.13		6.4414e+16
   19.14		6.4618e+16
   19.15		6.4821e+16
   19.16		6.5024e+16
   19.17		6.5226e+16
   19.18		6.5427e+16
   19.19		6.5628e+16
   19.20		6.5827e+16
   19.21		6.6026e+16
   19.22		6.6224e+16
   19.23		6.6421e+16
   19.24		6.6616e+16
   19.25		6.6811e+16
   19.26		6.7004e+16
   19.27		6.7197e+16
   19.28		6.7387e+16
   19.29		6.7577e+16
   19.30		6.7765e+16
   19.31		6.7951e+16
   19.32		6.8135e+16
   19.33		6.8318e+16
   19.34		6.8499e+16
   19.35		6.8678e+16
   19.36		6.8854e+16
   19.37		6.9029e+16
   19.38		6.9202e+16
   19.39		6.9372e+16
   19.40		6.9541e+16
   19.41		6.9706e+16
   19.42		6.9870e+16
   19.43		7.0031e+16
   19.44		7.0189e+16
   19.45		7.0345e+16
   19.46		7.0499e+16
   19.47		7.0649e+16
   19.48		7.0797e+16
   19.49		7.0942e+16
   19.50		7.1085e+16
   19.51		7.1224e+16
   19.52		7.1361e+16
   19.53		7.1495e+16
   19.54		7.1626e+16
   19.55		7.1754e+16
   19.56		7.1879e+16
   19.57		7.2000e+16
   19.58		7.2119e+16
   19.59		7.2235e+16
   19.60		7.2348e+16
   19.61		7.2457e+16
   19.62		7.2564e+16
   19.63		7.2667e+16
   19.64		7.2768e+16
   19.65		7.2865e+16
   19.66		7.2959e+16
   19.67		7.3050e+16
   19.68		7.3138e+16
   19.69		7.3223e+16
   19.70		7.3305e+16
   19.71		7.3384e+16
   19.72		7.3460e+16
   19.73		7.3534e+16
   19.74		7.3604e+16
   19.75		7.3671e+16
   19.76		7.3736e+16
   19.77		7.3797e+16
   19.78		7.3856e+16
   19.79		7.3912e+16
   19.80		7.3966e+16
   19.81		7.4017e+16
   19.82		7.4065e+16
   19.83		7.4111e+16
   19.84		7.4154e+16
   19.85		7.4195e+16
   19.86		7.4234e+16
   19.87		7.4270e+16
   19.88		7.4304e+16
   19.89		7.4335e+16
   19.90		7.4364e+16
   19.91		7.4391e+16
   19.92		7.4416e+16
   19.93		7.4438e+16
   19.94		7.4459e+16
   19.95		7.4477e+16
   19.96		7.4493e+16
   19.97		7.4507e+16
   19.98		7.4519e+16
   19.99		7.4529e+16
   20.00		7.4537e+16
   20.01		7.4543e+16
   20.02		7.4547e+16
   20.03		7.4549e+16
   20.04		7.4550e+16
   20.05		7.4548e+16
   20.06		7.4545e+16
   20.07		7.4540e+16
   20.08		7.4532e+16
   20.09		7.4524e+16
   20.10		7.4513e+16
   20.11		7.4500e+16
   20.12		7.4485e+16
   20.13		7.4469e+16
   20.14		7.4451e+16
   20.15		7.4431e+16
   20.16		7.4409e+16
   20.17		7.4385e+16
   20.18		7.4360e+16
   20.19		7.4333e+16
   20.20		7.4304e+16
   20.21		7.4273e+16
   20.22		7.4240e+16
   20.23		7.4206e+16
   20.24		7.4170e+16
   20.25		7.4133e+16
   20.26		7.4093e+16
   20.27		7.4052e+16
   20.28		7.4010e+16
   20.29		7.3966e+16
   20.30		7.3920e+16
   20.31		7.3873e+16
   20.32		7.3824e+16
   20.33		7.3774e+16
   20.34		7.3723e+16
   20.35		7.3670e+16
   20.36		7.3616e+16
   20.37		7.3560e+16
   20.38		7.3503e+16
   20.39		7.3446e+16
   20.40		7.3387e+16
   20.41		7.3327e+16
   20.42		7.3265e+16
   20.43		7.3203e+16
   20.44		7.3140e+16
   20.45		7.3076e+16
   20.46		7.3011e+16
   20.47		7.2945e+16
   20.48		7.2878e+16
   20.49		7.2810e+16
   20.50		7.2742e+16
   20.51		7.2673e+16
   20.52		7.2603e+16
   20.53		7.2532e+16
   20.54		7.2461e+16
   20.55		7.2388e+16
   20.56		7.2316e+16
   20.57		7.2242e+16
   20.58		7.2169e+16
   20.59		7.2094e+16
   20.60		7.2019e+16
   20.61		7.1943e+16
   20.62		7.1867e+16
   20.63		7.1791e+16
   20.64		7.1713e+16
   20.65		7.1636e+16
   20.66		7.1558e+16
   20.67		7.1479e+16
   20.68		7.1400e+16
   20.69		7.1321e+16
   20.70		7.1242e+16
   20.71		7.1162e+16
   20.72		7.1081e+16
   20.73		7.1001e+16
   20.74		7.0920e+16
   20.75		7.0839e+16
   20.76		7.0757e+16
   20.77		7.0675e+16
   20.78		7.0593e+16
   20.79		7.0510e+16
   20.80		7.0427e+16
   20.81		7.0344e+16
   20.82		7.0260e+16
   20.83		7.0175e+16
   20.84		7.0090e+16
   20.85		7.0005e+16
   20.86		6.9918e+16
   20.87		6.9831e+16
   20.88		6.9744e+16
   20.89		6.9655e+16
   20.90		6.9565e+16
   20.91		6.9475e+16
   20.92		6.9383e+16
   20.93		6.9290e+16
   20.94		6.9196e+16
   20.95		6.9101e+16
   20.96		6.9004e+16
   20.97		6.8906e+16
   20.98		6.8807e+16
   20.99		6.8705e+16
   21.00		6.8602e+16
   21.01		6.8497e+16
   21.02		6.8391e+16
   21.03		6.8282e+16
   21.04		6.8171e+16
   21.05		6.8059e+16
   21.06		6.7944e+16
   21.07		6.7827e+16
   21.08		6.7707e+16
   21.09		6.7585e+16
   21.10		6.7461e+16
   21.11		6.7334e+16
   21.12		6.7205e+16
   21.13		6.7074e+16
   21.14		6.6939e+16
   21.15		6.6802e+16
   21.16		6.6663e+16
   21.17		6.6521e+16
   21.18		6.6376e+16
   21.19		6.6228e+16
   21.20		6.6077e+16
   21.21		6.5924e+16
   21.22		6.5767e+16
   21.23		6.5608e+16
   21.24		6.5445e+16
   21.25		6.5280e+16
   21.26		6.5112e+16
   21.27		6.4941e+16
   21.28		6.4766e+16
   21.29		6.4589e+16
   21.30		6.4410e+16
   21.31		6.4227e+16
   21.32		6.4041e+16
   21.33		6.3853e+16
   21.34		6.3662e+16
   21.35		6.3469e+16
   21.36		6.3272e+16
   21.37		6.3073e+16
   21.38		6.2872e+16
   21.39		6.2668e+16
   21.40		6.2461e+16
   21.41		6.2252e+16
   21.42		6.2041e+16
   21.43		6.1827e+16
   21.44		6.1610e+16
   21.45		6.1392e+16
   21.46		6.1171e+16
   21.47		6.0948e+16
   21.48		6.0723e+16
   21.49		6.0495e+16
   21.50		6.0266e+16
   21.51		6.0034e+16
   21.52		5.9801e+16
   21.53		5.9565e+16
   21.54		5.9328e+16
   21.55		5.9088e+16
   21.56		5.8847e+16
   21.57		5.8604e+16
   21.58		5.8359e+16
   21.59		5.8113e+16
   21.60		5.7865e+16
   21.61		5.7615e+16
   21.62		5.7364e+16
   21.63		5.7112e+16
   21.64		5.6857e+16
   21.65		5.6602e+16
   21.66		5.6345e+16
   21.67		5.6086e+16
   21.68		5.5827e+16
   21.69		5.5566e+16
   21.70		5.5304e+16
   21.71		5.5040e+16
   21.72		5.4776e+16
   21.73		5.4510e+16
   21.74		5.4243e+16
   21.75		5.3975e+16
   21.76		5.3706e+16
   21.77		5.3436e+16
   21.78		5.3165e+16
   21.79		5.2893e+16
   21.80		5.2620e+16
   21.81		5.2346e+16
   21.82		5.2071e+16
   21.83		5.1794e+16
   21.84		5.1517e+16
   21.85		5.1238e+16
   21.86		5.0958e+16
   21.87		5.0677e+16
   21.88		5.0395e+16
   21.89		5.0111e+16
   21.90		4.9827e+16
   21.91		4.9541e+16
   21.92		4.9254e+16
   21.93		4.8965e+16
   21.94		4.8676e+16
   21.95		4.8385e+16
   21.96		4.8093e+16
   21.97		4.7800e+16
   21.98		4.7506e+16
   21.99		4.7211e+16
   22.00		4.6914e+16
   22.01		4.6616e+16
   22.02		4.6318e+16
   22.03		4.6018e+16
   22.04		4.5717e+16
   22.05		4.5416e+16
   22.06		4.5113e+16
   22.07		4.4810e+16
   22.08		4.4505e+16
   22.09		4.4200e+16
   22.10		4.3894e+16
   22.11		4.3588e+16
   22.12		4.3280e+16
   22.13		4.2972e+16
   22.14		4.2664e+16
   22.15		4.2355e+16
   22.16		4.2046e+16
   22.17		4.1736e+16
   22.18		4.1426e+16
   22.19		4.1115e+16
   22.20		4.0804e+16
   22.21		4.0494e+16
   22.22		4.0183e+16
   22.23		3.9871e+16
   22.24		3.9560e+16
   22.25		3.9249e+16
   22.26		3.8938e+16
   22.27		3.8627e+16
   22.28		3.8316e+16
   22.29		3.8006e+16
   22.30		3.7696e+16
   22.31		3.7386e+16
   22.32		3.7076e+16
   22.33		3.6767e+16
   22.34		3.6459e+16
   22.35		3.6151e+16
   22.36		3.5843e+16
   22.37		3.5537e+16
   22.38		3.5231e+16
   22.39		3.4925e+16
   22.40		3.4621e+16
   22.41		3.4317e+16
   22.42		3.4015e+16
   22.43		3.3713e+16
   22.44		3.3412e+16
   22.45		3.3112e+16
   22.46		3.2813e+16
   22.47		3.2516e+16
   22.48		3.2219e+16
   22.49		3.1924e+16
   22.50		3.1630e+16
   22.51		3.1337e+16
   22.52		3.1046e+16
   22.53		3.0755e+16
   22.54		3.0467e+16
   22.55		3.0179e+16
   22.56		2.9893e+16
   22.57		2.9609e+16
   22.58		2.9325e+16
   22.59		2.9044e+16
   22.60		2.8764e+16
   22.61		2.8485e+16
   22.62		2.8208e+16
   22.63		2.7932e+16
   22.64		2.7658e+16
   22.65		2.7386e+16
   22.66		2.7115e+16
   22.67		2.6846e+16
   22.68		2.6578e+16
   22.69		2.6312e+16
   22.70		2.6047e+16
   22.71		2.5784e+16
   22.72		2.5522e+16
   22.73		2.5262e+16
   22.74		2.5004e+16
   22.75		2.4747e+16
   22.76		2.4492e+16
   22.77		2.4238e+16
   22.78		2.3986e+16
   22.79		2.3735e+16
   22.80		2.3486e+16
   22.81		2.3238e+16
   22.82		2.2992e+16
   22.83		2.2747e+16
   22.84		2.2504e+16
   22.85		2.2262e+16
   22.86		2.2022e+16
   22.87		2.1783e+16
   22.88		2.1546e+16
   22.89		2.1310e+16
   22.90		2.1076e+16
   22.91		2.0843e+16
   22.92		2.0612e+16
   22.93		2.0383e+16
   22.94		2.0154e+16
   22.95		1.9928e+16
   22.96		1.9703e+16
   22.97		1.9479e+16
   22.98		1.9257e+16
   22.99		1.9037e+16
   23.00		1.8818e+16
   23.01		1.8601e+16
   23.02		1.8386e+16
   23.03		1.8173e+16
   23.04		1.7962e+16
   23.05		1.7753e+16
   23.06		1.7545e+16
   23.07		1.7340e+16
   23.08		1.7136e+16
   23.09		1.6934e+16
   23.10		1.6735e+16
   23.11		1.6537e+16
   23.12		1.6341e+16
   23.13		1.6148e+16
   23.14		1.5956e+16
   23.15		1.5766e+16
   23.16		1.5579e+16
   23.17		1.5393e+16
   23.18		1.5209e+16
   23.19		1.5027e+16
   23.20		1.4848e+16
   23.21		1.4670e+16
   23.22		1.4494e+16
   23.23		1.4321e+16
   23.24		1.4149e+16
   23.25		1.3979e+16
   23.26		1.3811e+16
   23.27		1.3645e+16
   23.28		1.3482e+16
   23.29		1.3320e+16
   23.30		1.3160e+16
   23.31		1.3002e+16
   23.32		1.2846e+16
   23.33		1.2693e+16
   23.34		1.2541e+16
   23.35		1.2391e+16
   23.36		1.2243e+16
   23.37		1.2098e+16
   23.38		1.1954e+16
   23.39		1.1812e+16
   23.40		1.1672e+16
   23.41		1.1534e+16
   23.42		1.1399e+16
   23.43		1.1265e+16
   23.44		1.1133e+16
   23.45		1.1003e+16
   23.46		1.0875e+16
   23.47		1.0749e+16
   23.48		1.0625e+16
   23.49		1.0503e+16
   23.50		1.0382e+16
   23.51		1.0264e+16
   23.52		1.0147e+16
   23.53		1.0033e+16
   23.54		9.9200e+15
   23.55		9.8090e+15
   23.56		9.6998e+15
   23.57		9.5925e+15
   23.58		9.4869e+15
   23.59		9.3830e+15
   23.60		9.2810e+15
   23.61		9.1806e+15
   23.62		9.0819e+15
   23.63		8.9849e+15
   23.64		8.8896e+15
   23.65		8.7959e+15
   23.66		8.7038e+15
   23.67		8.6133e+15
   23.68		8.5243e+15
   23.69		8.4369e+15
   23.70		8.3510e+15
   23.71		8.2665e+15
   23.72		8.1835e+15
   23.73		8.1019e+15
   23.74		8.0217e+15
   23.75		7.9428e+15
   23.76		7.8653e+15
   23.77		7.7891e+15
   23.78		7.7142e+15
   23.79		7.6406e+15
   23.80		7.5682e+15
   23.81		7.4971e+15
   23.82		7.4271e+15
   23.83		7.3584e+15
   23.84		7.2908e+15
   23.85		7.2243e+15
   23.86		7.1590e+15
   23.87		7.0949e+15
   23.88		7.0318e+15
   23.89		6.9699e+15
   23.90		6.9090e+15
   23.91		6.8492e+15
   23.92		6.7904e+15
   23.93		6.7326e+15
   23.94		6.6759e+15
   23.95		6.6201e+15
   23.96		6.5653e+15
   23.97		6.5115e+15
   23.98		6.4586e+15
   23.99		6.4066e+15
   24.00		6.3555e+15
   24.01		6.3053e+15
   24.02		6.2560e+15
   24.03		6.2075e+15
   24.04		6.1598e+15
   24.05		6.1129e+15
   24.06		6.0668e+15
   24.07		6.0215e+15
   24.08		5.9768e+15
   24.09		5.9329e+15
   24.10		5.8897e+15
   24.11		5.8472e+15
   24.12		5.8053e+15
   24.13		5.7640e+15
   24.14		5.7233e+15
   24.15		5.6832e+15
   24.16		5.6436e+15
   24.17		5.6046e+15
   24.18		5.5661e+15
   24.19		5.5281e+15
   24.20		5.4905e+15
   24.21		5.4533e+15
   24.22		5.4165e+15
   24.23		5.3801e+15
   24.24		5.3440e+15
   24.25		5.3083e+15
   24.26		5.2729e+15
   24.27		5.2378e+15
   24.28		5.2031e+15
   24.29		5.1687e+15
   24.30		5.1346e+15
   24.31		5.1009e+15
   24.32		5.0675e+15
   24.33		5.0344e+15
   24.34		5.0017e+15
   24.35		4.9693e+15
   24.36		4.9373e+15
   24.37		4.9056e+15
   24.38		4.8743e+15
   24.39		4.8433e+15
   24.40		4.8127e+15
   24.41		4.7825e+15
   24.42		4.7526e+15
   24.43		4.7231e+15
   24.44		4.6940e+15
   24.45		4.6652e+15
   24.46		4.6368e+15
   24.47		4.6088e+15
   24.48		4.5813e+15
   24.49		4.5541e+15
   24.50		4.5272e+15
   24.51		4.5008e+15
   24.52		4.4748e+15
   24.53		4.4492e+15
   24.54		4.4240e+15
   24.55		4.3993e+15
   24.56		4.3749e+15
   24.57		4.3509e+15
   24.58		4.3274e+15
   24.59		4.3043e+15
   24.60		4.2816e+15
   24.61		4.2593e+15
   24.62		4.2374e+15
   24.63		4.2160e+15
   24.64		4.1950e+15
   24.65		4.1744e+15
   24.66		4.1542e+15
   24.67		4.1345e+15
   24.68		4.1152e+15
   24.69		4.0963e+15
   24.70		4.0778e+15
   24.71		4.0598e+15
   24.72		4.0422e+15
   24.73		4.0250e+15
   24.74		4.0082e+15
   24.75		3.9919e+15
   24.76		3.9759e+15
   24.77		3.9604e+15
   24.78		3.9453e+15
   24.79		3.9307e+15
   24.80		3.9164e+15
   24.81		3.9025e+15
   24.82		3.8891e+15
   24.83		3.8761e+15
   24.84		3.8634e+15
   24.85		3.8512e+15
   24.86		3.8394e+15
   24.87		3.8279e+15
   24.88		3.8168e+15
   24.89		3.8062e+15
   24.90		3.7959e+15
   24.91		3.7859e+15
   24.92		3.7764e+15
   24.93		3.7672e+15
   24.94		3.7584e+15
   24.95		3.7499e+15
   24.96		3.7418e+15
   24.97		3.7340e+15
   24.98		3.7266e+15
   24.99		3.7195e+15
   25.00		3.7127e+15
   25.01		3.7063e+15
   25.02		3.7001e+15
   25.03		3.6943e+15
   25.04		3.6888e+15
   25.05		3.6836e+15
   25.06		3.6786e+15
   25.07		3.6740e+15
   25.08		3.6696e+15
   25.09		3.6655e+15
   25.10		3.6617e+15
   25.11		3.6581e+15
   25.12		3.6547e+15
   25.13		3.6517e+15
   25.14		3.6488e+15
   25.15		3.6462e+15
   25.16		3.6437e+15
   25.17		3.6415e+15
   25.18		3.6395e+15
   25.19		3.6377e+15
   25.20		3.6361e+15
   25.21		3.6346e+15
   25.22		3.6333e+15
   25.23		3.6322e+15
   25.24		3.6313e+15
   25.25		3.6304e+15
   25.26		3.6298e+15
   25.27		3.6292e+15
   25.28		3.6288e+15
   25.29		3.6284e+15
   25.30		3.6282e+15
   25.31		3.6281e+15
   25.32		3.6280e+15
   25.33		3.6281e+15
   25.34		3.6282e+15
   25.35		3.6284e+15
   25.36		3.6286e+15
   25.37		3.6288e+15
   25.38		3.6292e+15
   25.39		3.6295e+15
   25.40		3.6299e+15
   25.41		3.6303e+15
   25.42		3.6308e+15
   25.43		3.6313e+15
   25.44		3.6317e+15
   25.45		3.6322e+15
   25.46		3.6328e+15
   25.47		3.6333e+15
   25.48		3.6338e+15
   25.49		3.6342e+15
   25.50		3.6347e+15
   25.51		3.6351e+15
   25.52		3.6355e+15
   25.53		3.6359e+15
   25.54		3.6362e+15
   25.55		3.6364e+15
   25.56		3.6366e+15
   25.57		3.6368e+15
   25.58		3.6368e+15
   25.59		3.6368e+15
   25.60		3.6367e+15
   25.61		3.6365e+15
   25.62		3.6362e+15
   25.63		3.6358e+15
   25.64		3.6353e+15
   25.65		3.6347e+15
   25.66		3.6340e+15
   25.67		3.6332e+15
   25.68		3.6323e+15
   25.69		3.6312e+15
   25.70		3.6300e+15
   25.71		3.6287e+15
   25.72		3.6273e+15
   25.73		3.6257e+15
   25.74		3.6239e+15
   25.75		3.6220e+15
   25.76		3.6200e+15
   25.77		3.6178e+15
   25.78		3.6154e+15
   25.79		3.6129e+15
   25.80		3.6102e+15
   25.81		3.6074e+15
   25.82		3.6043e+15
   25.83		3.6011e+15
   25.84		3.5978e+15
   25.85		3.5942e+15
   25.86		3.5905e+15
   25.87		3.5866e+15
   25.88		3.5825e+15
   25.89		3.5782e+15
   25.90		3.5737e+15
   25.91		3.5691e+15
   25.92		3.5642e+15
   25.93		3.5591e+15
   25.94		3.5539e+15
   25.95		3.5484e+15
   25.96		3.5427e+15
   25.97		3.5369e+15
   25.98		3.5308e+15
   25.99		3.5245e+15
   26.00		3.5180e+15
   26.01		3.5112e+15
   26.02		3.5043e+15
   26.03		3.4972e+15
   26.04		3.4898e+15
   26.05		3.4822e+15
   26.06		3.4744e+15
   26.07		3.4663e+15
   26.08		3.4581e+15
   26.09		3.4496e+15
   26.10		3.4409e+15
   26.11		3.4320e+15
   26.12		3.4229e+15
   26.13		3.4135e+15
   26.14		3.4039e+15
   26.15		3.3941e+15
   26.16		3.3840e+15
   26.17		3.3737e+15
   26.18		3.3632e+15
   26.19		3.3525e+15
   26.20		3.3415e+15
   26.21		3.3304e+15
   26.22		3.3189e+15
   26.23		3.3073e+15
   26.24		3.2954e+15
   26.25		3.2833e+15
   26.26		3.2710e+15
   26.27		3.2584e+15
   26.28		3.2456e+15
   26.29		3.2326e+15
   26.30		3.2193e+15
   26.31		3.2058e+15
   26.32		3.1921e+15
   26.33		3.1782e+15
   26.34		3.1640e+15
   26.35		3.1496e+15
   26.36		3.1350e+15
   26.37		3.1202e+15
   26.38		3.1051e+15
   26.39		3.0898e+15
   26.40		3.0743e+15
   26.41		3.0585e+15
   26.42		3.0426e+15
   26.43		3.0264e+15
   26.44		3.0100e+15
   26.45		2.9933e+15
   26.46		2.9765e+15
   26.47		2.9594e+15
   26.48		2.9422e+15
   26.49		2.9247e+15
   26.50		2.9070e+15
   26.51		2.8890e+15
   26.52		2.8709e+15
   26.53		2.8526e+15
   26.54		2.8340e+15
   26.55		2.8153e+15
   26.56		2.7963e+15
   26.57		2.7772e+15
   26.58		2.7578e+15
   26.59		2.7382e+15
   26.60		2.7185e+15
   26.61		2.6985e+15
   26.62		2.6784e+15
   26.63		2.6580e+15
   26.64		2.6375e+15
   26.65		2.6168e+15
   26.66		2.5959e+15
   26.67		2.5748e+15
   26.68		2.5535e+15
   26.69		2.5321e+15
   26.70		2.5105e+15
   26.71		2.4888e+15
   26.72		2.4669e+15
   26.73		2.4449e+15
   26.74		2.4227e+15
   26.75		2.4004e+15
   26.76		2.3779e+15
   26.77		2.3553e+15
   26.78		2.3326e+15
   26.79		2.3098e+15
   26.80		2.2869e+15
   26.81		2.2638e+15
   26.82		2.2407e+15
   26.83		2.2175e+15
   26.84		2.1941e+15
   26.85		2.1707e+15
   26.86		2.1472e+15
   26.87		2.1237e+15
   26.88		2.1000e+15
   26.89		2.0763e+15
   26.90		2.0526e+15
   26.91		2.0288e+15
   26.92		2.0049e+15
   26.93		1.9810e+15
   26.94		1.9571e+15
   26.95		1.9331e+15
   26.96		1.9091e+15
   26.97		1.8851e+15
   26.98		1.8611e+15
   26.99		1.8371e+15
   27.00		1.8131e+15
   27.01		1.7890e+15
   27.02		1.7650e+15
   27.03		1.7410e+15
   27.04		1.7171e+15
   27.05		1.6931e+15
   27.06		1.6692e+15
   27.07		1.6453e+15
   27.08		1.6215e+15
   27.09		1.5977e+15
   27.10		1.5739e+15
   27.11		1.5502e+15
   27.12		1.5266e+15
   27.13		1.5031e+15
   27.14		1.4796e+15
   27.15		1.4562e+15
   27.16		1.4329e+15
   27.17		1.4097e+15
   27.18		1.3865e+15
   27.19		1.3635e+15
   27.20		1.3406e+15
   27.21		1.3178e+15
   27.22		1.2951e+15
   27.23		1.2725e+15
   27.24		1.2501e+15
   27.25		1.2278e+15
   27.26		1.2056e+15
   27.27		1.1835e+15
   27.28		1.1617e+15
   27.29		1.1399e+15
   27.30		1.1183e+15
   27.31		1.0969e+15
   27.32		1.0757e+15
   27.33		1.0546e+15
   27.34		1.0337e+15
   27.35		1.0130e+15
   27.36		9.9244e+14
   27.37		9.7210e+14
   27.38		9.5195e+14
   27.39		9.3201e+14
   27.40		9.1226e+14
   27.41		8.9273e+14
   27.42		8.7341e+14
   27.43		8.5431e+14
   27.44		8.3543e+14
   27.45		8.1677e+14
   27.46		7.9834e+14
   27.47		7.8014e+14
   27.48		7.6216e+14
   27.49		7.4441e+14
   27.50		7.2689e+14
   27.51		7.0960e+14
   27.52		6.9254e+14
   27.53		6.7571e+14
   27.54		6.5911e+14
   27.55		6.4274e+14
   27.56		6.2660e+14
   27.57		6.1069e+14
   27.58		5.9502e+14
   27.59		5.7957e+14
   27.60		5.6436e+14
   27.61		5.4937e+14
   27.62		5.3462e+14
   27.63		5.2011e+14
   27.64		5.0582e+14
   27.65		4.9176e+14
   27.66		4.7794e+14
   27.67		4.6434e+14
   27.68		4.5098e+14
   27.69		4.3784e+14
   27.70		4.2494e+14
   27.71		4.1226e+14
   27.72		3.9981e+14
   27.73		3.8759e+14
   27.74		3.7559e+14
   27.75		3.6383e+14
   27.76		3.5228e+14
   27.77		3.4096e+14
   27.78		3.2987e+14
   27.79		3.1900e+14
   27.80		3.0835e+14
   27.81		2.9792e+14
   27.82		2.8770e+14
   27.83		2.7771e+14
   27.84		2.6793e+14
   27.85		2.5837e+14
   27.86		2.4903e+14
   27.87		2.3989e+14
   27.88		2.3097e+14
   27.89		2.2226e+14
   27.90		2.1376e+14
   27.91		2.0546e+14
   27.92		1.9737e+14
   27.93		1.8948e+14
   27.94		1.8180e+14
   27.95		1.7431e+14
   27.96		1.6702e+14
   27.97		1.5993e+14
   27.98		1.5304e+14
   27.99		1.4633e+14
   28.00		1.3982e+14
   28.01		1.3349e+14
   28.02		1.2736e+14
   28.03		1.2140e+14
   28.04		1.1563e+14
   28.05		1.1003e+14
   28.06		1.0462e+14
   28.07		9.9378e+13
   28.08		9.4310e+13
   28.09		8.9412e+13
   28.10		8.4682e+13
   28.11		8.0117e+13
   28.12		7.5715e+13
   28.13		7.1474e+13
   28.14		6.7390e+13
   28.15		6.3460e+13
   28.16		5.9683e+13
   28.17		5.6056e+13
   28.18		5.2575e+13
   28.19		4.9238e+13
   28.20		4.6042e+13
   28.21		4.2985e+13
   28.22		4.0063e+13
   28.23		3.7273e+13
   28.24		3.4614e+13
   28.25		3.2082e+13
   28.26		2.9674e+13
   28.27		2.7387e+13
   28.28		2.5219e+13
   28.29		2.3167e+13
   28.30		2.1228e+13
   28.31		1.9399e+13
   28.32		1.7677e+13
   28.33		1.6058e+13
   28.34		1.4540e+13
   28.35		1.3120e+13
   28.36		1.1795e+13
   28.37		1.0561e+13
   28.38		9.4159e+12
   28.39		8.3559e+12
   28.40		7.3780e+12
   28.41		6.4791e+12
   28.42		5.6558e+12
   28.43		4.9050e+12
   28.44		4.2235e+12
   28.45		3.6079e+12
   28.46		3.0550e+12
   28.47		2.5615e+12
   28.48		2.1240e+12
   28.49		1.7392e+12
   28.50		1.4038e+12
   28.51		1.1145e+12
   28.52		8.6787e+11
   28.53		6.6052e+11
   28.54		4.8907e+11
   28.55		3.5015e+11
   28.56		2.4035e+11
   28.57		1.5625e+11
   28.58		9.4453e+10
   28.59		5.1526e+10
   28.60		2.4048e+10
   28.61		8.5891e+09
   28.62		1.7179e+09
   28.63		0.0000e+00
   28.64		0.0000e+00
   28.65		0.0000e+00
   28.66		0.0000e+00
   28.67		0.0000e+00
   28.68		0.0000e+00
   28.69		0.0000e+00
   28.70		0.0000e+00
   28.71		0.0000e+00
   28.72		0.0000e+00
   28.73		0.0000e+00
   28.74		0.0000e+00
   28.75		0.0000e+00
   28.76		0.0000e+00
   28.77		0.0000e+00
   28.78		0.0000e+00
   28.79		0.0000e+00
   28.80		0.0000e+00
   28.81		0.0000e+00
   28.82		0.0000e+00
   28.83		0.0000e+00
   28.84		0.0000e+00
   28.85		0.0000e+00
   28.86		0.0000e+00
   28.87		0.0000e+00
   28.88		0.0000e+00
   28.89		0.0000e+00
   28.90		0.0000e+00
   28.91		0.0000e+00
   28.92		0.0000e+00
   28.93		0.0000e+00
   28.94		0.0000e+00
   28.95		0.0000e+00
   28.96		0.0000e+00
   28.97		0.0000e+00
   28.98		0.0000e+00
   28.99		0.0000e+00
   29.00		0.0000e+00
   29.01		0.0000e+00
   29.02		0.0000e+00
   29.03		0.0000e+00
   29.04		0.0000e+00
   29.05		0.0000e+00
   29.06		0.0000e+00
   29.07		0.0000e+00
   29.08		0.0000e+00
   29.09		0.0000e+00
   29.10		0.0000e+00
   29.11		0.0000e+00
   29.12		0.0000e+00
   29.13		0.0000e+00
   29.14		0.0000e+00
   29.15		0.0000e+00
   29.16		0.0000e+00
   29.17		0.0000e+00
   29.18		0.0000e+00
   29.19		0.0000e+00
   29.20		0.0000e+00
   29.21		0.0000e+00
   29.22		0.0000e+00
   29.23		0.0000e+00
   29.24		0.0000e+00
   29.25		0.0000e+00
   29.26		0.0000e+00
   29.27		0.0000e+00
   29.28		0.0000e+00
   29.29		0.0000e+00
   29.30		0.0000e+00
   29.31		0.0000e+00
   29.32		0.0000e+00
   29.33		0.0000e+00
   29.34		0.0000e+00
   29.35		0.0000e+00
   29.36		0.0000e+00
   29.37		0.0000e+00
   29.38		0.0000e+00
   29.39		0.0000e+00
   29.40		0.0000e+00
   29.41		0.0000e+00
   29.42		0.0000e+00
   29.43		0.0000e+00
   29.44		0.0000e+00
   29.45		0.0000e+00
   29.46		0.0000e+00
   29.47		0.0000e+00
   29.48		0.0000e+00
   29.49		0.0000e+00
   29.50		0.0000e+00
   29.51		0.0000e+00
   29.52		0.0000e+00
   29.53		0.0000e+00
   29.54		0.0000e+00
   29.55		0.0000e+00
   29.56		0.0000e+00
   29.57		0.0000e+00
   29.58		0.0000e+00
   29.59		0.0000e+00
   29.60		0.0000e+00
   29.61		0.0000e+00
   29.62		0.0000e+00
   29.63		0.0000e+00
   29.64		0.0000e+00
   29.65		0.0000e+00
   29.66		0.0000e+00
   29.67		0.0000e+00
   29.68		0.0000e+00
   29.69		0.0000e+00
   29.70		0.0000e+00
   29.71		0.0000e+00
   29.72		0.0000e+00
   29.73		0.0000e+00
   29.74		0.0000e+00
   29.75		0.0000e+00
   29.76		0.0000e+00
   29.77		0.0000e+00
   29.78		0.0000e+00
   29.79		0.0000e+00
   29.80		0.0000e+00
   29.81		0.0000e+00
   29.82		0.0000e+00
   29.83		0.0000e+00
   29.84		0.0000e+00
   29.85		0.0000e+00
   29.86		0.0000e+00
   29.87		0.0000e+00
   29.88		0.0000e+00
   29.89		0.0000e+00
   29.90		0.0000e+00
   29.91		0.0000e+00
   29.92		0.0000e+00
   29.93		0.0000e+00
   29.94		0.0000e+00
   29.95		0.0000e+00
   29.96		0.0000e+00
   29.97		0.0000e+00
   29.98		0.0000e+00
   29.99		0.0000e+00
   30.00		0.0000e+00
   30.01		0.0000e+00
   30.02		0.0000e+00
   30.03		0.0000e+00
   30.04		0.0000e+00
   30.05		0.0000e+00
   30.06		0.0000e+00
   30.07		0.0000e+00
   30.08		0.0000e+00
   30.09		0.0000e+00
   30.10		0.0000e+00
   30.11		0.0000e+00
   30.12		0.0000e+00
   30.13		0.0000e+00
   30.14		0.0000e+00
   30.15		0.0000e+00
   30.16		0.0000e+00
   30.17		0.0000e+00
   30.18		0.0000e+00
   30.19		0.0000e+00
   30.20		0.0000e+00
   30.21		0.0000e+00
   30.22		0.0000e+00
   30.23		0.0000e+00
   30.24		0.0000e+00
   30.25		0.0000e+00
   30.26		0.0000e+00
   30.27		0.0000e+00
   30.28		0.0000e+00
   30.29		0.0000e+00
   30.30		0.0000e+00
   30.31		0.0000e+00
   30.32		0.0000e+00
   30.33		0.0000e+00
   30.34		0.0000e+00
   30.35		0.0000e+00
   30.36		0.0000e+00
   30.37		0.0000e+00
   30.38		0.0000e+00
   30.39		0.0000e+00
   30.40		0.0000e+00
   30.41		0.0000e+00
   30.42		0.0000e+00
   30.43		0.0000e+00
   30.44		0.0000e+00
   30.45		0.0000e+00
   30.46		0.0000e+00
   30.47		0.0000e+00
   30.48		0.0000e+00
   30.49		0.0000e+00
   30.50		0.0000e+00
   30.51		0.0000e+00
   30.52		0.0000e+00
   30.53		0.0000e+00
   30.54		0.0000e+00
   30.55		0.0000e+00
   30.56		0.0000e+00
   30.57		0.0000e+00
   30.58		0.0000e+00
   30.59		0.0000e+00
   30.60		0.0000e+00
   30.61		0.0000e+00
   30.62		0.0000e+00
   30.63		0.0000e+00
   30.64		0.0000e+00
   30.65		0.0000e+00
   30.66		0.0000e+00
   30.67		0.0000e+00
   30.68		0.0000e+00
   30.69		0.0000e+00
   30.70		0.0000e+00
   30.71		0.0000e+00
   30.72		0.0000e+00
   30.73		0.0000e+00
   30.74		0.0000e+00
   30.75		0.0000e+00
   30.76		0.0000e+00
   30.77		0.0000e+00
   30.78		0.0000e+00
   30.79		0.0000e+00
   30.80		0.0000e+00
   30.81		0.0000e+00
   30.82		0.0000e+00
   30.83		0.0000e+00
   30.84		0.0000e+00
   30.85		0.0000e+00
   30.86		0.0000e+00
   30.87		0.0000e+00
   30.88		0.0000e+00
   30.89		0.0000e+00
   30.90		0.0000e+00
   30.91		0.0000e+00
   30.92		0.0000e+00
   30.93		0.0000e+00
   30.94		0.0000e+00
   30.95		0.0000e+00
   30.96		0.0000e+00
   30.97		0.0000e+00
   30.98		0.0000e+00
   30.99		0.0000e+00
   31.00		0.0000e+00
   31.01		0.0000e+00
   31.02		0.0000e+00
   31.03		0.0000e+00
   31.04		0.0000e+00
   31.05		0.0000e+00
   31.06		0.0000e+00
   31.07		0.0000e+00
   31.08		0.0000e+00
   31.09		0.0000e+00
   31.10		0.0000e+00
   31.11		0.0000e+00
   31.12		0.0000e+00
   31.13		0.0000e+00
   31.14		0.0000e+00
   31.15		0.0000e+00
   31.16		0.0000e+00
   31.17		0.0000e+00
   31.18		0.0000e+00
   31.19		0.0000e+00
   31.20		0.0000e+00
   31.21		0.0000e+00
   31.22		0.0000e+00
   31.23		0.0000e+00
   31.24		0.0000e+00
   31.25		0.0000e+00
   31.26		0.0000e+00
   31.27		0.0000e+00
   31.28		0.0000e+00
   31.29		0.0000e+00
   31.30		0.0000e+00
   31.31		0.0000e+00
   31.32		0.0000e+00
   31.33		0.0000e+00
   31.34		0.0000e+00
   31.35		0.0000e+00
   31.36		0.0000e+00
   31.37		0.0000e+00
   31.38		0.0000e+00
   31.39		0.0000e+00
   31.40		0.0000e+00
   31.41		0.0000e+00
   31.42		0.0000e+00
   31.43		0.0000e+00
   31.44		0.0000e+00
   31.45		0.0000e+00
   31.46		0.0000e+00
   31.47		0.0000e+00
   31.48		0.0000e+00
   31.49		0.0000e+00
   31.50		0.0000e+00
   31.51		0.0000e+00
   31.52		0.0000e+00
   31.53		0.0000e+00
   31.54		0.0000e+00
   31.55		0.0000e+00
   31.56		0.0000e+00
   31.57		0.0000e+00
   31.58		0.0000e+00
   31.59		0.0000e+00
   31.60		0.0000e+00
   31.61		0.0000e+00
   31.62		0.0000e+00
   31.63		0.0000e+00
   31.64		0.0000e+00
   31.65		0.0000e+00
   31.66		0.0000e+00
   31.67		0.0000e+00
   31.68		0.0000e+00
   31.69		0.0000e+00
   31.70		0.0000e+00
   31.71		0.0000e+00
   31.72		0.0000e+00
   31.73		0.0000e+00
   31.74		0.0000e+00
   31.75		0.0000e+00
   31.76		0.0000e+00
   31.77		0.0000e+00
   31.78		0.0000e+00
   31.79		0.0000e+00
   31.80		0.0000e+00
   31.81		0.0000e+00
   31.82		0.0000e+00
   31.83		0.0000e+00
   31.84		0.0000e+00
   31.85		0.0000e+00
   31.86		0.0000e+00
   31.87		0.0000e+00
   31.88		0.0000e+00
   31.89		0.0000e+00
   31.90		0.0000e+00
   31.91		0.0000e+00
   31.92		0.0000e+00
   31.93		0.0000e+00
   31.94		0.0000e+00
   31.95		0.0000e+00
   31.96		0.0000e+00
   31.97		0.0000e+00
   31.98		0.0000e+00
   31.99		0.0000e+00
   32.00		0.0000e+00
   32.01		0.0000e+00
   32.02		0.0000e+00
   32.03		0.0000e+00
   32.04		0.0000e+00
   32.05		0.0000e+00
   32.06		0.0000e+00
   32.07		0.0000e+00
   32.08		0.0000e+00
   32.09		0.0000e+00
   32.10		0.0000e+00
   32.11		0.0000e+00
   32.12		0.0000e+00
   32.13		0.0000e+00
   32.14		0.0000e+00
   32.15		0.0000e+00
   32.16		0.0000e+00
   32.17		0.0000e+00
   32.18		0.0000e+00
   32.19		0.0000e+00
   32.20		0.0000e+00
   32.21		0.0000e+00
   32.22		0.0000e+00
   32.23		0.0000e+00
   32.24		0.0000e+00
   32.25		0.0000e+00
   32.26		0.0000e+00
   32.27		0.0000e+00
   32.28		0.0000e+00
   32.29		0.0000e+00
   32.30		0.0000e+00
   32.31		0.0000e+00
   32.32		0.0000e+00
   32.33		0.0000e+00
   32.34		0.0000e+00
   32.35		0.0000e+00
   32.36		0.0000e+00
   32.37		0.0000e+00
   32.38		0.0000e+00
   32.39		0.0000e+00
   32.40		0.0000e+00
   32.41		0.0000e+00
   32.42		0.0000e+00
   32.43		0.0000e+00
   32.44		0.0000e+00
   32.45		0.0000e+00
   32.46		0.0000e+00
   32.47		0.0000e+00
   32.48		0.0000e+00
   32.49		0.0000e+00
   32.50		0.0000e+00
   32.51		0.0000e+00
   32.52		0.0000e+00
   32.53		0.0000e+00
   32.54		0.0000e+00
   32.55		0.0000e+00
   32.56		0.0000e+00
   32.57		0.0000e+00
   32.58		0.0000e+00
   32.59		0.0000e+00
   32.60		0.0000e+00
   32.61		0.0000e+00
   32.62		0.0000e+00
   32.63		0.0000e+00
   32.64		0.0000e+00
   32.65		0.0000e+00
   32.66		0.0000e+00
   32.67		0.0000e+00
   32.68		0.0000e+00
   32.69		0.0000e+00
   32.70		0.0000e+00
   32.71		0.0000e+00
   32.72		0.0000e+00
   32.73		0.0000e+00
   32.74		0.0000e+00
   32.75		0.0000e+00
   32.76		0.0000e+00
   32.77		0.0000e+00
   32.78		0.0000e+00
   32.79		0.0000e+00
   32.80		0.0000e+00
   32.81		0.0000e+00
   32.82		0.0000e+00
   32.83		0.0000e+00
   32.84		0.0000e+00
   32.85		0.0000e+00
   32.86		0.0000e+00
   32.87		0.0000e+00
   32.88		0.0000e+00
   32.89		0.0000e+00
   32.90		0.0000e+00
   32.91		0.0000e+00
   32.92		0.0000e+00
   32.93		0.0000e+00
   32.94		0.0000e+00
   32.95		0.0000e+00
   32.96		0.0000e+00
   32.97		0.0000e+00
   32.98		0.0000e+00
   32.99		0.0000e+00
   33.00		0.0000e+00
   33.01		0.0000e+00
   33.02		0.0000e+00
   33.03		0.0000e+00
   33.04		0.0000e+00
   33.05		0.0000e+00
   33.06		0.0000e+00
   33.07		0.0000e+00
   33.08		0.0000e+00
   33.09		0.0000e+00
   33.10		0.0000e+00
   33.11		0.0000e+00
   33.12		0.0000e+00
   33.13		0.0000e+00
   33.14		0.0000e+00
   33.15		0.0000e+00
   33.16		0.0000e+00
   33.17		0.0000e+00
   33.18		0.0000e+00
   33.19		0.0000e+00
   33.20		0.0000e+00
   33.21		0.0000e+00
   33.22		0.0000e+00
   33.23		0.0000e+00
   33.24		0.0000e+00
   33.25		0.0000e+00
   33.26		0.0000e+00
   33.27		0.0000e+00
   33.28		0.0000e+00
   33.29		0.0000e+00
   33.30		0.0000e+00
   33.31		0.0000e+00
   33.32		0.0000e+00
   33.33		0.0000e+00
   33.34		0.0000e+00
   33.35		0.0000e+00
   33.36		0.0000e+00
   33.37		0.0000e+00
   33.38		0.0000e+00
   33.39		0.0000e+00
   33.40		0.0000e+00
   33.41		0.0000e+00
   33.42		0.0000e+00
   33.43		0.0000e+00
   33.44		0.0000e+00
   33.45		0.0000e+00
   33.46		0.0000e+00
   33.47		0.0000e+00
   33.48		0.0000e+00
   33.49		0.0000e+00
   33.50		0.0000e+00
   33.51		0.0000e+00
   33.52		0.0000e+00
   33.53		0.0000e+00
   33.54		0.0000e+00
   33.55		0.0000e+00
   33.56		0.0000e+00
   33.57		0.0000e+00
   33.58		0.0000e+00
   33.59		0.0000e+00
   33.60		0.0000e+00
   33.61		0.0000e+00
   33.62		0.0000e+00
   33.63		0.0000e+00
   33.64		0.0000e+00
   33.65		0.0000e+00
   33.66		0.0000e+00
   33.67		0.0000e+00
   33.68		0.0000e+00
   33.69		0.0000e+00
   33.70		0.0000e+00
   33.71		0.0000e+00
   33.72		0.0000e+00
   33.73		0.0000e+00
   33.74		0.0000e+00
   33.75		0.0000e+00
   33.76		0.0000e+00
   33.77		0.0000e+00
   33.78		0.0000e+00
   33.79		0.0000e+00
   33.80		0.0000e+00
   33.81		0.0000e+00
   33.82		0.0000e+00
   33.83		0.0000e+00
   33.84		0.0000e+00
   33.85		0.0000e+00
   33.86		0.0000e+00
   33.87		0.0000e+00
   33.88		0.0000e+00
   33.89		0.0000e+00
   33.90		0.0000e+00
   33.91		0.0000e+00
   33.92		0.0000e+00
   33.93		0.0000e+00
   33.94		0.0000e+00
   33.95		0.0000e+00
   33.96		0.0000e+00
   33.97		0.0000e+00
   33.98		0.0000e+00
   33.99		0.0000e+00
   34.00		0.0000e+00
   34.01		0.0000e+00
   34.02		0.0000e+00
   34.03		0.0000e+00
   34.04		0.0000e+00
   34.05		0.0000e+00
   34.06		0.0000e+00
   34.07		0.0000e+00
   34.08		0.0000e+00
   34.09		0.0000e+00
   34.10		0.0000e+00
   34.11		0.0000e+00
   34.12		0.0000e+00
   34.13		0.0000e+00
   34.14		0.0000e+00
   34.15		0.0000e+00
   34.16		0.0000e+00
   34.17		0.0000e+00
   34.18		0.0000e+00
   34.19		0.0000e+00
   34.20		0.0000e+00
   34.21		0.0000e+00
   34.22		0.0000e+00
   34.23		0.0000e+00
   34.24		0.0000e+00
   34.25		0.0000e+00
   34.26		0.0000e+00
   34.27		0.0000e+00
   34.28		0.0000e+00
   34.29		0.0000e+00
   34.30		0.0000e+00
   34.31		0.0000e+00
   34.32		0.0000e+00
   34.33		0.0000e+00
   34.34		0.0000e+00
   34.35		0.0000e+00
   34.36		0.0000e+00
   34.37		0.0000e+00
   34.38		0.0000e+00
   34.39		0.0000e+00
   34.40		0.0000e+00
   34.41		0.0000e+00
   34.42		0.0000e+00
   34.43		0.0000e+00
   34.44		0.0000e+00
   34.45		0.0000e+00
   34.46		0.0000e+00
   34.47		0.0000e+00
   34.48		0.0000e+00
   34.49		0.0000e+00
   34.50		0.0000e+00
   34.51		0.0000e+00
   34.52		0.0000e+00
   34.53		0.0000e+00
   34.54		0.0000e+00
   34.55		0.0000e+00
   34.56		0.0000e+00
   34.57		0.0000e+00
   34.58		0.0000e+00
   34.59		0.0000e+00
   34.60		0.0000e+00
   34.61		0.0000e+00
   34.62		0.0000e+00
   34.63		0.0000e+00
   34.64		0.0000e+00
   34.65		0.0000e+00
   34.66		0.0000e+00
   34.67		0.0000e+00
   34.68		0.0000e+00
   34.69		0.0000e+00
   34.70		0.0000e+00
   34.71		0.0000e+00
   34.72		0.0000e+00
   34.73		0.0000e+00
   34.74		0.0000e+00
   34.75		0.0000e+00
   34.76		0.0000e+00
   34.77		0.0000e+00
   34.78		0.0000e+00
   34.79		0.0000e+00
   34.80		0.0000e+00
   34.81		0.0000e+00
   34.82		0.0000e+00
   34.83		0.0000e+00
   34.84		0.0000e+00
   34.85		0.0000e+00
   34.86		0.0000e+00
   34.87		0.0000e+00
   34.88		0.0000e+00
   34.89		0.0000e+00
   34.90		0.0000e+00
   34.91		0.0000e+00
   34.92		0.0000e+00
   34.93		0.0000e+00
   34.94		0.0000e+00
   34.95		0.0000e+00
   34.96		0.0000e+00
   34.97		0.0000e+00
   34.98		0.0000e+00
   34.99		0.0000e+00
   35.00		0.0000e+00
   35.01		0.0000e+00
   35.02		0.0000e+00
   35.03		0.0000e+00
   35.04		0.0000e+00
   35.05		0.0000e+00
   35.06		0.0000e+00
   35.07		0.0000e+00
   35.08		0.0000e+00
   35.09		0.0000e+00
   35.10		0.0000e+00
   35.11		0.0000e+00
   35.12		0.0000e+00
   35.13		0.0000e+00
   35.14		0.0000e+00
   35.15		0.0000e+00
   35.16		0.0000e+00
   35.17		0.0000e+00
   35.18		0.0000e+00
   35.19		0.0000e+00
   35.20		0.0000e+00
   35.21		0.0000e+00
   35.22		0.0000e+00
   35.23		0.0000e+00
   35.24		0.0000e+00
   35.25		0.0000e+00
   35.26		0.0000e+00
   35.27		0.0000e+00
   35.28		0.0000e+00
   35.29		0.0000e+00
   35.30		0.0000e+00
   35.31		0.0000e+00
   35.32		0.0000e+00
   35.33		0.0000e+00
   35.34		0.0000e+00
   35.35		0.0000e+00
   35.36		0.0000e+00
   35.37		0.0000e+00
   35.38		0.0000e+00
   35.39		0.0000e+00
   35.40		0.0000e+00
   35.41		0.0000e+00
   35.42		0.0000e+00
   35.43		0.0000e+00
   35.44		0.0000e+00
   35.45		0.0000e+00
   35.46		0.0000e+00
   35.47		0.0000e+00
   35.48		0.0000e+00
   35.49		0.0000e+00
   35.50		0.0000e+00
   35.51		0.0000e+00
   35.52		0.0000e+00
   35.53		0.0000e+00
   35.54		0.0000e+00
   35.55		0.0000e+00
   35.56		0.0000e+00
   35.57		0.0000e+00
   35.58		0.0000e+00
   35.59		0.0000e+00
   35.60		0.0000e+00
   35.61		0.0000e+00
   35.62		0.0000e+00
   35.63		0.0000e+00
   35.64		0.0000e+00
   35.65		0.0000e+00
   35.66		0.0000e+00
   35.67		0.0000e+00
   35.68		0.0000e+00
   35.69		0.0000e+00
   35.70		0.0000e+00
   35.71		0.0000e+00
   35.72		0.0000e+00
   35.73		0.0000e+00
   35.74		0.0000e+00
   35.75		0.0000e+00
   35.76		0.0000e+00
   35.77		0.0000e+00
   35.78		0.0000e+00
   35.79		0.0000e+00
   35.80		0.0000e+00
   35.81		0.0000e+00
   35.82		0.0000e+00
   35.83		0.0000e+00
   35.84		0.0000e+00
   35.85		0.0000e+00
   35.86		0.0000e+00
   35.87		0.0000e+00
   35.88		0.0000e+00
   35.89		0.0000e+00
   35.90		0.0000e+00
   35.91		0.0000e+00
   35.92		0.0000e+00
   35.93		0.0000e+00
   35.94		0.0000e+00
   35.95		0.0000e+00
   35.96		0.0000e+00
   35.97		0.0000e+00
   35.98		0.0000e+00
   35.99		0.0000e+00
   36.00		0.0000e+00
   36.01		0.0000e+00
   36.02		0.0000e+00
   36.03		0.0000e+00
   36.04		0.0000e+00
   36.05		0.0000e+00
   36.06		0.0000e+00
   36.07		0.0000e+00
   36.08		0.0000e+00
   36.09		0.0000e+00
   36.10		0.0000e+00
   36.11		0.0000e+00
   36.12		0.0000e+00
   36.13		0.0000e+00
   36.14		0.0000e+00
   36.15		0.0000e+00
   36.16		0.0000e+00
   36.17		0.0000e+00
   36.18		0.0000e+00
   36.19		0.0000e+00
   36.20		0.0000e+00
   36.21		0.0000e+00
   36.22		0.0000e+00
   36.23		0.0000e+00
   36.24		0.0000e+00
   36.25		0.0000e+00
   36.26		0.0000e+00
   36.27		0.0000e+00
   36.28		0.0000e+00
   36.29		0.0000e+00
   36.30		0.0000e+00
   36.31		0.0000e+00
   36.32		0.0000e+00
   36.33		0.0000e+00
   36.34		0.0000e+00
   36.35		0.0000e+00
   36.36		0.0000e+00
   36.37		0.0000e+00
   36.38		0.0000e+00
   36.39		0.0000e+00
   36.40		0.0000e+00
   36.41		0.0000e+00
   36.42		0.0000e+00
   36.43		0.0000e+00
   36.44		0.0000e+00
   36.45		0.0000e+00
   36.46		0.0000e+00
   36.47		0.0000e+00
   36.48		0.0000e+00
   36.49		0.0000e+00
   36.50		0.0000e+00
   36.51		0.0000e+00
   36.52		0.0000e+00
   36.53		0.0000e+00
   36.54		0.0000e+00
   36.55		0.0000e+00
   36.56		0.0000e+00
   36.57		0.0000e+00
   36.58		0.0000e+00
   36.59		0.0000e+00
   36.60		0.0000e+00
   36.61		0.0000e+00
   36.62		0.0000e+00
   36.63		0.0000e+00
   36.64		0.0000e+00
   36.65		0.0000e+00
   36.66		0.0000e+00
   36.67		0.0000e+00
   36.68		0.0000e+00
   36.69		0.0000e+00
   36.70		0.0000e+00
   36.71		0.0000e+00
   36.72		0.0000e+00
   36.73		0.0000e+00
   36.74		0.0000e+00
   36.75		0.0000e+00
   36.76		0.0000e+00
   36.77		0.0000e+00
   36.78		0.0000e+00
   36.79		0.0000e+00
   36.80		0.0000e+00
   36.81		0.0000e+00
   36.82		0.0000e+00
   36.83		0.0000e+00
   36.84		0.0000e+00
   36.85		0.0000e+00
   36.86		0.0000e+00
   36.87		0.0000e+00
   36.88		0.0000e+00
   36.89		0.0000e+00
   36.90		0.0000e+00
   36.91		0.0000e+00
   36.92		0.0000e+00
   36.93		0.0000e+00
   36.94		0.0000e+00
   36.95		0.0000e+00
   36.96		0.0000e+00
   36.97		0.0000e+00
   36.98		0.0000e+00
   36.99		0.0000e+00
   37.00		0.0000e+00
   37.01		0.0000e+00
   37.02		0.0000e+00
   37.03		0.0000e+00
   37.04		0.0000e+00
   37.05		0.0000e+00
   37.06		0.0000e+00
   37.07		0.0000e+00
   37.08		0.0000e+00
   37.09		0.0000e+00
   37.10		0.0000e+00
   37.11		0.0000e+00
   37.12		0.0000e+00
   37.13		0.0000e+00
   37.14		0.0000e+00
   37.15		0.0000e+00
   37.16		0.0000e+00
   37.17		0.0000e+00
   37.18		0.0000e+00
   37.19		0.0000e+00
   37.20		0.0000e+00
   37.21		0.0000e+00
   37.22		0.0000e+00
   37.23		0.0000e+00
   37.24		0.0000e+00
   37.25		0.0000e+00
   37.26		0.0000e+00
   37.27		0.0000e+00
   37.28		0.0000e+00
   37.29		0.0000e+00
   37.30		0.0000e+00
   37.31		0.0000e+00
   37.32		0.0000e+00
   37.33		0.0000e+00
   37.34		0.0000e+00
   37.35		0.0000e+00
   37.36		0.0000e+00
   37.37		0.0000e+00
   37.38		0.0000e+00
   37.39		0.0000e+00
   37.40		0.0000e+00
   37.41		0.0000e+00
   37.42		0.0000e+00
   37.43		0.0000e+00
   37.44		0.0000e+00
   37.45		0.0000e+00
   37.46		0.0000e+00
   37.47		0.0000e+00
   37.48		0.0000e+00
   37.49		0.0000e+00
   37.50		0.0000e+00
   37.51		0.0000e+00
   37.52		0.0000e+00
   37.53		0.0000e+00
   37.54		0.0000e+00
   37.55		0.0000e+00
   37.56		0.0000e+00
   37.57		0.0000e+00
   37.58		0.0000e+00
   37.59		0.0000e+00
   37.60		0.0000e+00
   37.61		0.0000e+00
   37.62		0.0000e+00
   37.63		0.0000e+00
   37.64		0.0000e+00
   37.65		0.0000e+00
   37.66		0.0000e+00
   37.67		0.0000e+00
   37.68		0.0000e+00
   37.69		0.0000e+00
   37.70		0.0000e+00
   37.71		0.0000e+00
   37.72		0.0000e+00
   37.73		0.0000e+00
   37.74		0.0000e+00
   37.75		0.0000e+00
   37.76		0.0000e+00
   37.77		0.0000e+00
   37.78		0.0000e+00
   37.79		0.0000e+00
   37.80		0.0000e+00
   37.81		0.0000e+00
   37.82		0.0000e+00
   37.83		0.0000e+00
   37.84		0.0000e+00
   37.85		0.0000e+00
   37.86		0.0000e+00
   37.87		0.0000e+00
   37.88		0.0000e+00
   37.89		0.0000e+00
   37.90		0.0000e+00
   37.91		0.0000e+00
   37.92		0.0000e+00
   37.93		0.0000e+00
   37.94		0.0000e+00
   37.95		0.0000e+00
   37.96		0.0000e+00
   37.97		0.0000e+00
   37.98		0.0000e+00
   37.99		0.0000e+00
   38.00		0.0000e+00
   38.01		0.0000e+00
   38.02		0.0000e+00
   38.03		0.0000e+00
   38.04		0.0000e+00
   38.05		0.0000e+00
   38.06		0.0000e+00
   38.07		0.0000e+00
   38.08		0.0000e+00
   38.09		0.0000e+00
   38.10		0.0000e+00
   38.11		0.0000e+00
   38.12		0.0000e+00
   38.13		0.0000e+00
   38.14		0.0000e+00
   38.15		0.0000e+00
   38.16		0.0000e+00
   38.17		0.0000e+00
   38.18		0.0000e+00
   38.19		0.0000e+00
   38.20		0.0000e+00
   38.21		0.0000e+00
   38.22		0.0000e+00
   38.23		0.0000e+00
   38.24		0.0000e+00
   38.25		0.0000e+00
   38.26		0.0000e+00
   38.27		0.0000e+00
   38.28		0.0000e+00
   38.29		0.0000e+00
   38.30		0.0000e+00
   38.31		0.0000e+00
   38.32		0.0000e+00
   38.33		0.0000e+00
   38.34		0.0000e+00
   38.35		0.0000e+00
   38.36		0.0000e+00
   38.37		0.0000e+00
   38.38		0.0000e+00
   38.39		0.0000e+00
   38.40		0.0000e+00
   38.41		0.0000e+00
   38.42		0.0000e+00
   38.43		0.0000e+00
   38.44		0.0000e+00
   38.45		0.0000e+00
   38.46		0.0000e+00
   38.47		0.0000e+00
   38.48		0.0000e+00
   38.49		0.0000e+00
   38.50		0.0000e+00
   38.51		0.0000e+00
   38.52		0.0000e+00
   38.53		0.0000e+00
   38.54		0.0000e+00
   38.55		0.0000e+00
   38.56		0.0000e+00
   38.57		0.0000e+00
   38.58		0.0000e+00
   38.59		0.0000e+00
   38.60		0.0000e+00
   38.61		0.0000e+00
   38.62		0.0000e+00
   38.63		0.0000e+00
   38.64		0.0000e+00
   38.65		0.0000e+00
   38.66		0.0000e+00
   38.67		0.0000e+00
   38.68		0.0000e+00
   38.69		0.0000e+00
   38.70		0.0000e+00
   38.71		0.0000e+00
   38.72		0.0000e+00
   38.73		0.0000e+00
   38.74		0.0000e+00
   38.75		0.0000e+00
   38.76		0.0000e+00
   38.77		0.0000e+00
   38.78		0.0000e+00
   38.79		0.0000e+00
   38.80		0.0000e+00
   38.81		0.0000e+00
   38.82		0.0000e+00
   38.83		0.0000e+00
   38.84		0.0000e+00
   38.85		0.0000e+00
   38.86		0.0000e+00
   38.87		0.0000e+00
   38.88		0.0000e+00
   38.89		0.0000e+00
   38.90		0.0000e+00
   38.91		0.0000e+00
   38.92		0.0000e+00
   38.93		0.0000e+00
   38.94		0.0000e+00
   38.95		0.0000e+00
   38.96		0.0000e+00
   38.97		0.0000e+00
   38.98		0.0000e+00
   38.99		0.0000e+00
   39.00		0.0000e+00
   39.01		0.0000e+00
   39.02		0.0000e+00
   39.03		0.0000e+00
   39.04		0.0000e+00
   39.05		0.0000e+00
   39.06		0.0000e+00
   39.07		0.0000e+00
   39.08		0.0000e+00
   39.09		0.0000e+00
   39.10		0.0000e+00
   39.11		0.0000e+00
   39.12		0.0000e+00
   39.13		0.0000e+00
   39.14		0.0000e+00
   39.15		0.0000e+00
   39.16		0.0000e+00
   39.17		0.0000e+00
   39.18		0.0000e+00
   39.19		0.0000e+00
   39.20		0.0000e+00
   39.21		0.0000e+00
   39.22		0.0000e+00
   39.23		0.0000e+00
   39.24		0.0000e+00
   39.25		0.0000e+00
   39.26		0.0000e+00
   39.27		0.0000e+00
   39.28		0.0000e+00
   39.29		0.0000e+00
   39.30		0.0000e+00
   39.31		0.0000e+00
   39.32		0.0000e+00
   39.33		0.0000e+00
   39.34		0.0000e+00
   39.35		0.0000e+00
   39.36		0.0000e+00
   39.37		0.0000e+00
   39.38		0.0000e+00
   39.39		0.0000e+00
   39.40		0.0000e+00
   39.41		0.0000e+00
   39.42		0.0000e+00
   39.43		0.0000e+00
   39.44		0.0000e+00
   39.45		0.0000e+00
   39.46		0.0000e+00
   39.47		0.0000e+00
   39.48		0.0000e+00
   39.49		0.0000e+00
   39.50		0.0000e+00
   39.51		0.0000e+00
   39.52		0.0000e+00
   39.53		0.0000e+00
   39.54		0.0000e+00
   39.55		0.0000e+00
   39.56		0.0000e+00
   39.57		0.0000e+00
   39.58		0.0000e+00
   39.59		0.0000e+00
   39.60		0.0000e+00
   39.61		0.0000e+00
   39.62		0.0000e+00
   39.63		0.0000e+00
   39.64		0.0000e+00
   39.65		0.0000e+00
   39.66		0.0000e+00
   39.67		0.0000e+00
   39.68		0.0000e+00
   39.69		0.0000e+00
   39.70		0.0000e+00
   39.71		0.0000e+00
   39.72		0.0000e+00
   39.73		0.0000e+00
   39.74		0.0000e+00
   39.75		0.0000e+00
   39.76		0.0000e+00
   39.77		0.0000e+00
   39.78		0.0000e+00
   39.79		0.0000e+00
   39.80		0.0000e+00
   39.81		0.0000e+00
   39.82		0.0000e+00
   39.83		0.0000e+00
   39.84		0.0000e+00
   39.85		0.0000e+00
   39.86		0.0000e+00
   39.87		0.0000e+00
   39.88		0.0000e+00
   39.89		0.0000e+00
   39.90		0.0000e+00
   39.91		0.0000e+00
   39.92		0.0000e+00
   39.93		0.0000e+00
   39.94		0.0000e+00
   39.95		0.0000e+00
   39.96		0.0000e+00
   39.97		0.0000e+00
   39.98		0.0000e+00
   39.99		0.0000e+00
   40.00		0.0000e+00
   40.01		0.0000e+00
   40.02		0.0000e+00
   40.03		0.0000e+00
   40.04		0.0000e+00
   40.05		0.0000e+00
   40.06		0.0000e+00
   40.07		0.0000e+00
   40.08		0.0000e+00
   40.09		0.0000e+00
   40.10		0.0000e+00
   40.11		0.0000e+00
   40.12		0.0000e+00
   40.13		0.0000e+00
   40.14		0.0000e+00
   40.15		0.0000e+00
   40.16		0.0000e+00
   40.17		0.0000e+00
   40.18		0.0000e+00
   40.19		0.0000e+00
   40.20		0.0000e+00
   40.21		0.0000e+00
   40.22		0.0000e+00
   40.23		0.0000e+00
   40.24		0.0000e+00
   40.25		0.0000e+00
   40.26		0.0000e+00
   40.27		0.0000e+00
   40.28		0.0000e+00
   40.29		0.0000e+00
   40.30		0.0000e+00
   40.31		0.0000e+00
   40.32		0.0000e+00
   40.33		0.0000e+00
   40.34		0.0000e+00
   40.35		0.0000e+00
   40.36		0.0000e+00
   40.37		0.0000e+00
   40.38		0.0000e+00
   40.39		0.0000e+00
   40.40		0.0000e+00
   40.41		0.0000e+00
   40.42		0.0000e+00
   40.43		0.0000e+00
   40.44		0.0000e+00
   40.45		0.0000e+00
   40.46		0.0000e+00
   40.47		0.0000e+00
   40.48		0.0000e+00
   40.49		0.0000e+00
   40.50		0.0000e+00
   40.51		0.0000e+00
   40.52		0.0000e+00
   40.53		0.0000e+00
   40.54		0.0000e+00
   40.55		0.0000e+00
   40.56		0.0000e+00
   40.57		0.0000e+00
   40.58		0.0000e+00
   40.59		0.0000e+00
   40.60		0.0000e+00
   40.61		0.0000e+00
   40.62		0.0000e+00
   40.63		0.0000e+00
   40.64		0.0000e+00
   40.65		0.0000e+00
   40.66		0.0000e+00
   40.67		0.0000e+00
   40.68		0.0000e+00
   40.69		0.0000e+00
   40.70		0.0000e+00
   40.71		0.0000e+00
   40.72		0.0000e+00
   40.73		0.0000e+00
   40.74		0.0000e+00
   40.75		0.0000e+00
   40.76		0.0000e+00
   40.77		0.0000e+00
   40.78		0.0000e+00
   40.79		0.0000e+00
   40.80		0.0000e+00
   40.81		0.0000e+00
   40.82		0.0000e+00
   40.83		0.0000e+00
   40.84		0.0000e+00
   40.85		0.0000e+00
   40.86		0.0000e+00
   40.87		0.0000e+00
   40.88		0.0000e+00
   40.89		0.0000e+00
   40.90		0.0000e+00
   40.91		0.0000e+00
   40.92		0.0000e+00
   40.93		0.0000e+00
   40.94		0.0000e+00
   40.95		0.0000e+00
   40.96		0.0000e+00
   40.97		0.0000e+00
   40.98		0.0000e+00
   40.99		0.0000e+00
   41.00		0.0000e+00
   41.01		0.0000e+00
   41.02		0.0000e+00
   41.03		0.0000e+00
   41.04		0.0000e+00
   41.05		0.0000e+00
   41.06		0.0000e+00
   41.07		0.0000e+00
   41.08		0.0000e+00
   41.09		0.0000e+00
   41.10		0.0000e+00
   41.11		0.0000e+00
   41.12		0.0000e+00
   41.13		0.0000e+00
   41.14		0.0000e+00
   41.15		0.0000e+00
   41.16		0.0000e+00
   41.17		0.0000e+00
