A0 = [0.5, 0.8, 0.9, 1.3, 1.3, 1.3, 1.4, 1.6, 1.6, 1.8, 1.9, 1.9, 2.1, 2.3, 3] m
Vr = [1830, 1910, 1970, 2100, 2100, 2210, 2280, 2300, 2300, 2300, 2320, 2330, 2430, 2500, 2620] m/s
a = [3000, 6200, 8000, 10000, 10800, 12000, 12000, 13000, 13600, 14000, 15000, 16000, 17000, 17000, 18000] m
b = [3500, 5100, 7000, 7500, 11000, 12500, 13600, 14000, 14300, 14500, 15000, 15000, 16000, 18000, 20000] m
k = [0.61, 0.7, 0.82, 0.82, 0.94, 0.96, 1, 1.04, 1.0625, 1.125, 1.17, 1.25, 1.25, 1.32, 1.33]
sigmax = [6000, 7900, 12000, 15000, 15100, 18000, 19000, 19000, 21000, 21500, 22200, 23000, 27000, 27000, 35000] m
sigmay = [5500, 7000, 10000, 18000, 18800, 21000, 21500, 22000, 24000, 25000, 25000, 25000, 35000, 36000, 38000] m
x0 = [0, 0, 3200, 4000, 4700, 9000, 10000, 10000, 10200, 10600, 11300, 15000, 20000, 20000, 20000] m
f = [0, 0, 0.34, 0.5, 0.52, 0.78, 0.83, 0.87, 0.88, 0.94, 1, 1.176, 1.25, 1.33, 1.33]
xx0 = [3000, 6000, 8100, 10800, 11000, 11000, 11200, 12000, 12500, 13300, 14500, 16000, 17000, 18500, 19000]
g = [0.88, 0.89, 0.92, 0.93, 0.95, 0.96, 0.97, 0.97, 1, 1, 1, 1.01, 1.09, 1.1, 1.19]
Mrmax = [7.35e+17, 1.61e+18, 1.82e+18, 4.59e+18, 4.92e+18, 5.22e+18, 5.79e+18, 6.34e+18, 6.83e+18, 7.75e+18, 8.41e+18, 9.49e+18, 1.11e+19, 1.88e+19, 2.64e+19] Nm/sec