dt: 0.01
Time[s]     Moment_Rate [Nm]
    0.00		0.0000e+00
    0.01		2.2932e+12
    0.02		1.1464e+13
    0.03		3.2088e+13
    0.04		6.8734e+13
    0.05		1.2595e+14
    0.06		2.0827e+14
    0.07		3.2019e+14
    0.08		4.6619e+14
    0.09		6.5072e+14
    0.10		8.7817e+14
    0.11		1.1529e+15
    0.12		1.4793e+15
    0.13		1.8615e+15
    0.14		2.3038e+15
    0.15		2.8103e+15
    0.16		3.3851e+15
    0.17		4.0323e+15
    0.18		4.7558e+15
    0.19		5.5594e+15
    0.20		6.4469e+15
    0.21		7.4221e+15
    0.22		8.4886e+15
    0.23		9.6499e+15
    0.24		1.0910e+16
    0.25		1.2271e+16
    0.26		1.3737e+16
    0.27		1.5311e+16
    0.28		1.6996e+16
    0.29		1.8795e+16
    0.30		2.0710e+16
    0.31		2.2745e+16
    0.32		2.4903e+16
    0.33		2.7184e+16
    0.34		2.9593e+16
    0.35		3.2130e+16
    0.36		3.4799e+16
    0.37		3.7600e+16
    0.38		4.0537e+16
    0.39		4.3610e+16
    0.40		4.6821e+16
    0.41		5.0172e+16
    0.42		5.3663e+16
    0.43		5.7297e+16
    0.44		6.1073e+16
    0.45		6.4994e+16
    0.46		6.9058e+16
    0.47		7.3268e+16
    0.48		7.7624e+16
    0.49		8.2125e+16
    0.50		8.6772e+16
    0.51		9.1566e+16
    0.52		9.6505e+16
    0.53		1.0159e+17
    0.54		1.0682e+17
    0.55		1.1219e+17
    0.56		1.1771e+17
    0.57		1.2337e+17
    0.58		1.2918e+17
    0.59		1.3512e+17
    0.60		1.4120e+17
    0.61		1.4742e+17
    0.62		1.5378e+17
    0.63		1.6028e+17
    0.64		1.6690e+17
    0.65		1.7366e+17
    0.66		1.8054e+17
    0.67		1.8756e+17
    0.68		1.9470e+17
    0.69		2.0195e+17
    0.70		2.0933e+17
    0.71		2.1683e+17
    0.72		2.2444e+17
    0.73		2.3216e+17
    0.74		2.3999e+17
    0.75		2.4792e+17
    0.76		2.5596e+17
    0.77		2.6409e+17
    0.78		2.7232e+17
    0.79		2.8064e+17
    0.80		2.8904e+17
    0.81		2.9754e+17
    0.82		3.0611e+17
    0.83		3.1475e+17
    0.84		3.2347e+17
    0.85		3.3226e+17
    0.86		3.4111e+17
    0.87		3.5003e+17
    0.88		3.5899e+17
    0.89		3.6801e+17
    0.90		3.7708e+17
    0.91		3.8619e+17
    0.92		3.9534e+17
    0.93		4.0452e+17
    0.94		4.1373e+17
    0.95		4.2297e+17
    0.96		4.3223e+17
    0.97		4.4150e+17
    0.98		4.5079e+17
    0.99		4.6008e+17
    1.00		4.6938e+17
    1.01		4.7867e+17
    1.02		4.8795e+17
    1.03		4.9723e+17
    1.04		5.0649e+17
    1.05		5.1572e+17
    1.06		5.2494e+17
    1.07		5.3412e+17
    1.08		5.4327e+17
    1.09		5.5238e+17
    1.10		5.6144e+17
    1.11		5.7046e+17
    1.12		5.7943e+17
    1.13		5.8834e+17
    1.14		5.9720e+17
    1.15		6.0598e+17
    1.16		6.1470e+17
    1.17		6.2335e+17
    1.18		6.3192e+17
    1.19		6.4041e+17
    1.20		6.4882e+17
    1.21		6.5714e+17
    1.22		6.6537e+17
    1.23		6.7350e+17
    1.24		6.8154e+17
    1.25		6.8947e+17
    1.26		6.9730e+17
    1.27		7.0502e+17
    1.28		7.1263e+17
    1.29		7.2012e+17
    1.30		7.2750e+17
    1.31		7.3476e+17
    1.32		7.4190e+17
    1.33		7.4891e+17
    1.34		7.5580e+17
    1.35		7.6256e+17
    1.36		7.6918e+17
    1.37		7.7568e+17
    1.38		7.8203e+17
    1.39		7.8826e+17
    1.40		7.9434e+17
    1.41		8.0028e+17
    1.42		8.0610e+17
    1.43		8.1177e+17
    1.44		8.1732e+17
    1.45		8.2274e+17
    1.46		8.2804e+17
    1.47		8.3322e+17
    1.48		8.3828e+17
    1.49		8.4323e+17
    1.50		8.4806e+17
    1.51		8.5280e+17
    1.52		8.5742e+17
    1.53		8.6195e+17
    1.54		8.6638e+17
    1.55		8.7073e+17
    1.56		8.7498e+17
    1.57		8.7916e+17
    1.58		8.8325e+17
    1.59		8.8727e+17
    1.60		8.9122e+17
    1.61		8.9511e+17
    1.62		8.9895e+17
    1.63		9.0276e+17
    1.64		9.0654e+17
    1.65		9.1031e+17
    1.66		9.1408e+17
    1.67		9.1786e+17
    1.68		9.2167e+17
    1.69		9.2552e+17
    1.70		9.2942e+17
    1.71		9.3338e+17
    1.72		9.3742e+17
    1.73		9.4154e+17
    1.74		9.4577e+17
    1.75		9.5010e+17
    1.76		9.5457e+17
    1.77		9.5916e+17
    1.78		9.6391e+17
    1.79		9.6881e+17
    1.80		9.7388e+17
    1.81		9.7913e+17
    1.82		9.8458e+17
    1.83		9.9023e+17
    1.84		9.9609e+17
    1.85		1.0022e+18
    1.86		1.0085e+18
    1.87		1.0151e+18
    1.88		1.0219e+18
    1.89		1.0290e+18
    1.90		1.0363e+18
    1.91		1.0440e+18
    1.92		1.0519e+18
    1.93		1.0601e+18
    1.94		1.0687e+18
    1.95		1.0775e+18
    1.96		1.0867e+18
    1.97		1.0962e+18
    1.98		1.1060e+18
    1.99		1.1162e+18
    2.00		1.1267e+18
    2.01		1.1376e+18
    2.02		1.1489e+18
    2.03		1.1604e+18
    2.04		1.1724e+18
    2.05		1.1847e+18
    2.06		1.1973e+18
    2.07		1.2103e+18
    2.08		1.2237e+18
    2.09		1.2374e+18
    2.10		1.2515e+18
    2.11		1.2659e+18
    2.12		1.2807e+18
    2.13		1.2959e+18
    2.14		1.3114e+18
    2.15		1.3272e+18
    2.16		1.3434e+18
    2.17		1.3600e+18
    2.18		1.3769e+18
    2.19		1.3942e+18
    2.20		1.4118e+18
    2.21		1.4298e+18
    2.22		1.4481e+18
    2.23		1.4667e+18
    2.24		1.4857e+18
    2.25		1.5050e+18
    2.26		1.5247e+18
    2.27		1.5446e+18
    2.28		1.5649e+18
    2.29		1.5855e+18
    2.30		1.6064e+18
    2.31		1.6276e+18
    2.32		1.6492e+18
    2.33		1.6710e+18
    2.34		1.6932e+18
    2.35		1.7157e+18
    2.36		1.7385e+18
    2.37		1.7616e+18
    2.38		1.7850e+18
    2.39		1.8087e+18
    2.40		1.8327e+18
    2.41		1.8570e+18
    2.42		1.8816e+18
    2.43		1.9064e+18
    2.44		1.9315e+18
    2.45		1.9569e+18
    2.46		1.9826e+18
    2.47		2.0085e+18
    2.48		2.0347e+18
    2.49		2.0611e+18
    2.50		2.0878e+18
    2.51		2.1147e+18
    2.52		2.1418e+18
    2.53		2.1692e+18
    2.54		2.1968e+18
    2.55		2.2247e+18
    2.56		2.2527e+18
    2.57		2.2810e+18
    2.58		2.3094e+18
    2.59		2.3381e+18
    2.60		2.3669e+18
    2.61		2.3960e+18
    2.62		2.4252e+18
    2.63		2.4546e+18
    2.64		2.4842e+18
    2.65		2.5139e+18
    2.66		2.5437e+18
    2.67		2.5738e+18
    2.68		2.6039e+18
    2.69		2.6342e+18
    2.70		2.6646e+18
    2.71		2.6951e+18
    2.72		2.7257e+18
    2.73		2.7564e+18
    2.74		2.7872e+18
    2.75		2.8181e+18
    2.76		2.8490e+18
    2.77		2.8800e+18
    2.78		2.9111e+18
    2.79		2.9422e+18
    2.80		2.9733e+18
    2.81		3.0045e+18
    2.82		3.0357e+18
    2.83		3.0669e+18
    2.84		3.0981e+18
    2.85		3.1294e+18
    2.86		3.1606e+18
    2.87		3.1917e+18
    2.88		3.2229e+18
    2.89		3.2540e+18
    2.90		3.2851e+18
    2.91		3.3161e+18
    2.92		3.3470e+18
    2.93		3.3779e+18
    2.94		3.4087e+18
    2.95		3.4395e+18
    2.96		3.4701e+18
    2.97		3.5006e+18
    2.98		3.5310e+18
    2.99		3.5613e+18
    3.00		3.5915e+18
    3.01		3.6216e+18
    3.02		3.6515e+18
    3.03		3.6813e+18
    3.04		3.7109e+18
    3.05		3.7403e+18
    3.06		3.7695e+18
    3.07		3.7986e+18
    3.08		3.8274e+18
    3.09		3.8561e+18
    3.10		3.8845e+18
    3.11		3.9127e+18
    3.12		3.9406e+18
    3.13		3.9684e+18
    3.14		3.9958e+18
    3.15		4.0230e+18
    3.16		4.0499e+18
    3.17		4.0766e+18
    3.18		4.1030e+18
    3.19		4.1291e+18
    3.20		4.1548e+18
    3.21		4.1803e+18
    3.22		4.2055e+18
    3.23		4.2303e+18
    3.24		4.2548e+18
    3.25		4.2789e+18
    3.26		4.3026e+18
    3.27		4.3259e+18
    3.28		4.3488e+18
    3.29		4.3713e+18
    3.30		4.3934e+18
    3.31		4.4150e+18
    3.32		4.4361e+18
    3.33		4.4568e+18
    3.34		4.4770e+18
    3.35		4.4967e+18
    3.36		4.5159e+18
    3.37		4.5346e+18
    3.38		4.5527e+18
    3.39		4.5704e+18
    3.40		4.5875e+18
    3.41		4.6040e+18
    3.42		4.6200e+18
    3.43		4.6355e+18
    3.44		4.6504e+18
    3.45		4.6647e+18
    3.46		4.6784e+18
    3.47		4.6916e+18
    3.48		4.7043e+18
    3.49		4.7163e+18
    3.50		4.7278e+18
    3.51		4.7388e+18
    3.52		4.7492e+18
    3.53		4.7590e+18
    3.54		4.7682e+18
    3.55		4.7769e+18
    3.56		4.7851e+18
    3.57		4.7927e+18
    3.58		4.7998e+18
    3.59		4.8064e+18
    3.60		4.8125e+18
    3.61		4.8180e+18
    3.62		4.8231e+18
    3.63		4.8277e+18
    3.64		4.8318e+18
    3.65		4.8354e+18
    3.66		4.8385e+18
    3.67		4.8412e+18
    3.68		4.8434e+18
    3.69		4.8452e+18
    3.70		4.8466e+18
    3.71		4.8475e+18
    3.72		4.8479e+18
    3.73		4.8480e+18
    3.74		4.8476e+18
    3.75		4.8468e+18
    3.76		4.8457e+18
    3.77		4.8441e+18
    3.78		4.8422e+18
    3.79		4.8399e+18
    3.80		4.8372e+18
    3.81		4.8342e+18
    3.82		4.8309e+18
    3.83		4.8273e+18
    3.84		4.8233e+18
    3.85		4.8191e+18
    3.86		4.8145e+18
    3.87		4.8097e+18
    3.88		4.8047e+18
    3.89		4.7993e+18
    3.90		4.7938e+18
    3.91		4.7879e+18
    3.92		4.7819e+18
    3.93		4.7757e+18
    3.94		4.7692e+18
    3.95		4.7626e+18
    3.96		4.7557e+18
    3.97		4.7487e+18
    3.98		4.7415e+18
    3.99		4.7342e+18
    4.00		4.7267e+18
    4.01		4.7191e+18
    4.02		4.7114e+18
    4.03		4.7035e+18
    4.04		4.6956e+18
    4.05		4.6876e+18
    4.06		4.6795e+18
    4.07		4.6714e+18
    4.08		4.6632e+18
    4.09		4.6549e+18
    4.10		4.6466e+18
    4.11		4.6383e+18
    4.12		4.6299e+18
    4.13		4.6216e+18
    4.14		4.6132e+18
    4.15		4.6048e+18
    4.16		4.5964e+18
    4.17		4.5880e+18
    4.18		4.5797e+18
    4.19		4.5713e+18
    4.20		4.5631e+18
    4.21		4.5548e+18
    4.22		4.5467e+18
    4.23		4.5386e+18
    4.24		4.5307e+18
    4.25		4.5228e+18
    4.26		4.5151e+18
    4.27		4.5076e+18
    4.28		4.5002e+18
    4.29		4.4929e+18
    4.30		4.4858e+18
    4.31		4.4789e+18
    4.32		4.4721e+18
    4.33		4.4656e+18
    4.34		4.4592e+18
    4.35		4.4530e+18
    4.36		4.4470e+18
    4.37		4.4413e+18
    4.38		4.4357e+18
    4.39		4.4304e+18
    4.40		4.4253e+18
    4.41		4.4204e+18
    4.42		4.4157e+18
    4.43		4.4114e+18
    4.44		4.4072e+18
    4.45		4.4033e+18
    4.46		4.3997e+18
    4.47		4.3964e+18
    4.48		4.3933e+18
    4.49		4.3905e+18
    4.50		4.3880e+18
    4.51		4.3858e+18
    4.52		4.3839e+18
    4.53		4.3823e+18
    4.54		4.3810e+18
    4.55		4.3800e+18
    4.56		4.3794e+18
    4.57		4.3790e+18
    4.58		4.3790e+18
    4.59		4.3794e+18
    4.60		4.3801e+18
    4.61		4.3811e+18
    4.62		4.3825e+18
    4.63		4.3843e+18
    4.64		4.3864e+18
    4.65		4.3889e+18
    4.66		4.3918e+18
    4.67		4.3951e+18
    4.68		4.3988e+18
    4.69		4.4029e+18
    4.70		4.4073e+18
    4.71		4.4122e+18
    4.72		4.4175e+18
    4.73		4.4232e+18
    4.74		4.4293e+18
    4.75		4.4357e+18
    4.76		4.4426e+18
    4.77		4.4499e+18
    4.78		4.4577e+18
    4.79		4.4658e+18
    4.80		4.4743e+18
    4.81		4.4832e+18
    4.82		4.4926e+18
    4.83		4.5023e+18
    4.84		4.5124e+18
    4.85		4.5229e+18
    4.86		4.5338e+18
    4.87		4.5450e+18
    4.88		4.5567e+18
    4.89		4.5687e+18
    4.90		4.5810e+18
    4.91		4.5937e+18
    4.92		4.6067e+18
    4.93		4.6201e+18
    4.94		4.6338e+18
    4.95		4.6478e+18
    4.96		4.6621e+18
    4.97		4.6767e+18
    4.98		4.6916e+18
    4.99		4.7067e+18
    5.00		4.7222e+18
    5.01		4.7379e+18
    5.02		4.7538e+18
    5.03		4.7699e+18
    5.04		4.7863e+18
    5.05		4.8029e+18
    5.06		4.8196e+18
    5.07		4.8366e+18
    5.08		4.8537e+18
    5.09		4.8709e+18
    5.10		4.8883e+18
    5.11		4.9058e+18
    5.12		4.9234e+18
    5.13		4.9410e+18
    5.14		4.9588e+18
    5.15		4.9766e+18
    5.16		4.9944e+18
    5.17		5.0123e+18
    5.18		5.0301e+18
    5.19		5.0479e+18
    5.20		5.0657e+18
    5.21		5.0835e+18
    5.22		5.1011e+18
    5.23		5.1187e+18
    5.24		5.1362e+18
    5.25		5.1536e+18
    5.26		5.1709e+18
    5.27		5.1881e+18
    5.28		5.2052e+18
    5.29		5.2221e+18
    5.30		5.2389e+18
    5.31		5.2556e+18
    5.32		5.2721e+18
    5.33		5.2885e+18
    5.34		5.3047e+18
    5.35		5.3208e+18
    5.36		5.3367e+18
    5.37		5.3524e+18
    5.38		5.3679e+18
    5.39		5.3832e+18
    5.40		5.3983e+18
    5.41		5.4132e+18
    5.42		5.4279e+18
    5.43		5.4423e+18
    5.44		5.4566e+18
    5.45		5.4706e+18
    5.46		5.4844e+18
    5.47		5.4979e+18
    5.48		5.5112e+18
    5.49		5.5243e+18
    5.50		5.5371e+18
    5.51		5.5496e+18
    5.52		5.5619e+18
    5.53		5.5739e+18
    5.54		5.5857e+18
    5.55		5.5972e+18
    5.56		5.6084e+18
    5.57		5.6194e+18
    5.58		5.6301e+18
    5.59		5.6405e+18
    5.60		5.6507e+18
    5.61		5.6606e+18
    5.62		5.6702e+18
    5.63		5.6796e+18
    5.64		5.6887e+18
    5.65		5.6975e+18
    5.66		5.7061e+18
    5.67		5.7145e+18
    5.68		5.7226e+18
    5.69		5.7304e+18
    5.70		5.7380e+18
    5.71		5.7453e+18
    5.72		5.7524e+18
    5.73		5.7593e+18
    5.74		5.7660e+18
    5.75		5.7724e+18
    5.76		5.7786e+18
    5.77		5.7846e+18
    5.78		5.7905e+18
    5.79		5.7961e+18
    5.80		5.8015e+18
    5.81		5.8067e+18
    5.82		5.8118e+18
    5.83		5.8166e+18
    5.84		5.8213e+18
    5.85		5.8258e+18
    5.86		5.8301e+18
    5.87		5.8342e+18
    5.88		5.8382e+18
    5.89		5.8420e+18
    5.90		5.8457e+18
    5.91		5.8493e+18
    5.92		5.8527e+18
    5.93		5.8560e+18
    5.94		5.8592e+18
    5.95		5.8623e+18
    5.96		5.8653e+18
    5.97		5.8682e+18
    5.98		5.8711e+18
    5.99		5.8739e+18
    6.00		5.8767e+18
    6.01		5.8794e+18
    6.02		5.8822e+18
    6.03		5.8849e+18
    6.04		5.8876e+18
    6.05		5.8903e+18
    6.06		5.8931e+18
    6.07		5.8959e+18
    6.08		5.8987e+18
    6.09		5.9016e+18
    6.10		5.9045e+18
    6.11		5.9076e+18
    6.12		5.9107e+18
    6.13		5.9139e+18
    6.14		5.9172e+18
    6.15		5.9206e+18
    6.16		5.9241e+18
    6.17		5.9278e+18
    6.18		5.9316e+18
    6.19		5.9355e+18
    6.20		5.9395e+18
    6.21		5.9437e+18
    6.22		5.9480e+18
    6.23		5.9524e+18
    6.24		5.9569e+18
    6.25		5.9615e+18
    6.26		5.9663e+18
    6.27		5.9711e+18
    6.28		5.9761e+18
    6.29		5.9812e+18
    6.30		5.9863e+18
    6.31		5.9916e+18
    6.32		5.9970e+18
    6.33		6.0025e+18
    6.34		6.0081e+18
    6.35		6.0137e+18
    6.36		6.0195e+18
    6.37		6.0254e+18
    6.38		6.0313e+18
    6.39		6.0373e+18
    6.40		6.0434e+18
    6.41		6.0496e+18
    6.42		6.0559e+18
    6.43		6.0622e+18
    6.44		6.0686e+18
    6.45		6.0750e+18
    6.46		6.0815e+18
    6.47		6.0880e+18
    6.48		6.0946e+18
    6.49		6.1012e+18
    6.50		6.1079e+18
    6.51		6.1146e+18
    6.52		6.1213e+18
    6.53		6.1280e+18
    6.54		6.1347e+18
    6.55		6.1414e+18
    6.56		6.1482e+18
    6.57		6.1549e+18
    6.58		6.1616e+18
    6.59		6.1683e+18
    6.60		6.1750e+18
    6.61		6.1816e+18
    6.62		6.1882e+18
    6.63		6.1947e+18
    6.64		6.2012e+18
    6.65		6.2076e+18
    6.66		6.2140e+18
    6.67		6.2203e+18
    6.68		6.2265e+18
    6.69		6.2326e+18
    6.70		6.2385e+18
    6.71		6.2444e+18
    6.72		6.2502e+18
    6.73		6.2558e+18
    6.74		6.2613e+18
    6.75		6.2667e+18
    6.76		6.2719e+18
    6.77		6.2770e+18
    6.78		6.2818e+18
    6.79		6.2866e+18
    6.80		6.2911e+18
    6.81		6.2955e+18
    6.82		6.2997e+18
    6.83		6.3037e+18
    6.84		6.3075e+18
    6.85		6.3111e+18
    6.86		6.3144e+18
    6.87		6.3176e+18
    6.88		6.3206e+18
    6.89		6.3233e+18
    6.90		6.3257e+18
    6.91		6.3280e+18
    6.92		6.3300e+18
    6.93		6.3317e+18
    6.94		6.3332e+18
    6.95		6.3344e+18
    6.96		6.3353e+18
    6.97		6.3360e+18
    6.98		6.3364e+18
    6.99		6.3365e+18
    7.00		6.3363e+18
    7.01		6.3358e+18
    7.02		6.3351e+18
    7.03		6.3341e+18
    7.04		6.3328e+18
    7.05		6.3312e+18
    7.06		6.3293e+18
    7.07		6.3271e+18
    7.08		6.3246e+18
    7.09		6.3218e+18
    7.10		6.3187e+18
    7.11		6.3154e+18
    7.12		6.3117e+18
    7.13		6.3078e+18
    7.14		6.3036e+18
    7.15		6.2990e+18
    7.16		6.2942e+18
    7.17		6.2891e+18
    7.18		6.2837e+18
    7.19		6.2779e+18
    7.20		6.2719e+18
    7.21		6.2656e+18
    7.22		6.2589e+18
    7.23		6.2520e+18
    7.24		6.2448e+18
    7.25		6.2372e+18
    7.26		6.2294e+18
    7.27		6.2213e+18
    7.28		6.2128e+18
    7.29		6.2041e+18
    7.30		6.1950e+18
    7.31		6.1857e+18
    7.32		6.1760e+18
    7.33		6.1661e+18
    7.34		6.1558e+18
    7.35		6.1452e+18
    7.36		6.1343e+18
    7.37		6.1232e+18
    7.38		6.1117e+18
    7.39		6.0999e+18
    7.40		6.0877e+18
    7.41		6.0753e+18
    7.42		6.0626e+18
    7.43		6.0496e+18
    7.44		6.0362e+18
    7.45		6.0226e+18
    7.46		6.0086e+18
    7.47		5.9943e+18
    7.48		5.9797e+18
    7.49		5.9648e+18
    7.50		5.9496e+18
    7.51		5.9341e+18
    7.52		5.9183e+18
    7.53		5.9021e+18
    7.54		5.8857e+18
    7.55		5.8690e+18
    7.56		5.8519e+18
    7.57		5.8345e+18
    7.58		5.8169e+18
    7.59		5.7989e+18
    7.60		5.7806e+18
    7.61		5.7620e+18
    7.62		5.7430e+18
    7.63		5.7238e+18
    7.64		5.7042e+18
    7.65		5.6844e+18
    7.66		5.6641e+18
    7.67		5.6436e+18
    7.68		5.6228e+18
    7.69		5.6016e+18
    7.70		5.5801e+18
    7.71		5.5583e+18
    7.72		5.5362e+18
    7.73		5.5137e+18
    7.74		5.4909e+18
    7.75		5.4678e+18
    7.76		5.4444e+18
    7.77		5.4207e+18
    7.78		5.3966e+18
    7.79		5.3722e+18
    7.80		5.3476e+18
    7.81		5.3226e+18
    7.82		5.2973e+18
    7.83		5.2718e+18
    7.84		5.2460e+18
    7.85		5.2199e+18
    7.86		5.1936e+18
    7.87		5.1670e+18
    7.88		5.1401e+18
    7.89		5.1130e+18
    7.90		5.0857e+18
    7.91		5.0582e+18
    7.92		5.0304e+18
    7.93		5.0025e+18
    7.94		4.9743e+18
    7.95		4.9460e+18
    7.96		4.9174e+18
    7.97		4.8887e+18
    7.98		4.8599e+18
    7.99		4.8309e+18
    8.00		4.8017e+18
    8.01		4.7724e+18
    8.02		4.7429e+18
    8.03		4.7133e+18
    8.04		4.6836e+18
    8.05		4.6538e+18
    8.06		4.6239e+18
    8.07		4.5939e+18
    8.08		4.5638e+18
    8.09		4.5337e+18
    8.10		4.5034e+18
    8.11		4.4731e+18
    8.12		4.4428e+18
    8.13		4.4124e+18
    8.14		4.3819e+18
    8.15		4.3514e+18
    8.16		4.3209e+18
    8.17		4.2904e+18
    8.18		4.2598e+18
    8.19		4.2293e+18
    8.20		4.1988e+18
    8.21		4.1683e+18
    8.22		4.1378e+18
    8.23		4.1074e+18
    8.24		4.0770e+18
    8.25		4.0467e+18
    8.26		4.0165e+18
    8.27		3.9864e+18
    8.28		3.9563e+18
    8.29		3.9264e+18
    8.30		3.8965e+18
    8.31		3.8668e+18
    8.32		3.8372e+18
    8.33		3.8077e+18
    8.34		3.7783e+18
    8.35		3.7491e+18
    8.36		3.7200e+18
    8.37		3.6911e+18
    8.38		3.6624e+18
    8.39		3.6338e+18
    8.40		3.6054e+18
    8.41		3.5772e+18
    8.42		3.5492e+18
    8.43		3.5214e+18
    8.44		3.4937e+18
    8.45		3.4663e+18
    8.46		3.4391e+18
    8.47		3.4121e+18
    8.48		3.3853e+18
    8.49		3.3588e+18
    8.50		3.3325e+18
    8.51		3.3064e+18
    8.52		3.2805e+18
    8.53		3.2549e+18
    8.54		3.2296e+18
    8.55		3.2045e+18
    8.56		3.1796e+18
    8.57		3.1550e+18
    8.58		3.1307e+18
    8.59		3.1066e+18
    8.60		3.0828e+18
    8.61		3.0593e+18
    8.62		3.0360e+18
    8.63		3.0130e+18
    8.64		2.9902e+18
    8.65		2.9677e+18
    8.66		2.9455e+18
    8.67		2.9235e+18
    8.68		2.9018e+18
    8.69		2.8803e+18
    8.70		2.8591e+18
    8.71		2.8381e+18
    8.72		2.8174e+18
    8.73		2.7970e+18
    8.74		2.7768e+18
    8.75		2.7568e+18
    8.76		2.7371e+18
    8.77		2.7176e+18
    8.78		2.6984e+18
    8.79		2.6794e+18
    8.80		2.6606e+18
    8.81		2.6421e+18
    8.82		2.6238e+18
    8.83		2.6057e+18
    8.84		2.5878e+18
    8.85		2.5702e+18
    8.86		2.5528e+18
    8.87		2.5355e+18
    8.88		2.5185e+18
    8.89		2.5017e+18
    8.90		2.4851e+18
    8.91		2.4687e+18
    8.92		2.4526e+18
    8.93		2.4366e+18
    8.94		2.4208e+18
    8.95		2.4053e+18
    8.96		2.3899e+18
    8.97		2.3747e+18
    8.98		2.3598e+18
    8.99		2.3450e+18
    9.00		2.3304e+18
    9.01		2.3160e+18
    9.02		2.3018e+18
    9.03		2.2877e+18
    9.04		2.2738e+18
    9.05		2.2601e+18
    9.06		2.2466e+18
    9.07		2.2332e+18
    9.08		2.2199e+18
    9.09		2.2068e+18
    9.10		2.1938e+18
    9.11		2.1810e+18
    9.12		2.1683e+18
    9.13		2.1557e+18
    9.14		2.1433e+18
    9.15		2.1310e+18
    9.16		2.1188e+18
    9.17		2.1067e+18
    9.18		2.0947e+18
    9.19		2.0828e+18
    9.20		2.0710e+18
    9.21		2.0594e+18
    9.22		2.0478e+18
    9.23		2.0363e+18
    9.24		2.0250e+18
    9.25		2.0137e+18
    9.26		2.0025e+18
    9.27		1.9914e+18
    9.28		1.9804e+18
    9.29		1.9694e+18
    9.30		1.9586e+18
    9.31		1.9478e+18
    9.32		1.9371e+18
    9.33		1.9265e+18
    9.34		1.9159e+18
    9.35		1.9054e+18
    9.36		1.8950e+18
    9.37		1.8846e+18
    9.38		1.8743e+18
    9.39		1.8641e+18
    9.40		1.8539e+18
    9.41		1.8437e+18
    9.42		1.8336e+18
    9.43		1.8235e+18
    9.44		1.8135e+18
    9.45		1.8035e+18
    9.46		1.7936e+18
    9.47		1.7836e+18
    9.48		1.7737e+18
    9.49		1.7639e+18
    9.50		1.7540e+18
    9.51		1.7442e+18
    9.52		1.7344e+18
    9.53		1.7246e+18
    9.54		1.7148e+18
    9.55		1.7051e+18
    9.56		1.6953e+18
    9.57		1.6855e+18
    9.58		1.6757e+18
    9.59		1.6660e+18
    9.60		1.6562e+18
    9.61		1.6464e+18
    9.62		1.6367e+18
    9.63		1.6269e+18
    9.64		1.6171e+18
    9.65		1.6073e+18
    9.66		1.5976e+18
    9.67		1.5878e+18
    9.68		1.5780e+18
    9.69		1.5682e+18
    9.70		1.5584e+18
    9.71		1.5486e+18
    9.72		1.5388e+18
    9.73		1.5290e+18
    9.74		1.5193e+18
    9.75		1.5095e+18
    9.76		1.4997e+18
    9.77		1.4900e+18
    9.78		1.4802e+18
    9.79		1.4705e+18
    9.80		1.4608e+18
    9.81		1.4510e+18
    9.82		1.4413e+18
    9.83		1.4316e+18
    9.84		1.4219e+18
    9.85		1.4122e+18
    9.86		1.4026e+18
    9.87		1.3929e+18
    9.88		1.3833e+18
    9.89		1.3736e+18
    9.90		1.3640e+18
    9.91		1.3545e+18
    9.92		1.3449e+18
    9.93		1.3354e+18
    9.94		1.3259e+18
    9.95		1.3164e+18
    9.96		1.3070e+18
    9.97		1.2976e+18
    9.98		1.2883e+18
    9.99		1.2790e+18
   10.00		1.2698e+18
   10.01		1.2606e+18
   10.02		1.2514e+18
   10.03		1.2423e+18
   10.04		1.2333e+18
   10.05		1.2243e+18
   10.06		1.2153e+18
   10.07		1.2064e+18
   10.08		1.1976e+18
   10.09		1.1888e+18
   10.10		1.1801e+18
   10.11		1.1715e+18
   10.12		1.1629e+18
   10.13		1.1544e+18
   10.14		1.1459e+18
   10.15		1.1375e+18
   10.16		1.1292e+18
   10.17		1.1209e+18
   10.18		1.1128e+18
   10.19		1.1046e+18
   10.20		1.0966e+18
   10.21		1.0886e+18
   10.22		1.0807e+18
   10.23		1.0728e+18
   10.24		1.0651e+18
   10.25		1.0573e+18
   10.26		1.0497e+18
   10.27		1.0421e+18
   10.28		1.0346e+18
   10.29		1.0272e+18
   10.30		1.0198e+18
   10.31		1.0125e+18
   10.32		1.0053e+18
   10.33		9.9809e+17
   10.34		9.9098e+17
   10.35		9.8393e+17
   10.36		9.7695e+17
   10.37		9.7003e+17
   10.38		9.6317e+17
   10.39		9.5638e+17
   10.40		9.4964e+17
   10.41		9.4296e+17
   10.42		9.3635e+17
   10.43		9.2979e+17
   10.44		9.2329e+17
   10.45		9.1684e+17
   10.46		9.1045e+17
   10.47		9.0411e+17
   10.48		8.9782e+17
   10.49		8.9159e+17
   10.50		8.8541e+17
   10.51		8.7927e+17
   10.52		8.7319e+17
   10.53		8.6715e+17
   10.54		8.6115e+17
   10.55		8.5520e+17
   10.56		8.4929e+17
   10.57		8.4341e+17
   10.58		8.3758e+17
   10.59		8.3179e+17
   10.60		8.2603e+17
   10.61		8.2031e+17
   10.62		8.1462e+17
   10.63		8.0898e+17
   10.64		8.0337e+17
   10.65		7.9780e+17
   10.66		7.9227e+17
   10.67		7.8677e+17
   10.68		7.8132e+17
   10.69		7.7590e+17
   10.70		7.7053e+17
   10.71		7.6519e+17
   10.72		7.5989e+17
   10.73		7.5464e+17
   10.74		7.4942e+17
   10.75		7.4424e+17
   10.76		7.3911e+17
   10.77		7.3401e+17
   10.78		7.2895e+17
   10.79		7.2393e+17
   10.80		7.1894e+17
   10.81		7.1400e+17
   10.82		7.0908e+17
   10.83		7.0420e+17
   10.84		6.9935e+17
   10.85		6.9454e+17
   10.86		6.8975e+17
   10.87		6.8499e+17
   10.88		6.8026e+17
   10.89		6.7555e+17
   10.90		6.7087e+17
   10.91		6.6621e+17
   10.92		6.6157e+17
   10.93		6.5696e+17
   10.94		6.5236e+17
   10.95		6.4778e+17
   10.96		6.4321e+17
   10.97		6.3866e+17
   10.98		6.3413e+17
   10.99		6.2960e+17
   11.00		6.2509e+17
   11.01		6.2060e+17
   11.02		6.1611e+17
   11.03		6.1164e+17
   11.04		6.0719e+17
   11.05		6.0274e+17
   11.06		5.9831e+17
   11.07		5.9390e+17
   11.08		5.8950e+17
   11.09		5.8511e+17
   11.10		5.8074e+17
   11.11		5.7638e+17
   11.12		5.7203e+17
   11.13		5.6770e+17
   11.14		5.6339e+17
   11.15		5.5909e+17
   11.16		5.5480e+17
   11.17		5.5053e+17
   11.18		5.4627e+17
   11.19		5.4203e+17
   11.20		5.3780e+17
   11.21		5.3359e+17
   11.22		5.2939e+17
   11.23		5.2521e+17
   11.24		5.2104e+17
   11.25		5.1689e+17
   11.26		5.1275e+17
   11.27		5.0862e+17
   11.28		5.0451e+17
   11.29		5.0041e+17
   11.30		4.9632e+17
   11.31		4.9225e+17
   11.32		4.8818e+17
   11.33		4.8413e+17
   11.34		4.8010e+17
   11.35		4.7607e+17
   11.36		4.7206e+17
   11.37		4.6805e+17
   11.38		4.6406e+17
   11.39		4.6008e+17
   11.40		4.5611e+17
   11.41		4.5216e+17
   11.42		4.4821e+17
   11.43		4.4428e+17
   11.44		4.4035e+17
   11.45		4.3644e+17
   11.46		4.3255e+17
   11.47		4.2866e+17
   11.48		4.2478e+17
   11.49		4.2092e+17
   11.50		4.1706e+17
   11.51		4.1322e+17
   11.52		4.0939e+17
   11.53		4.0557e+17
   11.54		4.0176e+17
   11.55		3.9796e+17
   11.56		3.9418e+17
   11.57		3.9040e+17
   11.58		3.8663e+17
   11.59		3.8288e+17
   11.60		3.7913e+17
   11.61		3.7540e+17
   11.62		3.7168e+17
   11.63		3.6797e+17
   11.64		3.6427e+17
   11.65		3.6058e+17
   11.66		3.5690e+17
   11.67		3.5324e+17
   11.68		3.4959e+17
   11.69		3.4595e+17
   11.70		3.4232e+17
   11.71		3.3871e+17
   11.72		3.3510e+17
   11.73		3.3152e+17
   11.74		3.2794e+17
   11.75		3.2438e+17
   11.76		3.2084e+17
   11.77		3.1731e+17
   11.78		3.1380e+17
   11.79		3.1030e+17
   11.80		3.0682e+17
   11.81		3.0336e+17
   11.82		2.9992e+17
   11.83		2.9650e+17
   11.84		2.9310e+17
   11.85		2.8973e+17
   11.86		2.8637e+17
   11.87		2.8304e+17
   11.88		2.7973e+17
   11.89		2.7645e+17
   11.90		2.7319e+17
   11.91		2.6995e+17
   11.92		2.6674e+17
   11.93		2.6356e+17
   11.94		2.6041e+17
   11.95		2.5728e+17
   11.96		2.5419e+17
   11.97		2.5112e+17
   11.98		2.4808e+17
   11.99		2.4507e+17
   12.00		2.4209e+17
   12.01		2.3914e+17
   12.02		2.3622e+17
   12.03		2.3333e+17
   12.04		2.3048e+17
   12.05		2.2765e+17
   12.06		2.2486e+17
   12.07		2.2210e+17
   12.08		2.1937e+17
   12.09		2.1667e+17
   12.10		2.1401e+17
   12.11		2.1138e+17
   12.12		2.0879e+17
   12.13		2.0622e+17
   12.14		2.0369e+17
   12.15		2.0120e+17
   12.16		1.9874e+17
   12.17		1.9631e+17
   12.18		1.9391e+17
   12.19		1.9155e+17
   12.20		1.8923e+17
   12.21		1.8694e+17
   12.22		1.8468e+17
   12.23		1.8245e+17
   12.24		1.8026e+17
   12.25		1.7811e+17
   12.26		1.7599e+17
   12.27		1.7390e+17
   12.28		1.7184e+17
   12.29		1.6982e+17
   12.30		1.6783e+17
   12.31		1.6587e+17
   12.32		1.6394e+17
   12.33		1.6205e+17
   12.34		1.6019e+17
   12.35		1.5836e+17
   12.36		1.5656e+17
   12.37		1.5479e+17
   12.38		1.5306e+17
   12.39		1.5135e+17
   12.40		1.4968e+17
   12.41		1.4803e+17
   12.42		1.4642e+17
   12.43		1.4484e+17
   12.44		1.4329e+17
   12.45		1.4177e+17
   12.46		1.4028e+17
   12.47		1.3882e+17
   12.48		1.3739e+17
   12.49		1.3600e+17
   12.50		1.3463e+17
   12.51		1.3330e+17
   12.52		1.3199e+17
   12.53		1.3072e+17
   12.54		1.2947e+17
   12.55		1.2826e+17
   12.56		1.2707e+17
   12.57		1.2592e+17
   12.58		1.2479e+17
   12.59		1.2369e+17
   12.60		1.2262e+17
   12.61		1.2158e+17
   12.62		1.2057e+17
   12.63		1.1958e+17
   12.64		1.1862e+17
   12.65		1.1769e+17
   12.66		1.1679e+17
   12.67		1.1591e+17
   12.68		1.1506e+17
   12.69		1.1423e+17
   12.70		1.1343e+17
   12.71		1.1265e+17
   12.72		1.1189e+17
   12.73		1.1116e+17
   12.74		1.1046e+17
   12.75		1.0977e+17
   12.76		1.0911e+17
   12.77		1.0847e+17
   12.78		1.0785e+17
   12.79		1.0725e+17
   12.80		1.0667e+17
   12.81		1.0612e+17
   12.82		1.0558e+17
   12.83		1.0506e+17
   12.84		1.0457e+17
   12.85		1.0409e+17
   12.86		1.0364e+17
   12.87		1.0320e+17
   12.88		1.0278e+17
   12.89		1.0239e+17
   12.90		1.0201e+17
   12.91		1.0165e+17
   12.92		1.0131e+17
   12.93		1.0099e+17
   12.94		1.0069e+17
   12.95		1.0041e+17
   12.96		1.0014e+17
   12.97		9.9893e+16
   12.98		9.9663e+16
   12.99		9.9451e+16
   13.00		9.9256e+16
   13.01		9.9077e+16
   13.02		9.8916e+16
   13.03		9.8770e+16
   13.04		9.8642e+16
   13.05		9.8529e+16
   13.06		9.8432e+16
   13.07		9.8351e+16
   13.08		9.8286e+16
   13.09		9.8235e+16
   13.10		9.8200e+16
   13.11		9.8180e+16
   13.12		9.8174e+16
   13.13		9.8183e+16
   13.14		9.8206e+16
   13.15		9.8243e+16
   13.16		9.8294e+16
   13.17		9.8358e+16
   13.18		9.8435e+16
   13.19		9.8525e+16
   13.20		9.8629e+16
   13.21		9.8745e+16
   13.22		9.8873e+16
   13.23		9.9013e+16
   13.24		9.9166e+16
   13.25		9.9330e+16
   13.26		9.9506e+16
   13.27		9.9693e+16
   13.28		9.9892e+16
   13.29		1.0010e+17
   13.30		1.0032e+17
   13.31		1.0055e+17
   13.32		1.0079e+17
   13.33		1.0104e+17
   13.34		1.0131e+17
   13.35		1.0158e+17
   13.36		1.0186e+17
   13.37		1.0215e+17
   13.38		1.0245e+17
   13.39		1.0276e+17
   13.40		1.0308e+17
   13.41		1.0341e+17
   13.42		1.0375e+17
   13.43		1.0411e+17
   13.44		1.0447e+17
   13.45		1.0484e+17
   13.46		1.0522e+17
   13.47		1.0562e+17
   13.48		1.0602e+17
   13.49		1.0644e+17
   13.50		1.0686e+17
   13.51		1.0730e+17
   13.52		1.0775e+17
   13.53		1.0821e+17
   13.54		1.0869e+17
   13.55		1.0917e+17
   13.56		1.0967e+17
   13.57		1.1018e+17
   13.58		1.1070e+17
   13.59		1.1124e+17
   13.60		1.1178e+17
   13.61		1.1234e+17
   13.62		1.1291e+17
   13.63		1.1349e+17
   13.64		1.1409e+17
   13.65		1.1470e+17
   13.66		1.1532e+17
   13.67		1.1595e+17
   13.68		1.1660e+17
   13.69		1.1726e+17
   13.70		1.1793e+17
   13.71		1.1861e+17
   13.72		1.1931e+17
   13.73		1.2002e+17
   13.74		1.2075e+17
   13.75		1.2148e+17
   13.76		1.2223e+17
   13.77		1.2300e+17
   13.78		1.2377e+17
   13.79		1.2456e+17
   13.80		1.2537e+17
   13.81		1.2618e+17
   13.82		1.2701e+17
   13.83		1.2785e+17
   13.84		1.2871e+17
   13.85		1.2958e+17
   13.86		1.3046e+17
   13.87		1.3135e+17
   13.88		1.3226e+17
   13.89		1.3318e+17
   13.90		1.3412e+17
   13.91		1.3507e+17
   13.92		1.3603e+17
   13.93		1.3700e+17
   13.94		1.3799e+17
   13.95		1.3899e+17
   13.96		1.4000e+17
   13.97		1.4103e+17
   13.98		1.4207e+17
   13.99		1.4312e+17
   14.00		1.4418e+17
   14.01		1.4526e+17
   14.02		1.4635e+17
   14.03		1.4745e+17
   14.04		1.4856e+17
   14.05		1.4969e+17
   14.06		1.5082e+17
   14.07		1.5197e+17
   14.08		1.5314e+17
   14.09		1.5431e+17
   14.10		1.5550e+17
   14.11		1.5669e+17
   14.12		1.5790e+17
   14.13		1.5912e+17
   14.14		1.6035e+17
   14.15		1.6159e+17
   14.16		1.6285e+17
   14.17		1.6411e+17
   14.18		1.6538e+17
   14.19		1.6667e+17
   14.20		1.6796e+17
   14.21		1.6927e+17
   14.22		1.7058e+17
   14.23		1.7190e+17
   14.24		1.7324e+17
   14.25		1.7458e+17
   14.26		1.7593e+17
   14.27		1.7729e+17
   14.28		1.7865e+17
   14.29		1.8003e+17
   14.30		1.8141e+17
   14.31		1.8280e+17
   14.32		1.8420e+17
   14.33		1.8561e+17
   14.34		1.8702e+17
   14.35		1.8844e+17
   14.36		1.8986e+17
   14.37		1.9130e+17
   14.38		1.9273e+17
   14.39		1.9418e+17
   14.40		1.9563e+17
   14.41		1.9709e+17
   14.42		1.9855e+17
   14.43		2.0002e+17
   14.44		2.0150e+17
   14.45		2.0298e+17
   14.46		2.0447e+17
   14.47		2.0596e+17
   14.48		2.0746e+17
   14.49		2.0896e+17
   14.50		2.1046e+17
   14.51		2.1197e+17
   14.52		2.1349e+17
   14.53		2.1501e+17
   14.54		2.1654e+17
   14.55		2.1806e+17
   14.56		2.1960e+17
   14.57		2.2113e+17
   14.58		2.2267e+17
   14.59		2.2422e+17
   14.60		2.2576e+17
   14.61		2.2731e+17
   14.62		2.2887e+17
   14.63		2.3042e+17
   14.64		2.3198e+17
   14.65		2.3354e+17
   14.66		2.3510e+17
   14.67		2.3667e+17
   14.68		2.3824e+17
   14.69		2.3981e+17
   14.70		2.4138e+17
   14.71		2.4295e+17
   14.72		2.4453e+17
   14.73		2.4611e+17
   14.74		2.4768e+17
   14.75		2.4926e+17
   14.76		2.5085e+17
   14.77		2.5243e+17
   14.78		2.5401e+17
   14.79		2.5560e+17
   14.80		2.5718e+17
   14.81		2.5877e+17
   14.82		2.6036e+17
   14.83		2.6194e+17
   14.84		2.6353e+17
   14.85		2.6512e+17
   14.86		2.6671e+17
   14.87		2.6830e+17
   14.88		2.6989e+17
   14.89		2.7148e+17
   14.90		2.7307e+17
   14.91		2.7467e+17
   14.92		2.7626e+17
   14.93		2.7785e+17
   14.94		2.7945e+17
   14.95		2.8104e+17
   14.96		2.8264e+17
   14.97		2.8423e+17
   14.98		2.8583e+17
   14.99		2.8742e+17
   15.00		2.8902e+17
   15.01		2.9061e+17
   15.02		2.9221e+17
   15.03		2.9380e+17
   15.04		2.9540e+17
   15.05		2.9699e+17
   15.06		2.9859e+17
   15.07		3.0019e+17
   15.08		3.0178e+17
   15.09		3.0338e+17
   15.10		3.0498e+17
   15.11		3.0658e+17
   15.12		3.0818e+17
   15.13		3.0978e+17
   15.14		3.1138e+17
   15.15		3.1299e+17
   15.16		3.1459e+17
   15.17		3.1620e+17
   15.18		3.1781e+17
   15.19		3.1942e+17
   15.20		3.2104e+17
   15.21		3.2265e+17
   15.22		3.2428e+17
   15.23		3.2590e+17
   15.24		3.2753e+17
   15.25		3.2916e+17
   15.26		3.3079e+17
   15.27		3.3243e+17
   15.28		3.3407e+17
   15.29		3.3571e+17
   15.30		3.3736e+17
   15.31		3.3901e+17
   15.32		3.4067e+17
   15.33		3.4233e+17
   15.34		3.4400e+17
   15.35		3.4568e+17
   15.36		3.4735e+17
   15.37		3.4904e+17
   15.38		3.5073e+17
   15.39		3.5242e+17
   15.40		3.5412e+17
   15.41		3.5583e+17
   15.42		3.5754e+17
   15.43		3.5926e+17
   15.44		3.6099e+17
   15.45		3.6272e+17
   15.46		3.6446e+17
   15.47		3.6620e+17
   15.48		3.6796e+17
   15.49		3.6971e+17
   15.50		3.7148e+17
   15.51		3.7325e+17
   15.52		3.7503e+17
   15.53		3.7682e+17
   15.54		3.7861e+17
   15.55		3.8041e+17
   15.56		3.8222e+17
   15.57		3.8404e+17
   15.58		3.8587e+17
   15.59		3.8770e+17
   15.60		3.8955e+17
   15.61		3.9141e+17
   15.62		3.9328e+17
   15.63		3.9517e+17
   15.64		3.9706e+17
   15.65		3.9897e+17
   15.66		4.0090e+17
   15.67		4.0283e+17
   15.68		4.0478e+17
   15.69		4.0675e+17
   15.70		4.0873e+17
   15.71		4.1073e+17
   15.72		4.1275e+17
   15.73		4.1478e+17
   15.74		4.1683e+17
   15.75		4.1890e+17
   15.76		4.2098e+17
   15.77		4.2309e+17
   15.78		4.2521e+17
   15.79		4.2735e+17
   15.80		4.2951e+17
   15.81		4.3169e+17
   15.82		4.3389e+17
   15.83		4.3611e+17
   15.84		4.3835e+17
   15.85		4.4061e+17
   15.86		4.4289e+17
   15.87		4.4520e+17
   15.88		4.4752e+17
   15.89		4.4987e+17
   15.90		4.5223e+17
   15.91		4.5462e+17
   15.92		4.5703e+17
   15.93		4.5947e+17
   15.94		4.6192e+17
   15.95		4.6440e+17
   15.96		4.6690e+17
   15.97		4.6942e+17
   15.98		4.7196e+17
   15.99		4.7453e+17
   16.00		4.7712e+17
   16.01		4.7973e+17
   16.02		4.8236e+17
   16.03		4.8501e+17
   16.04		4.8768e+17
   16.05		4.9038e+17
   16.06		4.9309e+17
   16.07		4.9583e+17
   16.08		4.9859e+17
   16.09		5.0137e+17
   16.10		5.0417e+17
   16.11		5.0700e+17
   16.12		5.0984e+17
   16.13		5.1271e+17
   16.14		5.1559e+17
   16.15		5.1850e+17
   16.16		5.2143e+17
   16.17		5.2438e+17
   16.18		5.2735e+17
   16.19		5.3034e+17
   16.20		5.3335e+17
   16.21		5.3638e+17
   16.22		5.3943e+17
   16.23		5.4251e+17
   16.24		5.4560e+17
   16.25		5.4871e+17
   16.26		5.5183e+17
   16.27		5.5498e+17
   16.28		5.5815e+17
   16.29		5.6133e+17
   16.30		5.6454e+17
   16.31		5.6776e+17
   16.32		5.7100e+17
   16.33		5.7425e+17
   16.34		5.7753e+17
   16.35		5.8081e+17
   16.36		5.8412e+17
   16.37		5.8744e+17
   16.38		5.9077e+17
   16.39		5.9413e+17
   16.40		5.9750e+17
   16.41		6.0088e+17
   16.42		6.0428e+17
   16.43		6.0771e+17
   16.44		6.1114e+17
   16.45		6.1460e+17
   16.46		6.1808e+17
   16.47		6.2157e+17
   16.48		6.2509e+17
   16.49		6.2862e+17
   16.50		6.3218e+17
   16.51		6.3575e+17
   16.52		6.3934e+17
   16.53		6.4296e+17
   16.54		6.4659e+17
   16.55		6.5025e+17
   16.56		6.5392e+17
   16.57		6.5762e+17
   16.58		6.6134e+17
   16.59		6.6508e+17
   16.60		6.6884e+17
   16.61		6.7262e+17
   16.62		6.7643e+17
   16.63		6.8026e+17
   16.64		6.8411e+17
   16.65		6.8799e+17
   16.66		6.9189e+17
   16.67		6.9581e+17
   16.68		6.9975e+17
   16.69		7.0372e+17
   16.70		7.0770e+17
   16.71		7.1171e+17
   16.72		7.1575e+17
   16.73		7.1980e+17
   16.74		7.2387e+17
   16.75		7.2797e+17
   16.76		7.3209e+17
   16.77		7.3622e+17
   16.78		7.4038e+17
   16.79		7.4456e+17
   16.80		7.4875e+17
   16.81		7.5297e+17
   16.82		7.5720e+17
   16.83		7.6145e+17
   16.84		7.6572e+17
   16.85		7.7001e+17
   16.86		7.7431e+17
   16.87		7.7862e+17
   16.88		7.8296e+17
   16.89		7.8730e+17
   16.90		7.9166e+17
   16.91		7.9604e+17
   16.92		8.0042e+17
   16.93		8.0481e+17
   16.94		8.0922e+17
   16.95		8.1363e+17
   16.96		8.1805e+17
   16.97		8.2247e+17
   16.98		8.2690e+17
   16.99		8.3134e+17
   17.00		8.3577e+17
   17.01		8.4021e+17
   17.02		8.4465e+17
   17.03		8.4908e+17
   17.04		8.5352e+17
   17.05		8.5795e+17
   17.06		8.6238e+17
   17.07		8.6680e+17
   17.08		8.7121e+17
   17.09		8.7561e+17
   17.10		8.8001e+17
   17.11		8.8439e+17
   17.12		8.8877e+17
   17.13		8.9313e+17
   17.14		8.9747e+17
   17.15		9.0180e+17
   17.16		9.0611e+17
   17.17		9.1040e+17
   17.18		9.1466e+17
   17.19		9.1891e+17
   17.20		9.2313e+17
   17.21		9.2732e+17
   17.22		9.3149e+17
   17.23		9.3562e+17
   17.24		9.3973e+17
   17.25		9.4380e+17
   17.26		9.4783e+17
   17.27		9.5183e+17
   17.28		9.5579e+17
   17.29		9.5971e+17
   17.30		9.6359e+17
   17.31		9.6743e+17
   17.32		9.7123e+17
   17.33		9.7498e+17
   17.34		9.7868e+17
   17.35		9.8233e+17
   17.36		9.8594e+17
   17.37		9.8949e+17
   17.38		9.9299e+17
   17.39		9.9644e+17
   17.40		9.9983e+17
   17.41		1.0032e+18
   17.42		1.0064e+18
   17.43		1.0097e+18
   17.44		1.0128e+18
   17.45		1.0159e+18
   17.46		1.0190e+18
   17.47		1.0219e+18
   17.48		1.0249e+18
   17.49		1.0277e+18
   17.50		1.0305e+18
   17.51		1.0332e+18
   17.52		1.0359e+18
   17.53		1.0385e+18
   17.54		1.0410e+18
   17.55		1.0434e+18
   17.56		1.0458e+18
   17.57		1.0481e+18
   17.58		1.0504e+18
   17.59		1.0525e+18
   17.60		1.0546e+18
   17.61		1.0567e+18
   17.62		1.0586e+18
   17.63		1.0605e+18
   17.64		1.0623e+18
   17.65		1.0641e+18
   17.66		1.0657e+18
   17.67		1.0673e+18
   17.68		1.0688e+18
   17.69		1.0703e+18
   17.70		1.0717e+18
   17.71		1.0730e+18
   17.72		1.0742e+18
   17.73		1.0754e+18
   17.74		1.0765e+18
   17.75		1.0775e+18
   17.76		1.0784e+18
   17.77		1.0793e+18
   17.78		1.0801e+18
   17.79		1.0808e+18
   17.80		1.0815e+18
   17.81		1.0820e+18
   17.82		1.0826e+18
   17.83		1.0830e+18
   17.84		1.0834e+18
   17.85		1.0837e+18
   17.86		1.0840e+18
   17.87		1.0841e+18
   17.88		1.0843e+18
   17.89		1.0843e+18
   17.90		1.0843e+18
   17.91		1.0842e+18
   17.92		1.0841e+18
   17.93		1.0839e+18
   17.94		1.0837e+18
   17.95		1.0833e+18
   17.96		1.0830e+18
   17.97		1.0825e+18
   17.98		1.0821e+18
   17.99		1.0815e+18
   18.00		1.0809e+18
   18.01		1.0802e+18
   18.02		1.0795e+18
   18.03		1.0787e+18
   18.04		1.0779e+18
   18.05		1.0770e+18
   18.06		1.0761e+18
   18.07		1.0751e+18
   18.08		1.0740e+18
   18.09		1.0729e+18
   18.10		1.0717e+18
   18.11		1.0705e+18
   18.12		1.0692e+18
   18.13		1.0679e+18
   18.14		1.0665e+18
   18.15		1.0650e+18
   18.16		1.0635e+18
   18.17		1.0620e+18
   18.18		1.0604e+18
   18.19		1.0587e+18
   18.20		1.0570e+18
   18.21		1.0553e+18
   18.22		1.0535e+18
   18.23		1.0517e+18
   18.24		1.0498e+18
   18.25		1.0478e+18
   18.26		1.0458e+18
   18.27		1.0438e+18
   18.28		1.0417e+18
   18.29		1.0396e+18
   18.30		1.0375e+18
   18.31		1.0353e+18
   18.32		1.0330e+18
   18.33		1.0307e+18
   18.34		1.0284e+18
   18.35		1.0261e+18
   18.36		1.0237e+18
   18.37		1.0212e+18
   18.38		1.0188e+18
   18.39		1.0163e+18
   18.40		1.0137e+18
   18.41		1.0112e+18
   18.42		1.0086e+18
   18.43		1.0060e+18
   18.44		1.0033e+18
   18.45		1.0006e+18
   18.46		9.9787e+17
   18.47		9.9512e+17
   18.48		9.9233e+17
   18.49		9.8951e+17
   18.50		9.8667e+17
   18.51		9.8379e+17
   18.52		9.8089e+17
   18.53		9.7796e+17
   18.54		9.7501e+17
   18.55		9.7203e+17
   18.56		9.6903e+17
   18.57		9.6601e+17
   18.58		9.6296e+17
   18.59		9.5990e+17
   18.60		9.5681e+17
   18.61		9.5371e+17
   18.62		9.5059e+17
   18.63		9.4745e+17
   18.64		9.4429e+17
   18.65		9.4113e+17
   18.66		9.3794e+17
   18.67		9.3475e+17
   18.68		9.3155e+17
   18.69		9.2833e+17
   18.70		9.2511e+17
   18.71		9.2188e+17
   18.72		9.1864e+17
   18.73		9.1540e+17
   18.74		9.1215e+17
   18.75		9.0890e+17
   18.76		9.0565e+17
   18.77		9.0240e+17
   18.78		8.9915e+17
   18.79		8.9590e+17
   18.80		8.9266e+17
   18.81		8.8942e+17
   18.82		8.8618e+17
   18.83		8.8296e+17
   18.84		8.7974e+17
   18.85		8.7653e+17
   18.86		8.7333e+17
   18.87		8.7015e+17
   18.88		8.6697e+17
   18.89		8.6381e+17
   18.90		8.6067e+17
   18.91		8.5754e+17
   18.92		8.5443e+17
   18.93		8.5135e+17
   18.94		8.4828e+17
   18.95		8.4523e+17
   18.96		8.4220e+17
   18.97		8.3920e+17
   18.98		8.3622e+17
   18.99		8.3327e+17
   19.00		8.3034e+17
   19.01		8.2744e+17
   19.02		8.2458e+17
   19.03		8.2174e+17
   19.04		8.1893e+17
   19.05		8.1615e+17
   19.06		8.1341e+17
   19.07		8.1070e+17
   19.08		8.0802e+17
   19.09		8.0538e+17
   19.10		8.0277e+17
   19.11		8.0021e+17
   19.12		7.9767e+17
   19.13		7.9518e+17
   19.14		7.9273e+17
   19.15		7.9031e+17
   19.16		7.8794e+17
   19.17		7.8561e+17
   19.18		7.8332e+17
   19.19		7.8107e+17
   19.20		7.7886e+17
   19.21		7.7670e+17
   19.22		7.7459e+17
   19.23		7.7251e+17
   19.24		7.7049e+17
   19.25		7.6850e+17
   19.26		7.6657e+17
   19.27		7.6468e+17
   19.28		7.6283e+17
   19.29		7.6104e+17
   19.30		7.5929e+17
   19.31		7.5759e+17
   19.32		7.5593e+17
   19.33		7.5432e+17
   19.34		7.5276e+17
   19.35		7.5125e+17
   19.36		7.4978e+17
   19.37		7.4836e+17
   19.38		7.4698e+17
   19.39		7.4565e+17
   19.40		7.4437e+17
   19.41		7.4314e+17
   19.42		7.4195e+17
   19.43		7.4080e+17
   19.44		7.3970e+17
   19.45		7.3864e+17
   19.46		7.3763e+17
   19.47		7.3666e+17
   19.48		7.3573e+17
   19.49		7.3484e+17
   19.50		7.3400e+17
   19.51		7.3319e+17
   19.52		7.3243e+17
   19.53		7.3171e+17
   19.54		7.3102e+17
   19.55		7.3038e+17
   19.56		7.2977e+17
   19.57		7.2920e+17
   19.58		7.2867e+17
   19.59		7.2817e+17
   19.60		7.2770e+17
   19.61		7.2727e+17
   19.62		7.2688e+17
   19.63		7.2651e+17
   19.64		7.2618e+17
   19.65		7.2588e+17
   19.66		7.2561e+17
   19.67		7.2536e+17
   19.68		7.2514e+17
   19.69		7.2495e+17
   19.70		7.2479e+17
   19.71		7.2465e+17
   19.72		7.2453e+17
   19.73		7.2444e+17
   19.74		7.2436e+17
   19.75		7.2431e+17
   19.76		7.2427e+17
   19.77		7.2426e+17
   19.78		7.2425e+17
   19.79		7.2427e+17
   19.80		7.2430e+17
   19.81		7.2434e+17
   19.82		7.2439e+17
   19.83		7.2445e+17
   19.84		7.2453e+17
   19.85		7.2461e+17
   19.86		7.2469e+17
   19.87		7.2479e+17
   19.88		7.2488e+17
   19.89		7.2498e+17
   19.90		7.2509e+17
   19.91		7.2519e+17
   19.92		7.2529e+17
   19.93		7.2539e+17
   19.94		7.2549e+17
   19.95		7.2558e+17
   19.96		7.2567e+17
   19.97		7.2576e+17
   19.98		7.2583e+17
   19.99		7.2590e+17
   20.00		7.2597e+17
   20.01		7.2602e+17
   20.02		7.2607e+17
   20.03		7.2611e+17
   20.04		7.2615e+17
   20.05		7.2617e+17
   20.06		7.2619e+17
   20.07		7.2620e+17
   20.08		7.2621e+17
   20.09		7.2620e+17
   20.10		7.2619e+17
   20.11		7.2617e+17
   20.12		7.2614e+17
   20.13		7.2610e+17
   20.14		7.2605e+17
   20.15		7.2600e+17
   20.16		7.2593e+17
   20.17		7.2586e+17
   20.18		7.2578e+17
   20.19		7.2570e+17
   20.20		7.2560e+17
   20.21		7.2550e+17
   20.22		7.2538e+17
   20.23		7.2527e+17
   20.24		7.2514e+17
   20.25		7.2500e+17
   20.26		7.2486e+17
   20.27		7.2471e+17
   20.28		7.2456e+17
   20.29		7.2439e+17
   20.30		7.2422e+17
   20.31		7.2405e+17
   20.32		7.2386e+17
   20.33		7.2367e+17
   20.34		7.2348e+17
   20.35		7.2327e+17
   20.36		7.2307e+17
   20.37		7.2285e+17
   20.38		7.2263e+17
   20.39		7.2240e+17
   20.40		7.2217e+17
   20.41		7.2194e+17
   20.42		7.2170e+17
   20.43		7.2145e+17
   20.44		7.2120e+17
   20.45		7.2094e+17
   20.46		7.2068e+17
   20.47		7.2042e+17
   20.48		7.2015e+17
   20.49		7.1988e+17
   20.50		7.1960e+17
   20.51		7.1932e+17
   20.52		7.1904e+17
   20.53		7.1875e+17
   20.54		7.1846e+17
   20.55		7.1817e+17
   20.56		7.1787e+17
   20.57		7.1756e+17
   20.58		7.1725e+17
   20.59		7.1694e+17
   20.60		7.1662e+17
   20.61		7.1629e+17
   20.62		7.1596e+17
   20.63		7.1563e+17
   20.64		7.1529e+17
   20.65		7.1494e+17
   20.66		7.1459e+17
   20.67		7.1423e+17
   20.68		7.1386e+17
   20.69		7.1349e+17
   20.70		7.1311e+17
   20.71		7.1272e+17
   20.72		7.1233e+17
   20.73		7.1193e+17
   20.74		7.1152e+17
   20.75		7.1110e+17
   20.76		7.1068e+17
   20.77		7.1025e+17
   20.78		7.0981e+17
   20.79		7.0937e+17
   20.80		7.0891e+17
   20.81		7.0845e+17
   20.82		7.0798e+17
   20.83		7.0750e+17
   20.84		7.0701e+17
   20.85		7.0651e+17
   20.86		7.0600e+17
   20.87		7.0549e+17
   20.88		7.0496e+17
   20.89		7.0443e+17
   20.90		7.0388e+17
   20.91		7.0333e+17
   20.92		7.0277e+17
   20.93		7.0219e+17
   20.94		7.0161e+17
   20.95		7.0101e+17
   20.96		7.0041e+17
   20.97		6.9980e+17
   20.98		6.9917e+17
   20.99		6.9854e+17
   21.00		6.9789e+17
   21.01		6.9724e+17
   21.02		6.9657e+17
   21.03		6.9589e+17
   21.04		6.9520e+17
   21.05		6.9451e+17
   21.06		6.9380e+17
   21.07		6.9308e+17
   21.08		6.9234e+17
   21.09		6.9160e+17
   21.10		6.9085e+17
   21.11		6.9008e+17
   21.12		6.8931e+17
   21.13		6.8852e+17
   21.14		6.8772e+17
   21.15		6.8692e+17
   21.16		6.8610e+17
   21.17		6.8528e+17
   21.18		6.8445e+17
   21.19		6.8361e+17
   21.20		6.8276e+17
   21.21		6.8190e+17
   21.22		6.8104e+17
   21.23		6.8017e+17
   21.24		6.7929e+17
   21.25		6.7840e+17
   21.26		6.7752e+17
   21.27		6.7662e+17
   21.28		6.7572e+17
   21.29		6.7481e+17
   21.30		6.7390e+17
   21.31		6.7299e+17
   21.32		6.7207e+17
   21.33		6.7114e+17
   21.34		6.7022e+17
   21.35		6.6928e+17
   21.36		6.6835e+17
   21.37		6.6741e+17
   21.38		6.6647e+17
   21.39		6.6553e+17
   21.40		6.6459e+17
   21.41		6.6364e+17
   21.42		6.6269e+17
   21.43		6.6175e+17
   21.44		6.6079e+17
   21.45		6.5984e+17
   21.46		6.5889e+17
   21.47		6.5794e+17
   21.48		6.5698e+17
   21.49		6.5603e+17
   21.50		6.5507e+17
   21.51		6.5412e+17
   21.52		6.5316e+17
   21.53		6.5220e+17
   21.54		6.5125e+17
   21.55		6.5029e+17
   21.56		6.4934e+17
   21.57		6.4838e+17
   21.58		6.4742e+17
   21.59		6.4647e+17
   21.60		6.4551e+17
   21.61		6.4456e+17
   21.62		6.4360e+17
   21.63		6.4265e+17
   21.64		6.4169e+17
   21.65		6.4074e+17
   21.66		6.3978e+17
   21.67		6.3883e+17
   21.68		6.3787e+17
   21.69		6.3691e+17
   21.70		6.3596e+17
   21.71		6.3500e+17
   21.72		6.3405e+17
   21.73		6.3309e+17
   21.74		6.3213e+17
   21.75		6.3117e+17
   21.76		6.3021e+17
   21.77		6.2925e+17
   21.78		6.2829e+17
   21.79		6.2732e+17
   21.80		6.2636e+17
   21.81		6.2539e+17
   21.82		6.2442e+17
   21.83		6.2345e+17
   21.84		6.2247e+17
   21.85		6.2149e+17
   21.86		6.2051e+17
   21.87		6.1953e+17
   21.88		6.1855e+17
   21.89		6.1756e+17
   21.90		6.1656e+17
   21.91		6.1556e+17
   21.92		6.1456e+17
   21.93		6.1356e+17
   21.94		6.1254e+17
   21.95		6.1153e+17
   21.96		6.1050e+17
   21.97		6.0947e+17
   21.98		6.0844e+17
   21.99		6.0740e+17
   22.00		6.0635e+17
   22.01		6.0529e+17
   22.02		6.0423e+17
   22.03		6.0315e+17
   22.04		6.0207e+17
   22.05		6.0098e+17
   22.06		5.9988e+17
   22.07		5.9877e+17
   22.08		5.9765e+17
   22.09		5.9652e+17
   22.10		5.9538e+17
   22.11		5.9423e+17
   22.12		5.9307e+17
   22.13		5.9190e+17
   22.14		5.9071e+17
   22.15		5.8952e+17
   22.16		5.8831e+17
   22.17		5.8710e+17
   22.18		5.8588e+17
   22.19		5.8464e+17
   22.20		5.8340e+17
   22.21		5.8214e+17
   22.22		5.8088e+17
   22.23		5.7960e+17
   22.24		5.7832e+17
   22.25		5.7703e+17
   22.26		5.7572e+17
   22.27		5.7441e+17
   22.28		5.7309e+17
   22.29		5.7176e+17
   22.30		5.7042e+17
   22.31		5.6907e+17
   22.32		5.6771e+17
   22.33		5.6634e+17
   22.34		5.6496e+17
   22.35		5.6358e+17
   22.36		5.6218e+17
   22.37		5.6078e+17
   22.38		5.5937e+17
   22.39		5.5795e+17
   22.40		5.5652e+17
   22.41		5.5508e+17
   22.42		5.5364e+17
   22.43		5.5218e+17
   22.44		5.5072e+17
   22.45		5.4924e+17
   22.46		5.4776e+17
   22.47		5.4627e+17
   22.48		5.4477e+17
   22.49		5.4326e+17
   22.50		5.4174e+17
   22.51		5.4022e+17
   22.52		5.3868e+17
   22.53		5.3714e+17
   22.54		5.3559e+17
   22.55		5.3403e+17
   22.56		5.3246e+17
   22.57		5.3088e+17
   22.58		5.2929e+17
   22.59		5.2770e+17
   22.60		5.2610e+17
   22.61		5.2449e+17
   22.62		5.2287e+17
   22.63		5.2124e+17
   22.64		5.1961e+17
   22.65		5.1797e+17
   22.66		5.1632e+17
   22.67		5.1466e+17
   22.68		5.1299e+17
   22.69		5.1132e+17
   22.70		5.0964e+17
   22.71		5.0796e+17
   22.72		5.0626e+17
   22.73		5.0456e+17
   22.74		5.0285e+17
   22.75		5.0114e+17
   22.76		4.9942e+17
   22.77		4.9769e+17
   22.78		4.9596e+17
   22.79		4.9422e+17
   22.80		4.9247e+17
   22.81		4.9072e+17
   22.82		4.8896e+17
   22.83		4.8719e+17
   22.84		4.8542e+17
   22.85		4.8365e+17
   22.86		4.8187e+17
   22.87		4.8008e+17
   22.88		4.7829e+17
   22.89		4.7649e+17
   22.90		4.7469e+17
   22.91		4.7288e+17
   22.92		4.7107e+17
   22.93		4.6926e+17
   22.94		4.6744e+17
   22.95		4.6561e+17
   22.96		4.6379e+17
   22.97		4.6195e+17
   22.98		4.6012e+17
   22.99		4.5828e+17
   23.00		4.5643e+17
   23.01		4.5459e+17
   23.02		4.5273e+17
   23.03		4.5088e+17
   23.04		4.4902e+17
   23.05		4.4716e+17
   23.06		4.4530e+17
   23.07		4.4343e+17
   23.08		4.4156e+17
   23.09		4.3969e+17
   23.10		4.3781e+17
   23.11		4.3594e+17
   23.12		4.3406e+17
   23.13		4.3217e+17
   23.14		4.3029e+17
   23.15		4.2840e+17
   23.16		4.2652e+17
   23.17		4.2463e+17
   23.18		4.2273e+17
   23.19		4.2084e+17
   23.20		4.1895e+17
   23.21		4.1705e+17
   23.22		4.1515e+17
   23.23		4.1326e+17
   23.24		4.1136e+17
   23.25		4.0946e+17
   23.26		4.0756e+17
   23.27		4.0565e+17
   23.28		4.0375e+17
   23.29		4.0185e+17
   23.30		3.9995e+17
   23.31		3.9804e+17
   23.32		3.9614e+17
   23.33		3.9424e+17
   23.34		3.9233e+17
   23.35		3.9043e+17
   23.36		3.8853e+17
   23.37		3.8662e+17
   23.38		3.8472e+17
   23.39		3.8282e+17
   23.40		3.8092e+17
   23.41		3.7902e+17
   23.42		3.7711e+17
   23.43		3.7521e+17
   23.44		3.7331e+17
   23.45		3.7141e+17
   23.46		3.6951e+17
   23.47		3.6761e+17
   23.48		3.6571e+17
   23.49		3.6381e+17
   23.50		3.6191e+17
   23.51		3.6001e+17
   23.52		3.5810e+17
   23.53		3.5620e+17
   23.54		3.5430e+17
   23.55		3.5240e+17
   23.56		3.5050e+17
   23.57		3.4860e+17
   23.58		3.4671e+17
   23.59		3.4481e+17
   23.60		3.4291e+17
   23.61		3.4101e+17
   23.62		3.3911e+17
   23.63		3.3722e+17
   23.64		3.3532e+17
   23.65		3.3342e+17
   23.66		3.3153e+17
   23.67		3.2963e+17
   23.68		3.2774e+17
   23.69		3.2585e+17
   23.70		3.2395e+17
   23.71		3.2206e+17
   23.72		3.2017e+17
   23.73		3.1828e+17
   23.74		3.1639e+17
   23.75		3.1450e+17
   23.76		3.1261e+17
   23.77		3.1073e+17
   23.78		3.0884e+17
   23.79		3.0696e+17
   23.80		3.0507e+17
   23.81		3.0319e+17
   23.82		3.0131e+17
   23.83		2.9943e+17
   23.84		2.9755e+17
   23.85		2.9567e+17
   23.86		2.9379e+17
   23.87		2.9191e+17
   23.88		2.9004e+17
   23.89		2.8817e+17
   23.90		2.8630e+17
   23.91		2.8443e+17
   23.92		2.8256e+17
   23.93		2.8069e+17
   23.94		2.7883e+17
   23.95		2.7696e+17
   23.96		2.7510e+17
   23.97		2.7324e+17
   23.98		2.7138e+17
   23.99		2.6953e+17
   24.00		2.6767e+17
   24.01		2.6582e+17
   24.02		2.6397e+17
   24.03		2.6213e+17
   24.04		2.6028e+17
   24.05		2.5844e+17
   24.06		2.5660e+17
   24.07		2.5477e+17
   24.08		2.5294e+17
   24.09		2.5111e+17
   24.10		2.4929e+17
   24.11		2.4747e+17
   24.12		2.4565e+17
   24.13		2.4384e+17
   24.14		2.4203e+17
   24.15		2.4023e+17
   24.16		2.3843e+17
   24.17		2.3664e+17
   24.18		2.3485e+17
   24.19		2.3306e+17
   24.20		2.3128e+17
   24.21		2.2951e+17
   24.22		2.2774e+17
   24.23		2.2597e+17
   24.24		2.2422e+17
   24.25		2.2246e+17
   24.26		2.2071e+17
   24.27		2.1897e+17
   24.28		2.1724e+17
   24.29		2.1551e+17
   24.30		2.1378e+17
   24.31		2.1206e+17
   24.32		2.1035e+17
   24.33		2.0865e+17
   24.34		2.0695e+17
   24.35		2.0525e+17
   24.36		2.0357e+17
   24.37		2.0189e+17
   24.38		2.0022e+17
   24.39		1.9855e+17
   24.40		1.9689e+17
   24.41		1.9524e+17
   24.42		1.9359e+17
   24.43		1.9195e+17
   24.44		1.9032e+17
   24.45		1.8870e+17
   24.46		1.8708e+17
   24.47		1.8547e+17
   24.48		1.8387e+17
   24.49		1.8227e+17
   24.50		1.8068e+17
   24.51		1.7910e+17
   24.52		1.7753e+17
   24.53		1.7596e+17
   24.54		1.7440e+17
   24.55		1.7285e+17
   24.56		1.7130e+17
   24.57		1.6977e+17
   24.58		1.6824e+17
   24.59		1.6671e+17
   24.60		1.6520e+17
   24.61		1.6369e+17
   24.62		1.6219e+17
   24.63		1.6070e+17
   24.64		1.5922e+17
   24.65		1.5774e+17
   24.66		1.5627e+17
   24.67		1.5481e+17
   24.68		1.5336e+17
   24.69		1.5191e+17
   24.70		1.5047e+17
   24.71		1.4904e+17
   24.72		1.4762e+17
   24.73		1.4620e+17
   24.74		1.4480e+17
   24.75		1.4340e+17
   24.76		1.4200e+17
   24.77		1.4062e+17
   24.78		1.3924e+17
   24.79		1.3787e+17
   24.80		1.3651e+17
   24.81		1.3515e+17
   24.82		1.3381e+17
   24.83		1.3247e+17
   24.84		1.3114e+17
   24.85		1.2981e+17
   24.86		1.2849e+17
   24.87		1.2719e+17
   24.88		1.2588e+17
   24.89		1.2459e+17
   24.90		1.2330e+17
   24.91		1.2202e+17
   24.92		1.2075e+17
   24.93		1.1949e+17
   24.94		1.1823e+17
   24.95		1.1698e+17
   24.96		1.1573e+17
   24.97		1.1450e+17
   24.98		1.1327e+17
   24.99		1.1205e+17
   25.00		1.1083e+17
   25.01		1.0963e+17
   25.02		1.0843e+17
   25.03		1.0724e+17
   25.04		1.0605e+17
   25.05		1.0487e+17
   25.06		1.0371e+17
   25.07		1.0254e+17
   25.08		1.0139e+17
   25.09		1.0024e+17
   25.10		9.9105e+16
   25.11		9.7974e+16
   25.12		9.6851e+16
   25.13		9.5735e+16
   25.14		9.4628e+16
   25.15		9.3528e+16
   25.16		9.2436e+16
   25.17		9.1352e+16
   25.18		9.0275e+16
   25.19		8.9207e+16
   25.20		8.8146e+16
   25.21		8.7094e+16
   25.22		8.6049e+16
   25.23		8.5012e+16
   25.24		8.3984e+16
   25.25		8.2963e+16
   25.26		8.1950e+16
   25.27		8.0946e+16
   25.28		7.9949e+16
   25.29		7.8960e+16
   25.30		7.7980e+16
   25.31		7.7007e+16
   25.32		7.6043e+16
   25.33		7.5087e+16
   25.34		7.4139e+16
   25.35		7.3199e+16
   25.36		7.2267e+16
   25.37		7.1343e+16
   25.38		7.0428e+16
   25.39		6.9520e+16
   25.40		6.8621e+16
   25.41		6.7730e+16
   25.42		6.6847e+16
   25.43		6.5972e+16
   25.44		6.5106e+16
   25.45		6.4247e+16
   25.46		6.3397e+16
   25.47		6.2555e+16
   25.48		6.1721e+16
   25.49		6.0896e+16
   25.50		6.0078e+16
   25.51		5.9269e+16
   25.52		5.8468e+16
   25.53		5.7674e+16
   25.54		5.6890e+16
   25.55		5.6113e+16
   25.56		5.5344e+16
   25.57		5.4583e+16
   25.58		5.3831e+16
   25.59		5.3087e+16
   25.60		5.2350e+16
   25.61		5.1622e+16
   25.62		5.0902e+16
   25.63		5.0190e+16
   25.64		4.9486e+16
   25.65		4.8790e+16
   25.66		4.8101e+16
   25.67		4.7421e+16
   25.68		4.6749e+16
   25.69		4.6085e+16
   25.70		4.5428e+16
   25.71		4.4780e+16
   25.72		4.4139e+16
   25.73		4.3506e+16
   25.74		4.2881e+16
   25.75		4.2264e+16
   25.76		4.1654e+16
   25.77		4.1052e+16
   25.78		4.0458e+16
   25.79		3.9871e+16
   25.80		3.9292e+16
   25.81		3.8721e+16
   25.82		3.8157e+16
   25.83		3.7600e+16
   25.84		3.7051e+16
   25.85		3.6509e+16
   25.86		3.5975e+16
   25.87		3.5447e+16
   25.88		3.4927e+16
   25.89		3.4414e+16
   25.90		3.3908e+16
   25.91		3.3409e+16
   25.92		3.2917e+16
   25.93		3.2432e+16
   25.94		3.1954e+16
   25.95		3.1483e+16
   25.96		3.1019e+16
   25.97		3.0561e+16
   25.98		3.0109e+16
   25.99		2.9665e+16
   26.00		2.9227e+16
   26.01		2.8795e+16
   26.02		2.8370e+16
   26.03		2.7951e+16
   26.04		2.7538e+16
   26.05		2.7132e+16
   26.06		2.6732e+16
   26.07		2.6337e+16
   26.08		2.5949e+16
   26.09		2.5567e+16
   26.10		2.5191e+16
   26.11		2.4820e+16
   26.12		2.4455e+16
   26.13		2.4096e+16
   26.14		2.3743e+16
   26.15		2.3395e+16
   26.16		2.3052e+16
   26.17		2.2715e+16
   26.18		2.2383e+16
   26.19		2.2056e+16
   26.20		2.1735e+16
   26.21		2.1418e+16
   26.22		2.1107e+16
   26.23		2.0800e+16
   26.24		2.0499e+16
   26.25		2.0202e+16
   26.26		1.9910e+16
   26.27		1.9623e+16
   26.28		1.9340e+16
   26.29		1.9062e+16
   26.30		1.8788e+16
   26.31		1.8519e+16
   26.32		1.8253e+16
   26.33		1.7992e+16
   26.34		1.7736e+16
   26.35		1.7483e+16
   26.36		1.7234e+16
   26.37		1.6989e+16
   26.38		1.6748e+16
   26.39		1.6510e+16
   26.40		1.6277e+16
   26.41		1.6047e+16
   26.42		1.5820e+16
   26.43		1.5597e+16
   26.44		1.5377e+16
   26.45		1.5160e+16
   26.46		1.4946e+16
   26.47		1.4736e+16
   26.48		1.4529e+16
   26.49		1.4324e+16
   26.50		1.4123e+16
   26.51		1.3924e+16
   26.52		1.3729e+16
   26.53		1.3536e+16
   26.54		1.3345e+16
   26.55		1.3157e+16
   26.56		1.2972e+16
   26.57		1.2789e+16
   26.58		1.2608e+16
   26.59		1.2430e+16
   26.60		1.2254e+16
   26.61		1.2081e+16
   26.62		1.1909e+16
   26.63		1.1740e+16
   26.64		1.1573e+16
   26.65		1.1408e+16
   26.66		1.1245e+16
   26.67		1.1084e+16
   26.68		1.0925e+16
   26.69		1.0768e+16
   26.70		1.0614e+16
   26.71		1.0461e+16
   26.72		1.0310e+16
   26.73		1.0161e+16
   26.74		1.0014e+16
   26.75		9.8686e+15
   26.76		9.7252e+15
   26.77		9.5837e+15
   26.78		9.4439e+15
   26.79		9.3059e+15
   26.80		9.1696e+15
   26.81		9.0351e+15
   26.82		8.9024e+15
   26.83		8.7713e+15
   26.84		8.6419e+15
   26.85		8.5142e+15
   26.86		8.3882e+15
   26.87		8.2637e+15
   26.88		8.1409e+15
   26.89		8.0197e+15
   26.90		7.9000e+15
   26.91		7.7819e+15
   26.92		7.6653e+15
   26.93		7.5503e+15
   26.94		7.4367e+15
   26.95		7.3246e+15
   26.96		7.2139e+15
   26.97		7.1047e+15
   26.98		6.9968e+15
   26.99		6.8904e+15
   27.00		6.7853e+15
   27.01		6.6816e+15
   27.02		6.5792e+15
   27.03		6.4781e+15
   27.04		6.3783e+15
   27.05		6.2797e+15
   27.06		6.1824e+15
   27.07		6.0863e+15
   27.08		5.9913e+15
   27.09		5.8976e+15
   27.10		5.8050e+15
   27.11		5.7136e+15
   27.12		5.6233e+15
   27.13		5.5341e+15
   27.14		5.4460e+15
   27.15		5.3590e+15
   27.16		5.2731e+15
   27.17		5.1882e+15
   27.18		5.1044e+15
   27.19		5.0217e+15
   27.20		4.9399e+15
   27.21		4.8592e+15
   27.22		4.7795e+15
   27.23		4.7007e+15
   27.24		4.6229e+15
   27.25		4.5461e+15
   27.26		4.4702e+15
   27.27		4.3953e+15
   27.28		4.3212e+15
   27.29		4.2481e+15
   27.30		4.1758e+15
   27.31		4.1044e+15
   27.32		4.0339e+15
   27.33		3.9642e+15
   27.34		3.8953e+15
   27.35		3.8272e+15
   27.36		3.7600e+15
   27.37		3.6935e+15
   27.38		3.6279e+15
   27.39		3.5630e+15
   27.40		3.4989e+15
   27.41		3.4357e+15
   27.42		3.3732e+15
   27.43		3.3115e+15
   27.44		3.2505e+15
   27.45		3.1904e+15
   27.46		3.1310e+15
   27.47		3.0724e+15
   27.48		3.0146e+15
   27.49		2.9575e+15
   27.50		2.9012e+15
   27.51		2.8457e+15
   27.52		2.7909e+15
   27.53		2.7369e+15
   27.54		2.6836e+15
   27.55		2.6311e+15
   27.56		2.5793e+15
   27.57		2.5282e+15
   27.58		2.4779e+15
   27.59		2.4282e+15
   27.60		2.3793e+15
   27.61		2.3311e+15
   27.62		2.2836e+15
   27.63		2.2368e+15
   27.64		2.1906e+15
   27.65		2.1451e+15
   27.66		2.1003e+15
   27.67		2.0562e+15
   27.68		2.0127e+15
   27.69		1.9698e+15
   27.70		1.9276e+15
   27.71		1.8860e+15
   27.72		1.8450e+15
   27.73		1.8046e+15
   27.74		1.7648e+15
   27.75		1.7257e+15
   27.76		1.6871e+15
   27.77		1.6492e+15
   27.78		1.6118e+15
   27.79		1.5750e+15
   27.80		1.5389e+15
   27.81		1.5032e+15
   27.82		1.4682e+15
   27.83		1.4338e+15
   27.84		1.3999e+15
   27.85		1.3665e+15
   27.86		1.3338e+15
   27.87		1.3016e+15
   27.88		1.2699e+15
   27.89		1.2388e+15
   27.90		1.2082e+15
   27.91		1.1781e+15
   27.92		1.1486e+15
   27.93		1.1196e+15
   27.94		1.0912e+15
   27.95		1.0632e+15
   27.96		1.0358e+15
   27.97		1.0088e+15
   27.98		9.8237e+14
   27.99		9.5643e+14
   28.00		9.3098e+14
   28.01		9.0601e+14
   28.02		8.8152e+14
   28.03		8.5751e+14
   28.04		8.3397e+14
   28.05		8.1090e+14
   28.06		7.8828e+14
   28.07		7.6612e+14
   28.08		7.4441e+14
   28.09		7.2314e+14
   28.10		7.0232e+14
   28.11		6.8192e+14
   28.12		6.6196e+14
   28.13		6.4242e+14
   28.14		6.2329e+14
   28.15		6.0458e+14
   28.16		5.8627e+14
   28.17		5.6836e+14
   28.18		5.5085e+14
   28.19		5.3373e+14
   28.20		5.1700e+14
   28.21		5.0064e+14
   28.22		4.8466e+14
   28.23		4.6904e+14
   28.24		4.5378e+14
   28.25		4.3888e+14
   28.26		4.2434e+14
   28.27		4.1013e+14
   28.28		3.9627e+14
   28.29		3.8274e+14
   28.30		3.6953e+14
   28.31		3.5665e+14
   28.32		3.4408e+14
   28.33		3.3183e+14
   28.34		3.1987e+14
   28.35		3.0822e+14
   28.36		2.9686e+14
   28.37		2.8578e+14
   28.38		2.7499e+14
   28.39		2.6447e+14
   28.40		2.5421e+14
   28.41		2.4422e+14
   28.42		2.3450e+14
   28.43		2.2503e+14
   28.44		2.1581e+14
   28.45		2.0685e+14
   28.46		1.9813e+14
   28.47		1.8966e+14
   28.48		1.8143e+14
   28.49		1.7343e+14
   28.50		1.6568e+14
   28.51		1.5815e+14
   28.52		1.5086e+14
   28.53		1.4379e+14
   28.54		1.3694e+14
   28.55		1.3031e+14
   28.56		1.2389e+14
   28.57		1.1769e+14
   28.58		1.1169e+14
   28.59		1.0590e+14
   28.60		1.0031e+14
   28.61		9.4924e+13
   28.62		8.9729e+13
   28.63		8.4725e+13
   28.64		7.9910e+13
   28.65		7.5279e+13
   28.66		7.0829e+13
   28.67		6.6557e+13
   28.68		6.2459e+13
   28.69		5.8532e+13
   28.70		5.4772e+13
   28.71		5.1175e+13
   28.72		4.7739e+13
   28.73		4.4459e+13
   28.74		4.1332e+13
   28.75		3.8355e+13
   28.76		3.5523e+13
   28.77		3.2834e+13
   28.78		3.0283e+13
   28.79		2.7867e+13
   28.80		2.5583e+13
   28.81		2.3427e+13
   28.82		2.1395e+13
   28.83		1.9484e+13
   28.84		1.7690e+13
   28.85		1.6009e+13
   28.86		1.4438e+13
   28.87		1.2973e+13
   28.88		1.1610e+13
   28.89		1.0346e+13
   28.90		9.1770e+12
   28.91		8.0994e+12
   28.92		7.1095e+12
   28.93		6.2037e+12
   28.94		5.3781e+12
   28.95		4.6291e+12
   28.96		3.9530e+12
   28.97		3.3461e+12
   28.98		2.8046e+12
   28.99		2.3249e+12
   29.00		1.9032e+12
   29.01		1.5358e+12
   29.02		1.2190e+12
   29.03		9.4903e+11
   29.04		7.2214e+11
   29.05		5.3460e+11
   29.06		3.8268e+11
   29.07		2.6264e+11
   29.08		1.7072e+11
   29.09		1.0319e+11
   29.10		5.6286e+10
   29.11		2.6268e+10
   29.12		9.3814e+09
   29.13		1.8763e+09
   29.14		0.0000e+00
   29.15		0.0000e+00
   29.16		0.0000e+00
   29.17		0.0000e+00
   29.18		0.0000e+00
   29.19		0.0000e+00
   29.20		0.0000e+00
   29.21		0.0000e+00
   29.22		0.0000e+00
   29.23		0.0000e+00
   29.24		0.0000e+00
   29.25		0.0000e+00
   29.26		0.0000e+00
   29.27		0.0000e+00
   29.28		0.0000e+00
   29.29		0.0000e+00
   29.30		0.0000e+00
   29.31		0.0000e+00
   29.32		0.0000e+00
   29.33		0.0000e+00
   29.34		0.0000e+00
   29.35		0.0000e+00
   29.36		0.0000e+00
   29.37		0.0000e+00
   29.38		0.0000e+00
   29.39		0.0000e+00
   29.40		0.0000e+00
   29.41		0.0000e+00
   29.42		0.0000e+00
   29.43		0.0000e+00
   29.44		0.0000e+00
   29.45		0.0000e+00
   29.46		0.0000e+00
   29.47		0.0000e+00
   29.48		0.0000e+00
   29.49		0.0000e+00
   29.50		0.0000e+00
   29.51		0.0000e+00
   29.52		0.0000e+00
   29.53		0.0000e+00
   29.54		0.0000e+00
   29.55		0.0000e+00
   29.56		0.0000e+00
   29.57		0.0000e+00
   29.58		0.0000e+00
   29.59		0.0000e+00
   29.60		0.0000e+00
   29.61		0.0000e+00
   29.62		0.0000e+00
   29.63		0.0000e+00
   29.64		0.0000e+00
   29.65		0.0000e+00
   29.66		0.0000e+00
   29.67		0.0000e+00
   29.68		0.0000e+00
   29.69		0.0000e+00
   29.70		0.0000e+00
   29.71		0.0000e+00
   29.72		0.0000e+00
   29.73		0.0000e+00
   29.74		0.0000e+00
   29.75		0.0000e+00
   29.76		0.0000e+00
   29.77		0.0000e+00
   29.78		0.0000e+00
   29.79		0.0000e+00
   29.80		0.0000e+00
   29.81		0.0000e+00
   29.82		0.0000e+00
   29.83		0.0000e+00
   29.84		0.0000e+00
   29.85		0.0000e+00
   29.86		0.0000e+00
   29.87		0.0000e+00
   29.88		0.0000e+00
   29.89		0.0000e+00
   29.90		0.0000e+00
   29.91		0.0000e+00
   29.92		0.0000e+00
   29.93		0.0000e+00
   29.94		0.0000e+00
   29.95		0.0000e+00
   29.96		0.0000e+00
   29.97		0.0000e+00
   29.98		0.0000e+00
   29.99		0.0000e+00
   30.00		0.0000e+00
   30.01		0.0000e+00
   30.02		0.0000e+00
   30.03		0.0000e+00
   30.04		0.0000e+00
   30.05		0.0000e+00
   30.06		0.0000e+00
   30.07		0.0000e+00
   30.08		0.0000e+00
   30.09		0.0000e+00
   30.10		0.0000e+00
   30.11		0.0000e+00
   30.12		0.0000e+00
   30.13		0.0000e+00
   30.14		0.0000e+00
   30.15		0.0000e+00
   30.16		0.0000e+00
   30.17		0.0000e+00
   30.18		0.0000e+00
   30.19		0.0000e+00
   30.20		0.0000e+00
   30.21		0.0000e+00
   30.22		0.0000e+00
   30.23		0.0000e+00
   30.24		0.0000e+00
   30.25		0.0000e+00
   30.26		0.0000e+00
   30.27		0.0000e+00
   30.28		0.0000e+00
   30.29		0.0000e+00
   30.30		0.0000e+00
   30.31		0.0000e+00
   30.32		0.0000e+00
   30.33		0.0000e+00
   30.34		0.0000e+00
   30.35		0.0000e+00
   30.36		0.0000e+00
   30.37		0.0000e+00
   30.38		0.0000e+00
   30.39		0.0000e+00
   30.40		0.0000e+00
   30.41		0.0000e+00
   30.42		0.0000e+00
   30.43		0.0000e+00
   30.44		0.0000e+00
   30.45		0.0000e+00
   30.46		0.0000e+00
   30.47		0.0000e+00
   30.48		0.0000e+00
   30.49		0.0000e+00
   30.50		0.0000e+00
   30.51		0.0000e+00
   30.52		0.0000e+00
   30.53		0.0000e+00
   30.54		0.0000e+00
   30.55		0.0000e+00
   30.56		0.0000e+00
   30.57		0.0000e+00
   30.58		0.0000e+00
   30.59		0.0000e+00
   30.60		0.0000e+00
   30.61		0.0000e+00
   30.62		0.0000e+00
   30.63		0.0000e+00
   30.64		0.0000e+00
   30.65		0.0000e+00
   30.66		0.0000e+00
   30.67		0.0000e+00
   30.68		0.0000e+00
   30.69		0.0000e+00
   30.70		0.0000e+00
   30.71		0.0000e+00
   30.72		0.0000e+00
   30.73		0.0000e+00
   30.74		0.0000e+00
   30.75		0.0000e+00
   30.76		0.0000e+00
   30.77		0.0000e+00
   30.78		0.0000e+00
   30.79		0.0000e+00
   30.80		0.0000e+00
   30.81		0.0000e+00
   30.82		0.0000e+00
   30.83		0.0000e+00
   30.84		0.0000e+00
   30.85		0.0000e+00
   30.86		0.0000e+00
   30.87		0.0000e+00
   30.88		0.0000e+00
   30.89		0.0000e+00
   30.90		0.0000e+00
   30.91		0.0000e+00
   30.92		0.0000e+00
   30.93		0.0000e+00
   30.94		0.0000e+00
   30.95		0.0000e+00
   30.96		0.0000e+00
   30.97		0.0000e+00
   30.98		0.0000e+00
   30.99		0.0000e+00
   31.00		0.0000e+00
   31.01		0.0000e+00
   31.02		0.0000e+00
   31.03		0.0000e+00
   31.04		0.0000e+00
   31.05		0.0000e+00
   31.06		0.0000e+00
   31.07		0.0000e+00
   31.08		0.0000e+00
   31.09		0.0000e+00
   31.10		0.0000e+00
   31.11		0.0000e+00
   31.12		0.0000e+00
   31.13		0.0000e+00
   31.14		0.0000e+00
   31.15		0.0000e+00
   31.16		0.0000e+00
   31.17		0.0000e+00
   31.18		0.0000e+00
   31.19		0.0000e+00
   31.20		0.0000e+00
   31.21		0.0000e+00
   31.22		0.0000e+00
   31.23		0.0000e+00
   31.24		0.0000e+00
   31.25		0.0000e+00
   31.26		0.0000e+00
   31.27		0.0000e+00
   31.28		0.0000e+00
   31.29		0.0000e+00
   31.30		0.0000e+00
   31.31		0.0000e+00
   31.32		0.0000e+00
   31.33		0.0000e+00
   31.34		0.0000e+00
   31.35		0.0000e+00
   31.36		0.0000e+00
   31.37		0.0000e+00
   31.38		0.0000e+00
   31.39		0.0000e+00
   31.40		0.0000e+00
   31.41		0.0000e+00
   31.42		0.0000e+00
   31.43		0.0000e+00
   31.44		0.0000e+00
   31.45		0.0000e+00
   31.46		0.0000e+00
   31.47		0.0000e+00
   31.48		0.0000e+00
   31.49		0.0000e+00
   31.50		0.0000e+00
   31.51		0.0000e+00
   31.52		0.0000e+00
   31.53		0.0000e+00
   31.54		0.0000e+00
   31.55		0.0000e+00
   31.56		0.0000e+00
   31.57		0.0000e+00
   31.58		0.0000e+00
   31.59		0.0000e+00
   31.60		0.0000e+00
   31.61		0.0000e+00
   31.62		0.0000e+00
   31.63		0.0000e+00
   31.64		0.0000e+00
   31.65		0.0000e+00
   31.66		0.0000e+00
   31.67		0.0000e+00
   31.68		0.0000e+00
   31.69		0.0000e+00
   31.70		0.0000e+00
   31.71		0.0000e+00
   31.72		0.0000e+00
   31.73		0.0000e+00
   31.74		0.0000e+00
   31.75		0.0000e+00
   31.76		0.0000e+00
   31.77		0.0000e+00
   31.78		0.0000e+00
   31.79		0.0000e+00
   31.80		0.0000e+00
   31.81		0.0000e+00
   31.82		0.0000e+00
   31.83		0.0000e+00
   31.84		0.0000e+00
   31.85		0.0000e+00
   31.86		0.0000e+00
   31.87		0.0000e+00
   31.88		0.0000e+00
   31.89		0.0000e+00
   31.90		0.0000e+00
   31.91		0.0000e+00
   31.92		0.0000e+00
   31.93		0.0000e+00
   31.94		0.0000e+00
   31.95		0.0000e+00
   31.96		0.0000e+00
   31.97		0.0000e+00
   31.98		0.0000e+00
   31.99		0.0000e+00
   32.00		0.0000e+00
   32.01		0.0000e+00
   32.02		0.0000e+00
   32.03		0.0000e+00
   32.04		0.0000e+00
   32.05		0.0000e+00
   32.06		0.0000e+00
   32.07		0.0000e+00
   32.08		0.0000e+00
   32.09		0.0000e+00
   32.10		0.0000e+00
   32.11		0.0000e+00
   32.12		0.0000e+00
   32.13		0.0000e+00
   32.14		0.0000e+00
   32.15		0.0000e+00
   32.16		0.0000e+00
   32.17		0.0000e+00
   32.18		0.0000e+00
   32.19		0.0000e+00
   32.20		0.0000e+00
   32.21		0.0000e+00
   32.22		0.0000e+00
   32.23		0.0000e+00
   32.24		0.0000e+00
   32.25		0.0000e+00
   32.26		0.0000e+00
   32.27		0.0000e+00
   32.28		0.0000e+00
   32.29		0.0000e+00
   32.30		0.0000e+00
   32.31		0.0000e+00
   32.32		0.0000e+00
   32.33		0.0000e+00
   32.34		0.0000e+00
   32.35		0.0000e+00
   32.36		0.0000e+00
   32.37		0.0000e+00
   32.38		0.0000e+00
   32.39		0.0000e+00
   32.40		0.0000e+00
   32.41		0.0000e+00
   32.42		0.0000e+00
   32.43		0.0000e+00
   32.44		0.0000e+00
   32.45		0.0000e+00
   32.46		0.0000e+00
   32.47		0.0000e+00
   32.48		0.0000e+00
   32.49		0.0000e+00
   32.50		0.0000e+00
   32.51		0.0000e+00
   32.52		0.0000e+00
   32.53		0.0000e+00
   32.54		0.0000e+00
   32.55		0.0000e+00
   32.56		0.0000e+00
   32.57		0.0000e+00
   32.58		0.0000e+00
   32.59		0.0000e+00
   32.60		0.0000e+00
   32.61		0.0000e+00
   32.62		0.0000e+00
   32.63		0.0000e+00
   32.64		0.0000e+00
   32.65		0.0000e+00
   32.66		0.0000e+00
   32.67		0.0000e+00
   32.68		0.0000e+00
   32.69		0.0000e+00
   32.70		0.0000e+00
   32.71		0.0000e+00
   32.72		0.0000e+00
   32.73		0.0000e+00
   32.74		0.0000e+00
   32.75		0.0000e+00
   32.76		0.0000e+00
   32.77		0.0000e+00
   32.78		0.0000e+00
   32.79		0.0000e+00
   32.80		0.0000e+00
   32.81		0.0000e+00
   32.82		0.0000e+00
   32.83		0.0000e+00
   32.84		0.0000e+00
   32.85		0.0000e+00
   32.86		0.0000e+00
   32.87		0.0000e+00
   32.88		0.0000e+00
   32.89		0.0000e+00
   32.90		0.0000e+00
   32.91		0.0000e+00
   32.92		0.0000e+00
   32.93		0.0000e+00
   32.94		0.0000e+00
   32.95		0.0000e+00
   32.96		0.0000e+00
   32.97		0.0000e+00
   32.98		0.0000e+00
   32.99		0.0000e+00
   33.00		0.0000e+00
   33.01		0.0000e+00
   33.02		0.0000e+00
   33.03		0.0000e+00
   33.04		0.0000e+00
   33.05		0.0000e+00
   33.06		0.0000e+00
   33.07		0.0000e+00
   33.08		0.0000e+00
   33.09		0.0000e+00
   33.10		0.0000e+00
   33.11		0.0000e+00
   33.12		0.0000e+00
   33.13		0.0000e+00
   33.14		0.0000e+00
   33.15		0.0000e+00
   33.16		0.0000e+00
   33.17		0.0000e+00
   33.18		0.0000e+00
   33.19		0.0000e+00
   33.20		0.0000e+00
   33.21		0.0000e+00
   33.22		0.0000e+00
   33.23		0.0000e+00
   33.24		0.0000e+00
   33.25		0.0000e+00
   33.26		0.0000e+00
   33.27		0.0000e+00
   33.28		0.0000e+00
   33.29		0.0000e+00
   33.30		0.0000e+00
   33.31		0.0000e+00
   33.32		0.0000e+00
   33.33		0.0000e+00
   33.34		0.0000e+00
   33.35		0.0000e+00
   33.36		0.0000e+00
   33.37		0.0000e+00
   33.38		0.0000e+00
   33.39		0.0000e+00
   33.40		0.0000e+00
   33.41		0.0000e+00
   33.42		0.0000e+00
   33.43		0.0000e+00
   33.44		0.0000e+00
   33.45		0.0000e+00
   33.46		0.0000e+00
   33.47		0.0000e+00
   33.48		0.0000e+00
   33.49		0.0000e+00
   33.50		0.0000e+00
   33.51		0.0000e+00
   33.52		0.0000e+00
   33.53		0.0000e+00
   33.54		0.0000e+00
   33.55		0.0000e+00
   33.56		0.0000e+00
   33.57		0.0000e+00
   33.58		0.0000e+00
   33.59		0.0000e+00
   33.60		0.0000e+00
   33.61		0.0000e+00
   33.62		0.0000e+00
   33.63		0.0000e+00
   33.64		0.0000e+00
   33.65		0.0000e+00
   33.66		0.0000e+00
   33.67		0.0000e+00
   33.68		0.0000e+00
   33.69		0.0000e+00
   33.70		0.0000e+00
   33.71		0.0000e+00
   33.72		0.0000e+00
   33.73		0.0000e+00
   33.74		0.0000e+00
   33.75		0.0000e+00
   33.76		0.0000e+00
   33.77		0.0000e+00
   33.78		0.0000e+00
   33.79		0.0000e+00
   33.80		0.0000e+00
   33.81		0.0000e+00
   33.82		0.0000e+00
   33.83		0.0000e+00
   33.84		0.0000e+00
   33.85		0.0000e+00
   33.86		0.0000e+00
   33.87		0.0000e+00
   33.88		0.0000e+00
   33.89		0.0000e+00
   33.90		0.0000e+00
   33.91		0.0000e+00
   33.92		0.0000e+00
   33.93		0.0000e+00
   33.94		0.0000e+00
   33.95		0.0000e+00
   33.96		0.0000e+00
   33.97		0.0000e+00
   33.98		0.0000e+00
   33.99		0.0000e+00
   34.00		0.0000e+00
   34.01		0.0000e+00
   34.02		0.0000e+00
   34.03		0.0000e+00
   34.04		0.0000e+00
   34.05		0.0000e+00
   34.06		0.0000e+00
   34.07		0.0000e+00
   34.08		0.0000e+00
   34.09		0.0000e+00
   34.10		0.0000e+00
   34.11		0.0000e+00
   34.12		0.0000e+00
   34.13		0.0000e+00
   34.14		0.0000e+00
   34.15		0.0000e+00
   34.16		0.0000e+00
   34.17		0.0000e+00
   34.18		0.0000e+00
   34.19		0.0000e+00
   34.20		0.0000e+00
   34.21		0.0000e+00
   34.22		0.0000e+00
   34.23		0.0000e+00
   34.24		0.0000e+00
   34.25		0.0000e+00
   34.26		0.0000e+00
   34.27		0.0000e+00
   34.28		0.0000e+00
   34.29		0.0000e+00
   34.30		0.0000e+00
   34.31		0.0000e+00
   34.32		0.0000e+00
   34.33		0.0000e+00
   34.34		0.0000e+00
   34.35		0.0000e+00
   34.36		0.0000e+00
   34.37		0.0000e+00
   34.38		0.0000e+00
   34.39		0.0000e+00
   34.40		0.0000e+00
   34.41		0.0000e+00
   34.42		0.0000e+00
   34.43		0.0000e+00
   34.44		0.0000e+00
   34.45		0.0000e+00
   34.46		0.0000e+00
   34.47		0.0000e+00
   34.48		0.0000e+00
   34.49		0.0000e+00
   34.50		0.0000e+00
   34.51		0.0000e+00
   34.52		0.0000e+00
   34.53		0.0000e+00
   34.54		0.0000e+00
   34.55		0.0000e+00
   34.56		0.0000e+00
   34.57		0.0000e+00
   34.58		0.0000e+00
   34.59		0.0000e+00
   34.60		0.0000e+00
   34.61		0.0000e+00
   34.62		0.0000e+00
   34.63		0.0000e+00
   34.64		0.0000e+00
   34.65		0.0000e+00
   34.66		0.0000e+00
   34.67		0.0000e+00
   34.68		0.0000e+00
   34.69		0.0000e+00
   34.70		0.0000e+00
   34.71		0.0000e+00
   34.72		0.0000e+00
   34.73		0.0000e+00
   34.74		0.0000e+00
   34.75		0.0000e+00
   34.76		0.0000e+00
   34.77		0.0000e+00
   34.78		0.0000e+00
   34.79		0.0000e+00
   34.80		0.0000e+00
   34.81		0.0000e+00
   34.82		0.0000e+00
   34.83		0.0000e+00
   34.84		0.0000e+00
   34.85		0.0000e+00
   34.86		0.0000e+00
   34.87		0.0000e+00
   34.88		0.0000e+00
   34.89		0.0000e+00
   34.90		0.0000e+00
   34.91		0.0000e+00
   34.92		0.0000e+00
   34.93		0.0000e+00
   34.94		0.0000e+00
   34.95		0.0000e+00
   34.96		0.0000e+00
   34.97		0.0000e+00
   34.98		0.0000e+00
   34.99		0.0000e+00
   35.00		0.0000e+00
   35.01		0.0000e+00
   35.02		0.0000e+00
   35.03		0.0000e+00
   35.04		0.0000e+00
   35.05		0.0000e+00
   35.06		0.0000e+00
   35.07		0.0000e+00
   35.08		0.0000e+00
   35.09		0.0000e+00
   35.10		0.0000e+00
   35.11		0.0000e+00
   35.12		0.0000e+00
   35.13		0.0000e+00
   35.14		0.0000e+00
   35.15		0.0000e+00
   35.16		0.0000e+00
   35.17		0.0000e+00
   35.18		0.0000e+00
   35.19		0.0000e+00
   35.20		0.0000e+00
   35.21		0.0000e+00
   35.22		0.0000e+00
   35.23		0.0000e+00
   35.24		0.0000e+00
   35.25		0.0000e+00
   35.26		0.0000e+00
   35.27		0.0000e+00
   35.28		0.0000e+00
   35.29		0.0000e+00
   35.30		0.0000e+00
   35.31		0.0000e+00
   35.32		0.0000e+00
   35.33		0.0000e+00
   35.34		0.0000e+00
   35.35		0.0000e+00
   35.36		0.0000e+00
   35.37		0.0000e+00
   35.38		0.0000e+00
   35.39		0.0000e+00
   35.40		0.0000e+00
   35.41		0.0000e+00
   35.42		0.0000e+00
   35.43		0.0000e+00
   35.44		0.0000e+00
   35.45		0.0000e+00
   35.46		0.0000e+00
   35.47		0.0000e+00
   35.48		0.0000e+00
   35.49		0.0000e+00
   35.50		0.0000e+00
   35.51		0.0000e+00
   35.52		0.0000e+00
   35.53		0.0000e+00
   35.54		0.0000e+00
   35.55		0.0000e+00
   35.56		0.0000e+00
   35.57		0.0000e+00
   35.58		0.0000e+00
   35.59		0.0000e+00
   35.60		0.0000e+00
   35.61		0.0000e+00
   35.62		0.0000e+00
   35.63		0.0000e+00
   35.64		0.0000e+00
   35.65		0.0000e+00
   35.66		0.0000e+00
   35.67		0.0000e+00
   35.68		0.0000e+00
   35.69		0.0000e+00
   35.70		0.0000e+00
   35.71		0.0000e+00
   35.72		0.0000e+00
   35.73		0.0000e+00
   35.74		0.0000e+00
   35.75		0.0000e+00
   35.76		0.0000e+00
   35.77		0.0000e+00
   35.78		0.0000e+00
   35.79		0.0000e+00
   35.80		0.0000e+00
   35.81		0.0000e+00
   35.82		0.0000e+00
   35.83		0.0000e+00
   35.84		0.0000e+00
   35.85		0.0000e+00
   35.86		0.0000e+00
   35.87		0.0000e+00
   35.88		0.0000e+00
   35.89		0.0000e+00
   35.90		0.0000e+00
   35.91		0.0000e+00
   35.92		0.0000e+00
   35.93		0.0000e+00
   35.94		0.0000e+00
   35.95		0.0000e+00
   35.96		0.0000e+00
   35.97		0.0000e+00
   35.98		0.0000e+00
   35.99		0.0000e+00
   36.00		0.0000e+00
   36.01		0.0000e+00
   36.02		0.0000e+00
   36.03		0.0000e+00
   36.04		0.0000e+00
   36.05		0.0000e+00
   36.06		0.0000e+00
   36.07		0.0000e+00
   36.08		0.0000e+00
   36.09		0.0000e+00
   36.10		0.0000e+00
   36.11		0.0000e+00
   36.12		0.0000e+00
   36.13		0.0000e+00
   36.14		0.0000e+00
   36.15		0.0000e+00
   36.16		0.0000e+00
   36.17		0.0000e+00
   36.18		0.0000e+00
   36.19		0.0000e+00
   36.20		0.0000e+00
   36.21		0.0000e+00
   36.22		0.0000e+00
   36.23		0.0000e+00
   36.24		0.0000e+00
   36.25		0.0000e+00
   36.26		0.0000e+00
   36.27		0.0000e+00
   36.28		0.0000e+00
   36.29		0.0000e+00
   36.30		0.0000e+00
   36.31		0.0000e+00
   36.32		0.0000e+00
   36.33		0.0000e+00
   36.34		0.0000e+00
   36.35		0.0000e+00
   36.36		0.0000e+00
   36.37		0.0000e+00
   36.38		0.0000e+00
   36.39		0.0000e+00
   36.40		0.0000e+00
   36.41		0.0000e+00
   36.42		0.0000e+00
   36.43		0.0000e+00
   36.44		0.0000e+00
   36.45		0.0000e+00
   36.46		0.0000e+00
   36.47		0.0000e+00
   36.48		0.0000e+00
   36.49		0.0000e+00
   36.50		0.0000e+00
   36.51		0.0000e+00
   36.52		0.0000e+00
   36.53		0.0000e+00
   36.54		0.0000e+00
   36.55		0.0000e+00
   36.56		0.0000e+00
   36.57		0.0000e+00
   36.58		0.0000e+00
   36.59		0.0000e+00
   36.60		0.0000e+00
   36.61		0.0000e+00
   36.62		0.0000e+00
   36.63		0.0000e+00
   36.64		0.0000e+00
   36.65		0.0000e+00
   36.66		0.0000e+00
   36.67		0.0000e+00
   36.68		0.0000e+00
   36.69		0.0000e+00
   36.70		0.0000e+00
   36.71		0.0000e+00
   36.72		0.0000e+00
   36.73		0.0000e+00
   36.74		0.0000e+00
   36.75		0.0000e+00
   36.76		0.0000e+00
   36.77		0.0000e+00
   36.78		0.0000e+00
   36.79		0.0000e+00
   36.80		0.0000e+00
   36.81		0.0000e+00
   36.82		0.0000e+00
   36.83		0.0000e+00
   36.84		0.0000e+00
   36.85		0.0000e+00
   36.86		0.0000e+00
   36.87		0.0000e+00
   36.88		0.0000e+00
   36.89		0.0000e+00
   36.90		0.0000e+00
   36.91		0.0000e+00
   36.92		0.0000e+00
   36.93		0.0000e+00
   36.94		0.0000e+00
   36.95		0.0000e+00
   36.96		0.0000e+00
   36.97		0.0000e+00
   36.98		0.0000e+00
   36.99		0.0000e+00
   37.00		0.0000e+00
   37.01		0.0000e+00
   37.02		0.0000e+00
   37.03		0.0000e+00
   37.04		0.0000e+00
   37.05		0.0000e+00
   37.06		0.0000e+00
   37.07		0.0000e+00
   37.08		0.0000e+00
   37.09		0.0000e+00
   37.10		0.0000e+00
   37.11		0.0000e+00
   37.12		0.0000e+00
   37.13		0.0000e+00
   37.14		0.0000e+00
   37.15		0.0000e+00
   37.16		0.0000e+00
   37.17		0.0000e+00
   37.18		0.0000e+00
   37.19		0.0000e+00
   37.20		0.0000e+00
   37.21		0.0000e+00
   37.22		0.0000e+00
   37.23		0.0000e+00
   37.24		0.0000e+00
   37.25		0.0000e+00
   37.26		0.0000e+00
   37.27		0.0000e+00
   37.28		0.0000e+00
   37.29		0.0000e+00
   37.30		0.0000e+00
   37.31		0.0000e+00
   37.32		0.0000e+00
   37.33		0.0000e+00
   37.34		0.0000e+00
   37.35		0.0000e+00
   37.36		0.0000e+00
   37.37		0.0000e+00
   37.38		0.0000e+00
   37.39		0.0000e+00
   37.40		0.0000e+00
   37.41		0.0000e+00
   37.42		0.0000e+00
   37.43		0.0000e+00
   37.44		0.0000e+00
   37.45		0.0000e+00
   37.46		0.0000e+00
   37.47		0.0000e+00
   37.48		0.0000e+00
   37.49		0.0000e+00
   37.50		0.0000e+00
   37.51		0.0000e+00
   37.52		0.0000e+00
   37.53		0.0000e+00
   37.54		0.0000e+00
   37.55		0.0000e+00
   37.56		0.0000e+00
   37.57		0.0000e+00
   37.58		0.0000e+00
   37.59		0.0000e+00
   37.60		0.0000e+00
   37.61		0.0000e+00
   37.62		0.0000e+00
   37.63		0.0000e+00
   37.64		0.0000e+00
   37.65		0.0000e+00
   37.66		0.0000e+00
   37.67		0.0000e+00
   37.68		0.0000e+00
   37.69		0.0000e+00
   37.70		0.0000e+00
   37.71		0.0000e+00
   37.72		0.0000e+00
   37.73		0.0000e+00
   37.74		0.0000e+00
   37.75		0.0000e+00
   37.76		0.0000e+00
   37.77		0.0000e+00
   37.78		0.0000e+00
   37.79		0.0000e+00
   37.80		0.0000e+00
   37.81		0.0000e+00
   37.82		0.0000e+00
   37.83		0.0000e+00
   37.84		0.0000e+00
   37.85		0.0000e+00
   37.86		0.0000e+00
   37.87		0.0000e+00
   37.88		0.0000e+00
   37.89		0.0000e+00
   37.90		0.0000e+00
   37.91		0.0000e+00
   37.92		0.0000e+00
   37.93		0.0000e+00
   37.94		0.0000e+00
   37.95		0.0000e+00
   37.96		0.0000e+00
   37.97		0.0000e+00
   37.98		0.0000e+00
   37.99		0.0000e+00
   38.00		0.0000e+00
   38.01		0.0000e+00
   38.02		0.0000e+00
   38.03		0.0000e+00
   38.04		0.0000e+00
   38.05		0.0000e+00
   38.06		0.0000e+00
   38.07		0.0000e+00
   38.08		0.0000e+00
   38.09		0.0000e+00
   38.10		0.0000e+00
   38.11		0.0000e+00
   38.12		0.0000e+00
   38.13		0.0000e+00
   38.14		0.0000e+00
   38.15		0.0000e+00
   38.16		0.0000e+00
   38.17		0.0000e+00
   38.18		0.0000e+00
   38.19		0.0000e+00
   38.20		0.0000e+00
   38.21		0.0000e+00
   38.22		0.0000e+00
   38.23		0.0000e+00
   38.24		0.0000e+00
   38.25		0.0000e+00
   38.26		0.0000e+00
   38.27		0.0000e+00
   38.28		0.0000e+00
   38.29		0.0000e+00
   38.30		0.0000e+00
   38.31		0.0000e+00
   38.32		0.0000e+00
   38.33		0.0000e+00
   38.34		0.0000e+00
   38.35		0.0000e+00
   38.36		0.0000e+00
   38.37		0.0000e+00
   38.38		0.0000e+00
   38.39		0.0000e+00
   38.40		0.0000e+00
   38.41		0.0000e+00
   38.42		0.0000e+00
   38.43		0.0000e+00
   38.44		0.0000e+00
   38.45		0.0000e+00
   38.46		0.0000e+00
   38.47		0.0000e+00
   38.48		0.0000e+00
   38.49		0.0000e+00
   38.50		0.0000e+00
   38.51		0.0000e+00
   38.52		0.0000e+00
   38.53		0.0000e+00
   38.54		0.0000e+00
   38.55		0.0000e+00
   38.56		0.0000e+00
   38.57		0.0000e+00
   38.58		0.0000e+00
   38.59		0.0000e+00
   38.60		0.0000e+00
   38.61		0.0000e+00
   38.62		0.0000e+00
   38.63		0.0000e+00
   38.64		0.0000e+00
   38.65		0.0000e+00
   38.66		0.0000e+00
   38.67		0.0000e+00
   38.68		0.0000e+00
   38.69		0.0000e+00
   38.70		0.0000e+00
   38.71		0.0000e+00
   38.72		0.0000e+00
   38.73		0.0000e+00
   38.74		0.0000e+00
   38.75		0.0000e+00
   38.76		0.0000e+00
   38.77		0.0000e+00
   38.78		0.0000e+00
   38.79		0.0000e+00
   38.80		0.0000e+00
   38.81		0.0000e+00
   38.82		0.0000e+00
   38.83		0.0000e+00
   38.84		0.0000e+00
   38.85		0.0000e+00
   38.86		0.0000e+00
   38.87		0.0000e+00
   38.88		0.0000e+00
   38.89		0.0000e+00
   38.90		0.0000e+00
   38.91		0.0000e+00
   38.92		0.0000e+00
   38.93		0.0000e+00
   38.94		0.0000e+00
   38.95		0.0000e+00
   38.96		0.0000e+00
   38.97		0.0000e+00
   38.98		0.0000e+00
   38.99		0.0000e+00
   39.00		0.0000e+00
   39.01		0.0000e+00
   39.02		0.0000e+00
   39.03		0.0000e+00
   39.04		0.0000e+00
   39.05		0.0000e+00
   39.06		0.0000e+00
   39.07		0.0000e+00
   39.08		0.0000e+00
   39.09		0.0000e+00
   39.10		0.0000e+00
   39.11		0.0000e+00
   39.12		0.0000e+00
   39.13		0.0000e+00
   39.14		0.0000e+00
   39.15		0.0000e+00
   39.16		0.0000e+00
   39.17		0.0000e+00
   39.18		0.0000e+00
   39.19		0.0000e+00
   39.20		0.0000e+00
   39.21		0.0000e+00
   39.22		0.0000e+00
   39.23		0.0000e+00
   39.24		0.0000e+00
   39.25		0.0000e+00
   39.26		0.0000e+00
   39.27		0.0000e+00
   39.28		0.0000e+00
   39.29		0.0000e+00
   39.30		0.0000e+00
   39.31		0.0000e+00
   39.32		0.0000e+00
   39.33		0.0000e+00
   39.34		0.0000e+00
   39.35		0.0000e+00
   39.36		0.0000e+00
   39.37		0.0000e+00
   39.38		0.0000e+00
   39.39		0.0000e+00
   39.40		0.0000e+00
   39.41		0.0000e+00
   39.42		0.0000e+00
   39.43		0.0000e+00
   39.44		0.0000e+00
   39.45		0.0000e+00
   39.46		0.0000e+00
   39.47		0.0000e+00
   39.48		0.0000e+00
   39.49		0.0000e+00
   39.50		0.0000e+00
   39.51		0.0000e+00
   39.52		0.0000e+00
   39.53		0.0000e+00
   39.54		0.0000e+00
   39.55		0.0000e+00
   39.56		0.0000e+00
   39.57		0.0000e+00
   39.58		0.0000e+00
   39.59		0.0000e+00
   39.60		0.0000e+00
   39.61		0.0000e+00
   39.62		0.0000e+00
   39.63		0.0000e+00
   39.64		0.0000e+00
   39.65		0.0000e+00
   39.66		0.0000e+00
   39.67		0.0000e+00
   39.68		0.0000e+00
   39.69		0.0000e+00
   39.70		0.0000e+00
   39.71		0.0000e+00
   39.72		0.0000e+00
   39.73		0.0000e+00
   39.74		0.0000e+00
   39.75		0.0000e+00
   39.76		0.0000e+00
   39.77		0.0000e+00
   39.78		0.0000e+00
   39.79		0.0000e+00
   39.80		0.0000e+00
   39.81		0.0000e+00
   39.82		0.0000e+00
   39.83		0.0000e+00
   39.84		0.0000e+00
   39.85		0.0000e+00
   39.86		0.0000e+00
   39.87		0.0000e+00
   39.88		0.0000e+00
   39.89		0.0000e+00
   39.90		0.0000e+00
   39.91		0.0000e+00
   39.92		0.0000e+00
   39.93		0.0000e+00
   39.94		0.0000e+00
   39.95		0.0000e+00
   39.96		0.0000e+00
   39.97		0.0000e+00
   39.98		0.0000e+00
   39.99		0.0000e+00
   40.00		0.0000e+00
   40.01		0.0000e+00
   40.02		0.0000e+00
   40.03		0.0000e+00
   40.04		0.0000e+00
   40.05		0.0000e+00
   40.06		0.0000e+00
   40.07		0.0000e+00
   40.08		0.0000e+00
   40.09		0.0000e+00
   40.10		0.0000e+00
   40.11		0.0000e+00
   40.12		0.0000e+00
   40.13		0.0000e+00
   40.14		0.0000e+00
   40.15		0.0000e+00
   40.16		0.0000e+00
   40.17		0.0000e+00
   40.18		0.0000e+00
   40.19		0.0000e+00
   40.20		0.0000e+00
   40.21		0.0000e+00
   40.22		0.0000e+00
   40.23		0.0000e+00
   40.24		0.0000e+00
   40.25		0.0000e+00
   40.26		0.0000e+00
   40.27		0.0000e+00
   40.28		0.0000e+00
   40.29		0.0000e+00
   40.30		0.0000e+00
   40.31		0.0000e+00
   40.32		0.0000e+00
   40.33		0.0000e+00
   40.34		0.0000e+00
   40.35		0.0000e+00
   40.36		0.0000e+00
   40.37		0.0000e+00
   40.38		0.0000e+00
   40.39		0.0000e+00
   40.40		0.0000e+00
   40.41		0.0000e+00
   40.42		0.0000e+00
   40.43		0.0000e+00
   40.44		0.0000e+00
   40.45		0.0000e+00
   40.46		0.0000e+00
   40.47		0.0000e+00
   40.48		0.0000e+00
   40.49		0.0000e+00
   40.50		0.0000e+00
   40.51		0.0000e+00
   40.52		0.0000e+00
   40.53		0.0000e+00
   40.54		0.0000e+00
   40.55		0.0000e+00
   40.56		0.0000e+00
   40.57		0.0000e+00
   40.58		0.0000e+00
   40.59		0.0000e+00
   40.60		0.0000e+00
   40.61		0.0000e+00
   40.62		0.0000e+00
   40.63		0.0000e+00
   40.64		0.0000e+00
   40.65		0.0000e+00
   40.66		0.0000e+00
   40.67		0.0000e+00
   40.68		0.0000e+00
   40.69		0.0000e+00
   40.70		0.0000e+00
   40.71		0.0000e+00
   40.72		0.0000e+00
   40.73		0.0000e+00
   40.74		0.0000e+00
   40.75		0.0000e+00
   40.76		0.0000e+00
   40.77		0.0000e+00
   40.78		0.0000e+00
   40.79		0.0000e+00
   40.80		0.0000e+00
   40.81		0.0000e+00
   40.82		0.0000e+00
   40.83		0.0000e+00
   40.84		0.0000e+00
   40.85		0.0000e+00
   40.86		0.0000e+00
   40.87		0.0000e+00
   40.88		0.0000e+00
   40.89		0.0000e+00
   40.90		0.0000e+00
   40.91		0.0000e+00
   40.92		0.0000e+00
   40.93		0.0000e+00
   40.94		0.0000e+00
   40.95		0.0000e+00
   40.96		0.0000e+00
   40.97		0.0000e+00
   40.98		0.0000e+00
   40.99		0.0000e+00
   41.00		0.0000e+00
   41.01		0.0000e+00
   41.02		0.0000e+00
   41.03		0.0000e+00
   41.04		0.0000e+00
   41.05		0.0000e+00
   41.06		0.0000e+00
   41.07		0.0000e+00
   41.08		0.0000e+00
   41.09		0.0000e+00
   41.10		0.0000e+00
   41.11		0.0000e+00
   41.12		0.0000e+00
   41.13		0.0000e+00
   41.14		0.0000e+00
   41.15		0.0000e+00
   41.16		0.0000e+00
   41.17		0.0000e+00
   41.18		0.0000e+00
   41.19		0.0000e+00
   41.20		0.0000e+00
   41.21		0.0000e+00
   41.22		0.0000e+00
   41.23		0.0000e+00
   41.24		0.0000e+00
   41.25		0.0000e+00
   41.26		0.0000e+00
   41.27		0.0000e+00
   41.28		0.0000e+00
   41.29		0.0000e+00
   41.30		0.0000e+00
   41.31		0.0000e+00
   41.32		0.0000e+00
