dt: 0.01
Time[s]     Moment_Rate [Nm]
    0.00		0.0000e+00
    0.01		3.9426e+12
    0.02		1.9709e+13
    0.03		5.5169e+13
    0.04		1.1817e+14
    0.05		2.1654e+14
    0.06		3.5807e+14
    0.07		5.5049e+14
    0.08		8.0151e+14
    0.09		1.1188e+15
    0.10		1.5098e+15
    0.11		1.9822e+15
    0.12		2.5433e+15
    0.13		3.2004e+15
    0.14		3.9608e+15
    0.15		4.8317e+15
    0.16		5.8200e+15
    0.17		6.9326e+15
    0.18		8.1765e+15
    0.19		9.5581e+15
    0.20		1.1084e+16
    0.21		1.2761e+16
    0.22		1.4594e+16
    0.23		1.6591e+16
    0.24		1.8756e+16
    0.25		2.1097e+16
    0.26		2.3617e+16
    0.27		2.6323e+16
    0.28		2.9220e+16
    0.29		3.2313e+16
    0.30		3.5607e+16
    0.31		3.9106e+16
    0.32		4.2814e+16
    0.33		4.6737e+16
    0.34		5.0878e+16
    0.35		5.5240e+16
    0.36		5.9828e+16
    0.37		6.4645e+16
    0.38		6.9694e+16
    0.39		7.4977e+16
    0.40		8.0498e+16
    0.41		8.6259e+16
    0.42		9.2262e+16
    0.43		9.8509e+16
    0.44		1.0500e+17
    0.45		1.1174e+17
    0.46		1.1873e+17
    0.47		1.2597e+17
    0.48		1.3346e+17
    0.49		1.4120e+17
    0.50		1.4919e+17
    0.51		1.5743e+17
    0.52		1.6592e+17
    0.53		1.7466e+17
    0.54		1.8365e+17
    0.55		1.9289e+17
    0.56		2.0238e+17
    0.57		2.1211e+17
    0.58		2.2209e+17
    0.59		2.3231e+17
    0.60		2.4277e+17
    0.61		2.5346e+17
    0.62		2.6439e+17
    0.63		2.7556e+17
    0.64		2.8695e+17
    0.65		2.9857e+17
    0.66		3.1041e+17
    0.67		3.2246e+17
    0.68		3.3473e+17
    0.69		3.4721e+17
    0.70		3.5990e+17
    0.71		3.7279e+17
    0.72		3.8587e+17
    0.73		3.9915e+17
    0.74		4.1260e+17
    0.75		4.2624e+17
    0.76		4.4006e+17
    0.77		4.5404e+17
    0.78		4.6819e+17
    0.79		4.8249e+17
    0.80		4.9695e+17
    0.81		5.1154e+17
    0.82		5.2628e+17
    0.83		5.4115e+17
    0.84		5.5614e+17
    0.85		5.7125e+17
    0.86		5.8647e+17
    0.87		6.0179e+17
    0.88		6.1721e+17
    0.89		6.3272e+17
    0.90		6.4831e+17
    0.91		6.6397e+17
    0.92		6.7970e+17
    0.93		6.9548e+17
    0.94		7.1132e+17
    0.95		7.2720e+17
    0.96		7.4312e+17
    0.97		7.5907e+17
    0.98		7.7503e+17
    0.99		7.9101e+17
    1.00		8.0699e+17
    1.01		8.2296e+17
    1.02		8.3893e+17
    1.03		8.5487e+17
    1.04		8.7079e+17
    1.05		8.8667e+17
    1.06		9.0251e+17
    1.07		9.1829e+17
    1.08		9.3402e+17
    1.09		9.4969e+17
    1.10		9.6528e+17
    1.11		9.8078e+17
    1.12		9.9620e+17
    1.13		1.0115e+18
    1.14		1.0267e+18
    1.15		1.0419e+18
    1.16		1.0568e+18
    1.17		1.0717e+18
    1.18		1.0864e+18
    1.19		1.1010e+18
    1.20		1.1155e+18
    1.21		1.1298e+18
    1.22		1.1439e+18
    1.23		1.1579e+18
    1.24		1.1717e+18
    1.25		1.1854e+18
    1.26		1.1988e+18
    1.27		1.2121e+18
    1.28		1.2252e+18
    1.29		1.2381e+18
    1.30		1.2508e+18
    1.31		1.2633e+18
    1.32		1.2755e+18
    1.33		1.2876e+18
    1.34		1.2994e+18
    1.35		1.3110e+18
    1.36		1.3224e+18
    1.37		1.3336e+18
    1.38		1.3445e+18
    1.39		1.3552e+18
    1.40		1.3657e+18
    1.41		1.3759e+18
    1.42		1.3859e+18
    1.43		1.3956e+18
    1.44		1.4051e+18
    1.45		1.4143e+18
    1.46		1.4233e+18
    1.47		1.4321e+18
    1.48		1.4406e+18
    1.49		1.4488e+18
    1.50		1.4568e+18
    1.51		1.4645e+18
    1.52		1.4720e+18
    1.53		1.4793e+18
    1.54		1.4862e+18
    1.55		1.4930e+18
    1.56		1.4995e+18
    1.57		1.5057e+18
    1.58		1.5117e+18
    1.59		1.5175e+18
    1.60		1.5230e+18
    1.61		1.5283e+18
    1.62		1.5333e+18
    1.63		1.5382e+18
    1.64		1.5428e+18
    1.65		1.5471e+18
    1.66		1.5513e+18
    1.67		1.5552e+18
    1.68		1.5589e+18
    1.69		1.5624e+18
    1.70		1.5657e+18
    1.71		1.5688e+18
    1.72		1.5717e+18
    1.73		1.5744e+18
    1.74		1.5769e+18
    1.75		1.5792e+18
    1.76		1.5814e+18
    1.77		1.5834e+18
    1.78		1.5852e+18
    1.79		1.5869e+18
    1.80		1.5884e+18
    1.81		1.5898e+18
    1.82		1.5911e+18
    1.83		1.5922e+18
    1.84		1.5932e+18
    1.85		1.5940e+18
    1.86		1.5948e+18
    1.87		1.5954e+18
    1.88		1.5960e+18
    1.89		1.5965e+18
    1.90		1.5969e+18
    1.91		1.5972e+18
    1.92		1.5974e+18
    1.93		1.5976e+18
    1.94		1.5978e+18
    1.95		1.5979e+18
    1.96		1.5979e+18
    1.97		1.5980e+18
    1.98		1.5980e+18
    1.99		1.5980e+18
    2.00		1.5980e+18
    2.01		1.5980e+18
    2.02		1.5980e+18
    2.03		1.5981e+18
    2.04		1.5982e+18
    2.05		1.5983e+18
    2.06		1.5985e+18
    2.07		1.5988e+18
    2.08		1.5992e+18
    2.09		1.5996e+18
    2.10		1.6002e+18
    2.11		1.6009e+18
    2.12		1.6017e+18
    2.13		1.6027e+18
    2.14		1.6038e+18
    2.15		1.6051e+18
    2.16		1.6065e+18
    2.17		1.6081e+18
    2.18		1.6099e+18
    2.19		1.6120e+18
    2.20		1.6142e+18
    2.21		1.6166e+18
    2.22		1.6193e+18
    2.23		1.6223e+18
    2.24		1.6255e+18
    2.25		1.6290e+18
    2.26		1.6328e+18
    2.27		1.6369e+18
    2.28		1.6413e+18
    2.29		1.6460e+18
    2.30		1.6511e+18
    2.31		1.6566e+18
    2.32		1.6624e+18
    2.33		1.6686e+18
    2.34		1.6752e+18
    2.35		1.6822e+18
    2.36		1.6896e+18
    2.37		1.6975e+18
    2.38		1.7057e+18
    2.39		1.7145e+18
    2.40		1.7236e+18
    2.41		1.7333e+18
    2.42		1.7433e+18
    2.43		1.7539e+18
    2.44		1.7650e+18
    2.45		1.7765e+18
    2.46		1.7885e+18
    2.47		1.8011e+18
    2.48		1.8141e+18
    2.49		1.8276e+18
    2.50		1.8417e+18
    2.51		1.8562e+18
    2.52		1.8713e+18
    2.53		1.8869e+18
    2.54		1.9030e+18
    2.55		1.9197e+18
    2.56		1.9368e+18
    2.57		1.9545e+18
    2.58		1.9727e+18
    2.59		1.9915e+18
    2.60		2.0107e+18
    2.61		2.0305e+18
    2.62		2.0508e+18
    2.63		2.0716e+18
    2.64		2.0929e+18
    2.65		2.1148e+18
    2.66		2.1371e+18
    2.67		2.1599e+18
    2.68		2.1833e+18
    2.69		2.2071e+18
    2.70		2.2314e+18
    2.71		2.2561e+18
    2.72		2.2814e+18
    2.73		2.3070e+18
    2.74		2.3332e+18
    2.75		2.3598e+18
    2.76		2.3868e+18
    2.77		2.4142e+18
    2.78		2.4421e+18
    2.79		2.4703e+18
    2.80		2.4990e+18
    2.81		2.5280e+18
    2.82		2.5574e+18
    2.83		2.5872e+18
    2.84		2.6173e+18
    2.85		2.6478e+18
    2.86		2.6786e+18
    2.87		2.7099e+18
    2.88		2.7414e+18
    2.89		2.7733e+18
    2.90		2.8056e+18
    2.91		2.8381e+18
    2.92		2.8711e+18
    2.93		2.9043e+18
    2.94		2.9379e+18
    2.95		2.9718e+18
    2.96		3.0061e+18
    2.97		3.0406e+18
    2.98		3.0754e+18
    2.99		3.1106e+18
    3.00		3.1460e+18
    3.01		3.1817e+18
    3.02		3.2177e+18
    3.03		3.2540e+18
    3.04		3.2905e+18
    3.05		3.3273e+18
    3.06		3.3644e+18
    3.07		3.4017e+18
    3.08		3.4393e+18
    3.09		3.4771e+18
    3.10		3.5152e+18
    3.11		3.5535e+18
    3.12		3.5921e+18
    3.13		3.6309e+18
    3.14		3.6699e+18
    3.15		3.7092e+18
    3.16		3.7487e+18
    3.17		3.7884e+18
    3.18		3.8284e+18
    3.19		3.8685e+18
    3.20		3.9089e+18
    3.21		3.9494e+18
    3.22		3.9901e+18
    3.23		4.0310e+18
    3.24		4.0721e+18
    3.25		4.1134e+18
    3.26		4.1548e+18
    3.27		4.1964e+18
    3.28		4.2382e+18
    3.29		4.2801e+18
    3.30		4.3222e+18
    3.31		4.3644e+18
    3.32		4.4068e+18
    3.33		4.4493e+18
    3.34		4.4919e+18
    3.35		4.5347e+18
    3.36		4.5776e+18
    3.37		4.6206e+18
    3.38		4.6637e+18
    3.39		4.7069e+18
    3.40		4.7502e+18
    3.41		4.7936e+18
    3.42		4.8371e+18
    3.43		4.8807e+18
    3.44		4.9243e+18
    3.45		4.9680e+18
    3.46		5.0118e+18
    3.47		5.0556e+18
    3.48		5.0995e+18
    3.49		5.1434e+18
    3.50		5.1874e+18
    3.51		5.2313e+18
    3.52		5.2753e+18
    3.53		5.3193e+18
    3.54		5.3633e+18
    3.55		5.4073e+18
    3.56		5.4513e+18
    3.57		5.4953e+18
    3.58		5.5393e+18
    3.59		5.5832e+18
    3.60		5.6271e+18
    3.61		5.6710e+18
    3.62		5.7148e+18
    3.63		5.7585e+18
    3.64		5.8022e+18
    3.65		5.8458e+18
    3.66		5.8894e+18
    3.67		5.9329e+18
    3.68		5.9762e+18
    3.69		6.0195e+18
    3.70		6.0627e+18
    3.71		6.1058e+18
    3.72		6.1488e+18
    3.73		6.1916e+18
    3.74		6.2343e+18
    3.75		6.2769e+18
    3.76		6.3194e+18
    3.77		6.3617e+18
    3.78		6.4039e+18
    3.79		6.4459e+18
    3.80		6.4878e+18
    3.81		6.5295e+18
    3.82		6.5711e+18
    3.83		6.6124e+18
    3.84		6.6537e+18
    3.85		6.6947e+18
    3.86		6.7355e+18
    3.87		6.7762e+18
    3.88		6.8167e+18
    3.89		6.8570e+18
    3.90		6.8971e+18
    3.91		6.9369e+18
    3.92		6.9766e+18
    3.93		7.0161e+18
    3.94		7.0554e+18
    3.95		7.0945e+18
    3.96		7.1334e+18
    3.97		7.1720e+18
    3.98		7.2105e+18
    3.99		7.2487e+18
    4.00		7.2867e+18
    4.01		7.3245e+18
    4.02		7.3620e+18
    4.03		7.3993e+18
    4.04		7.4362e+18
    4.05		7.4728e+18
    4.06		7.5090e+18
    4.07		7.5449e+18
    4.08		7.5803e+18
    4.09		7.6153e+18
    4.10		7.6499e+18
    4.11		7.6840e+18
    4.12		7.7175e+18
    4.13		7.7506e+18
    4.14		7.7831e+18
    4.15		7.8150e+18
    4.16		7.8463e+18
    4.17		7.8770e+18
    4.18		7.9071e+18
    4.19		7.9365e+18
    4.20		7.9653e+18
    4.21		7.9933e+18
    4.22		8.0207e+18
    4.23		8.0473e+18
    4.24		8.0731e+18
    4.25		8.0981e+18
    4.26		8.1223e+18
    4.27		8.1456e+18
    4.28		8.1681e+18
    4.29		8.1896e+18
    4.30		8.2103e+18
    4.31		8.2300e+18
    4.32		8.2487e+18
    4.33		8.2664e+18
    4.34		8.2832e+18
    4.35		8.2989e+18
    4.36		8.3136e+18
    4.37		8.3272e+18
    4.38		8.3398e+18
    4.39		8.3513e+18
    4.40		8.3617e+18
    4.41		8.3711e+18
    4.42		8.3793e+18
    4.43		8.3864e+18
    4.44		8.3924e+18
    4.45		8.3972e+18
    4.46		8.4010e+18
    4.47		8.4037e+18
    4.48		8.4052e+18
    4.49		8.4056e+18
    4.50		8.4050e+18
    4.51		8.4032e+18
    4.52		8.4004e+18
    4.53		8.3965e+18
    4.54		8.3915e+18
    4.55		8.3855e+18
    4.56		8.3784e+18
    4.57		8.3704e+18
    4.58		8.3613e+18
    4.59		8.3513e+18
    4.60		8.3403e+18
    4.61		8.3283e+18
    4.62		8.3155e+18
    4.63		8.3017e+18
    4.64		8.2870e+18
    4.65		8.2715e+18
    4.66		8.2551e+18
    4.67		8.2379e+18
    4.68		8.2199e+18
    4.69		8.2012e+18
    4.70		8.1817e+18
    4.71		8.1615e+18
    4.72		8.1407e+18
    4.73		8.1191e+18
    4.74		8.0970e+18
    4.75		8.0742e+18
    4.76		8.0509e+18
    4.77		8.0271e+18
    4.78		8.0027e+18
    4.79		7.9779e+18
    4.80		7.9526e+18
    4.81		7.9269e+18
    4.82		7.9009e+18
    4.83		7.8745e+18
    4.84		7.8478e+18
    4.85		7.8207e+18
    4.86		7.7934e+18
    4.87		7.7657e+18
    4.88		7.7378e+18
    4.89		7.7096e+18
    4.90		7.6811e+18
    4.91		7.6525e+18
    4.92		7.6236e+18
    4.93		7.5945e+18
    4.94		7.5653e+18
    4.95		7.5359e+18
    4.96		7.5064e+18
    4.97		7.4768e+18
    4.98		7.4471e+18
    4.99		7.4173e+18
    5.00		7.3875e+18
    5.01		7.3577e+18
    5.02		7.3278e+18
    5.03		7.2980e+18
    5.04		7.2682e+18
    5.05		7.2384e+18
    5.06		7.2087e+18
    5.07		7.1790e+18
    5.08		7.1494e+18
    5.09		7.1199e+18
    5.10		7.0904e+18
    5.11		7.0611e+18
    5.12		7.0319e+18
    5.13		7.0028e+18
    5.14		6.9739e+18
    5.15		6.9451e+18
    5.16		6.9165e+18
    5.17		6.8881e+18
    5.18		6.8598e+18
    5.19		6.8318e+18
    5.20		6.8040e+18
    5.21		6.7765e+18
    5.22		6.7491e+18
    5.23		6.7220e+18
    5.24		6.6952e+18
    5.25		6.6687e+18
    5.26		6.6424e+18
    5.27		6.6164e+18
    5.28		6.5906e+18
    5.29		6.5651e+18
    5.30		6.5400e+18
    5.31		6.5151e+18
    5.32		6.4904e+18
    5.33		6.4661e+18
    5.34		6.4421e+18
    5.35		6.4184e+18
    5.36		6.3950e+18
    5.37		6.3718e+18
    5.38		6.3490e+18
    5.39		6.3265e+18
    5.40		6.3043e+18
    5.41		6.2824e+18
    5.42		6.2608e+18
    5.43		6.2395e+18
    5.44		6.2185e+18
    5.45		6.1979e+18
    5.46		6.1775e+18
    5.47		6.1574e+18
    5.48		6.1377e+18
    5.49		6.1182e+18
    5.50		6.0991e+18
    5.51		6.0802e+18
    5.52		6.0616e+18
    5.53		6.0434e+18
    5.54		6.0254e+18
    5.55		6.0077e+18
    5.56		5.9903e+18
    5.57		5.9732e+18
    5.58		5.9563e+18
    5.59		5.9397e+18
    5.60		5.9234e+18
    5.61		5.9074e+18
    5.62		5.8916e+18
    5.63		5.8760e+18
    5.64		5.8607e+18
    5.65		5.8457e+18
    5.66		5.8309e+18
    5.67		5.8163e+18
    5.68		5.8019e+18
    5.69		5.7878e+18
    5.70		5.7738e+18
    5.71		5.7601e+18
    5.72		5.7466e+18
    5.73		5.7333e+18
    5.74		5.7201e+18
    5.75		5.7072e+18
    5.76		5.6945e+18
    5.77		5.6819e+18
    5.78		5.6695e+18
    5.79		5.6573e+18
    5.80		5.6452e+18
    5.81		5.6333e+18
    5.82		5.6216e+18
    5.83		5.6100e+18
    5.84		5.5985e+18
    5.85		5.5872e+18
    5.86		5.5760e+18
    5.87		5.5649e+18
    5.88		5.5539e+18
    5.89		5.5430e+18
    5.90		5.5322e+18
    5.91		5.5215e+18
    5.92		5.5109e+18
    5.93		5.5004e+18
    5.94		5.4899e+18
    5.95		5.4795e+18
    5.96		5.4691e+18
    5.97		5.4588e+18
    5.98		5.4486e+18
    5.99		5.4383e+18
    6.00		5.4281e+18
    6.01		5.4179e+18
    6.02		5.4077e+18
    6.03		5.3976e+18
    6.04		5.3874e+18
    6.05		5.3773e+18
    6.06		5.3672e+18
    6.07		5.3572e+18
    6.08		5.3472e+18
    6.09		5.3372e+18
    6.10		5.3273e+18
    6.11		5.3175e+18
    6.12		5.3077e+18
    6.13		5.2979e+18
    6.14		5.2882e+18
    6.15		5.2786e+18
    6.16		5.2691e+18
    6.17		5.2596e+18
    6.18		5.2502e+18
    6.19		5.2409e+18
    6.20		5.2317e+18
    6.21		5.2225e+18
    6.22		5.2135e+18
    6.23		5.2046e+18
    6.24		5.1957e+18
    6.25		5.1871e+18
    6.26		5.1785e+18
    6.27		5.1701e+18
    6.28		5.1619e+18
    6.29		5.1538e+18
    6.30		5.1459e+18
    6.31		5.1381e+18
    6.32		5.1306e+18
    6.33		5.1232e+18
    6.34		5.1160e+18
    6.35		5.1091e+18
    6.36		5.1024e+18
    6.37		5.0958e+18
    6.38		5.0896e+18
    6.39		5.0835e+18
    6.40		5.0777e+18
    6.41		5.0722e+18
    6.42		5.0669e+18
    6.43		5.0618e+18
    6.44		5.0570e+18
    6.45		5.0524e+18
    6.46		5.0480e+18
    6.47		5.0438e+18
    6.48		5.0399e+18
    6.49		5.0362e+18
    6.50		5.0327e+18
    6.51		5.0293e+18
    6.52		5.0261e+18
    6.53		5.0231e+18
    6.54		5.0202e+18
    6.55		5.0174e+18
    6.56		5.0147e+18
    6.57		5.0122e+18
    6.58		5.0097e+18
    6.59		5.0072e+18
    6.60		5.0049e+18
    6.61		5.0025e+18
    6.62		5.0002e+18
    6.63		4.9979e+18
    6.64		4.9956e+18
    6.65		4.9933e+18
    6.66		4.9910e+18
    6.67		4.9886e+18
    6.68		4.9862e+18
    6.69		4.9837e+18
    6.70		4.9811e+18
    6.71		4.9785e+18
    6.72		4.9757e+18
    6.73		4.9728e+18
    6.74		4.9698e+18
    6.75		4.9667e+18
    6.76		4.9633e+18
    6.77		4.9599e+18
    6.78		4.9562e+18
    6.79		4.9524e+18
    6.80		4.9484e+18
    6.81		4.9441e+18
    6.82		4.9396e+18
    6.83		4.9349e+18
    6.84		4.9300e+18
    6.85		4.9249e+18
    6.86		4.9195e+18
    6.87		4.9139e+18
    6.88		4.9081e+18
    6.89		4.9020e+18
    6.90		4.8957e+18
    6.91		4.8892e+18
    6.92		4.8824e+18
    6.93		4.8753e+18
    6.94		4.8680e+18
    6.95		4.8604e+18
    6.96		4.8525e+18
    6.97		4.8444e+18
    6.98		4.8360e+18
    6.99		4.8273e+18
    7.00		4.8183e+18
    7.01		4.8090e+18
    7.02		4.7994e+18
    7.03		4.7895e+18
    7.04		4.7794e+18
    7.05		4.7689e+18
    7.06		4.7581e+18
    7.07		4.7470e+18
    7.08		4.7356e+18
    7.09		4.7239e+18
    7.10		4.7119e+18
    7.11		4.6996e+18
    7.12		4.6870e+18
    7.13		4.6740e+18
    7.14		4.6607e+18
    7.15		4.6471e+18
    7.16		4.6332e+18
    7.17		4.6190e+18
    7.18		4.6044e+18
    7.19		4.5895e+18
    7.20		4.5742e+18
    7.21		4.5587e+18
    7.22		4.5428e+18
    7.23		4.5265e+18
    7.24		4.5100e+18
    7.25		4.4931e+18
    7.26		4.4759e+18
    7.27		4.4584e+18
    7.28		4.4406e+18
    7.29		4.4225e+18
    7.30		4.4042e+18
    7.31		4.3855e+18
    7.32		4.3665e+18
    7.33		4.3473e+18
    7.34		4.3278e+18
    7.35		4.3081e+18
    7.36		4.2881e+18
    7.37		4.2679e+18
    7.38		4.2474e+18
    7.39		4.2267e+18
    7.40		4.2058e+18
    7.41		4.1847e+18
    7.42		4.1634e+18
    7.43		4.1419e+18
    7.44		4.1202e+18
    7.45		4.0983e+18
    7.46		4.0763e+18
    7.47		4.0541e+18
    7.48		4.0318e+18
    7.49		4.0093e+18
    7.50		3.9868e+18
    7.51		3.9641e+18
    7.52		3.9413e+18
    7.53		3.9184e+18
    7.54		3.8954e+18
    7.55		3.8724e+18
    7.56		3.8493e+18
    7.57		3.8262e+18
    7.58		3.8030e+18
    7.59		3.7798e+18
    7.60		3.7566e+18
    7.61		3.7334e+18
    7.62		3.7102e+18
    7.63		3.6870e+18
    7.64		3.6638e+18
    7.65		3.6407e+18
    7.66		3.6177e+18
    7.67		3.5947e+18
    7.68		3.5718e+18
    7.69		3.5489e+18
    7.70		3.5262e+18
    7.71		3.5035e+18
    7.72		3.4810e+18
    7.73		3.4585e+18
    7.74		3.4362e+18
    7.75		3.4139e+18
    7.76		3.3918e+18
    7.77		3.3698e+18
    7.78		3.3479e+18
    7.79		3.3262e+18
    7.80		3.3046e+18
    7.81		3.2831e+18
    7.82		3.2618e+18
    7.83		3.2406e+18
    7.84		3.2196e+18
    7.85		3.1987e+18
    7.86		3.1780e+18
    7.87		3.1575e+18
    7.88		3.1371e+18
    7.89		3.1169e+18
    7.90		3.0969e+18
    7.91		3.0770e+18
    7.92		3.0573e+18
    7.93		3.0378e+18
    7.94		3.0185e+18
    7.95		2.9994e+18
    7.96		2.9804e+18
    7.97		2.9616e+18
    7.98		2.9430e+18
    7.99		2.9245e+18
    8.00		2.9063e+18
    8.01		2.8882e+18
    8.02		2.8703e+18
    8.03		2.8526e+18
    8.04		2.8351e+18
    8.05		2.8178e+18
    8.06		2.8008e+18
    8.07		2.7839e+18
    8.08		2.7672e+18
    8.09		2.7507e+18
    8.10		2.7344e+18
    8.11		2.7183e+18
    8.12		2.7024e+18
    8.13		2.6867e+18
    8.14		2.6712e+18
    8.15		2.6559e+18
    8.16		2.6408e+18
    8.17		2.6258e+18
    8.18		2.6111e+18
    8.19		2.5965e+18
    8.20		2.5821e+18
    8.21		2.5679e+18
    8.22		2.5538e+18
    8.23		2.5399e+18
    8.24		2.5262e+18
    8.25		2.5127e+18
    8.26		2.4993e+18
    8.27		2.4860e+18
    8.28		2.4729e+18
    8.29		2.4599e+18
    8.30		2.4471e+18
    8.31		2.4344e+18
    8.32		2.4218e+18
    8.33		2.4094e+18
    8.34		2.3971e+18
    8.35		2.3848e+18
    8.36		2.3727e+18
    8.37		2.3607e+18
    8.38		2.3488e+18
    8.39		2.3369e+18
    8.40		2.3252e+18
    8.41		2.3135e+18
    8.42		2.3019e+18
    8.43		2.2903e+18
    8.44		2.2788e+18
    8.45		2.2674e+18
    8.46		2.2561e+18
    8.47		2.2448e+18
    8.48		2.2335e+18
    8.49		2.2224e+18
    8.50		2.2112e+18
    8.51		2.2002e+18
    8.52		2.1892e+18
    8.53		2.1783e+18
    8.54		2.1675e+18
    8.55		2.1567e+18
    8.56		2.1460e+18
    8.57		2.1354e+18
    8.58		2.1248e+18
    8.59		2.1143e+18
    8.60		2.1039e+18
    8.61		2.0935e+18
    8.62		2.0833e+18
    8.63		2.0731e+18
    8.64		2.0629e+18
    8.65		2.0528e+18
    8.66		2.0428e+18
    8.67		2.0329e+18
    8.68		2.0230e+18
    8.69		2.0131e+18
    8.70		2.0033e+18
    8.71		1.9936e+18
    8.72		1.9839e+18
    8.73		1.9742e+18
    8.74		1.9646e+18
    8.75		1.9550e+18
    8.76		1.9454e+18
    8.77		1.9359e+18
    8.78		1.9264e+18
    8.79		1.9169e+18
    8.80		1.9074e+18
    8.81		1.8980e+18
    8.82		1.8885e+18
    8.83		1.8791e+18
    8.84		1.8697e+18
    8.85		1.8602e+18
    8.86		1.8508e+18
    8.87		1.8414e+18
    8.88		1.8319e+18
    8.89		1.8224e+18
    8.90		1.8130e+18
    8.91		1.8035e+18
    8.92		1.7940e+18
    8.93		1.7845e+18
    8.94		1.7750e+18
    8.95		1.7655e+18
    8.96		1.7559e+18
    8.97		1.7464e+18
    8.98		1.7368e+18
    8.99		1.7272e+18
    9.00		1.7176e+18
    9.01		1.7080e+18
    9.02		1.6984e+18
    9.03		1.6887e+18
    9.04		1.6790e+18
    9.05		1.6693e+18
    9.06		1.6596e+18
    9.07		1.6499e+18
    9.08		1.6401e+18
    9.09		1.6304e+18
    9.10		1.6206e+18
    9.11		1.6108e+18
    9.12		1.6010e+18
    9.13		1.5912e+18
    9.14		1.5814e+18
    9.15		1.5716e+18
    9.16		1.5619e+18
    9.17		1.5521e+18
    9.18		1.5423e+18
    9.19		1.5326e+18
    9.20		1.5228e+18
    9.21		1.5131e+18
    9.22		1.5033e+18
    9.23		1.4936e+18
    9.24		1.4839e+18
    9.25		1.4742e+18
    9.26		1.4645e+18
    9.27		1.4548e+18
    9.28		1.4452e+18
    9.29		1.4356e+18
    9.30		1.4259e+18
    9.31		1.4163e+18
    9.32		1.4068e+18
    9.33		1.3972e+18
    9.34		1.3876e+18
    9.35		1.3781e+18
    9.36		1.3686e+18
    9.37		1.3591e+18
    9.38		1.3496e+18
    9.39		1.3401e+18
    9.40		1.3306e+18
    9.41		1.3212e+18
    9.42		1.3117e+18
    9.43		1.3023e+18
    9.44		1.2929e+18
    9.45		1.2835e+18
    9.46		1.2741e+18
    9.47		1.2648e+18
    9.48		1.2554e+18
    9.49		1.2461e+18
    9.50		1.2367e+18
    9.51		1.2274e+18
    9.52		1.2181e+18
    9.53		1.2088e+18
    9.54		1.1995e+18
    9.55		1.1903e+18
    9.56		1.1810e+18
    9.57		1.1717e+18
    9.58		1.1624e+18
    9.59		1.1532e+18
    9.60		1.1439e+18
    9.61		1.1346e+18
    9.62		1.1253e+18
    9.63		1.1160e+18
    9.64		1.1067e+18
    9.65		1.0974e+18
    9.66		1.0881e+18
    9.67		1.0787e+18
    9.68		1.0694e+18
    9.69		1.0600e+18
    9.70		1.0506e+18
    9.71		1.0412e+18
    9.72		1.0318e+18
    9.73		1.0224e+18
    9.74		1.0129e+18
    9.75		1.0035e+18
    9.76		9.9401e+17
    9.77		9.8454e+17
    9.78		9.7506e+17
    9.79		9.6558e+17
    9.80		9.5609e+17
    9.81		9.4659e+17
    9.82		9.3709e+17
    9.83		9.2759e+17
    9.84		9.1808e+17
    9.85		9.0857e+17
    9.86		8.9905e+17
    9.87		8.8953e+17
    9.88		8.8001e+17
    9.89		8.7049e+17
    9.90		8.6097e+17
    9.91		8.5145e+17
    9.92		8.4194e+17
    9.93		8.3243e+17
    9.94		8.2293e+17
    9.95		8.1344e+17
    9.96		8.0396e+17
    9.97		7.9449e+17
    9.98		7.8504e+17
    9.99		7.7560e+17
   10.00		7.6618e+17
   10.01		7.5678e+17
   10.02		7.4740e+17
   10.03		7.3804e+17
   10.04		7.2870e+17
   10.05		7.1938e+17
   10.06		7.1009e+17
   10.07		7.0081e+17
   10.08		6.9157e+17
   10.09		6.8235e+17
   10.10		6.7317e+17
   10.11		6.6402e+17
   10.12		6.5491e+17
   10.13		6.4584e+17
   10.14		6.3681e+17
   10.15		6.2782e+17
   10.16		6.1888e+17
   10.17		6.0999e+17
   10.18		6.0114e+17
   10.19		5.9235e+17
   10.20		5.8361e+17
   10.21		5.7493e+17
   10.22		5.6631e+17
   10.23		5.5774e+17
   10.24		5.4924e+17
   10.25		5.4080e+17
   10.26		5.3242e+17
   10.27		5.2411e+17
   10.28		5.1587e+17
   10.29		5.0770e+17
   10.30		4.9960e+17
   10.31		4.9157e+17
   10.32		4.8361e+17
   10.33		4.7573e+17
   10.34		4.6793e+17
   10.35		4.6020e+17
   10.36		4.5255e+17
   10.37		4.4498e+17
   10.38		4.3749e+17
   10.39		4.3008e+17
   10.40		4.2275e+17
   10.41		4.1551e+17
   10.42		4.0834e+17
   10.43		4.0126e+17
   10.44		3.9427e+17
   10.45		3.8736e+17
   10.46		3.8053e+17
   10.47		3.7379e+17
   10.48		3.6714e+17
   10.49		3.6056e+17
   10.50		3.5408e+17
   10.51		3.4768e+17
   10.52		3.4137e+17
   10.53		3.3514e+17
   10.54		3.2899e+17
   10.55		3.2293e+17
   10.56		3.1696e+17
   10.57		3.1106e+17
   10.58		3.0526e+17
   10.59		2.9953e+17
   10.60		2.9389e+17
   10.61		2.8832e+17
   10.62		2.8284e+17
   10.63		2.7745e+17
   10.64		2.7213e+17
   10.65		2.6690e+17
   10.66		2.6176e+17
   10.67		2.5670e+17
   10.68		2.5172e+17
   10.69		2.4682e+17
   10.70		2.4201e+17
   10.71		2.3729e+17
   10.72		2.3265e+17
   10.73		2.2809e+17
   10.74		2.2362e+17
   10.75		2.1922e+17
   10.76		2.1492e+17
   10.77		2.1069e+17
   10.78		2.0654e+17
   10.79		2.0248e+17
   10.80		1.9849e+17
   10.81		1.9459e+17
   10.82		1.9076e+17
   10.83		1.8701e+17
   10.84		1.8334e+17
   10.85		1.7974e+17
   10.86		1.7622e+17
   10.87		1.7277e+17
   10.88		1.6939e+17
   10.89		1.6608e+17
   10.90		1.6284e+17
   10.91		1.5967e+17
   10.92		1.5657e+17
   10.93		1.5353e+17
   10.94		1.5056e+17
   10.95		1.4766e+17
   10.96		1.4482e+17
   10.97		1.4204e+17
   10.98		1.3933e+17
   10.99		1.3668e+17
   11.00		1.3409e+17
   11.01		1.3157e+17
   11.02		1.2911e+17
   11.03		1.2670e+17
   11.04		1.2436e+17
   11.05		1.2207e+17
   11.06		1.1985e+17
   11.07		1.1768e+17
   11.08		1.1556e+17
   11.09		1.1350e+17
   11.10		1.1150e+17
   11.11		1.0954e+17
   11.12		1.0764e+17
   11.13		1.0579e+17
   11.14		1.0399e+17
   11.15		1.0223e+17
   11.16		1.0053e+17
   11.17		9.8879e+16
   11.18		9.7276e+16
   11.19		9.5720e+16
   11.20		9.4213e+16
   11.21		9.2754e+16
   11.22		9.1341e+16
   11.23		8.9975e+16
   11.24		8.8654e+16
   11.25		8.7379e+16
   11.26		8.6148e+16
   11.27		8.4962e+16
   11.28		8.3820e+16
   11.29		8.2722e+16
   11.30		8.1667e+16
   11.31		8.0656e+16
   11.32		7.9688e+16
   11.33		7.8762e+16
   11.34		7.7878e+16
   11.35		7.7036e+16
   11.36		7.6235e+16
   11.37		7.5475e+16
   11.38		7.4754e+16
   11.39		7.4073e+16
   11.40		7.3430e+16
   11.41		7.2826e+16
   11.42		7.2259e+16
   11.43		7.1729e+16
   11.44		7.1235e+16
   11.45		7.0775e+16
   11.46		7.0350e+16
   11.47		6.9959e+16
   11.48		6.9600e+16
   11.49		6.9273e+16
   11.50		6.8977e+16
   11.51		6.8710e+16
   11.52		6.8472e+16
   11.53		6.8263e+16
   11.54		6.8081e+16
   11.55		6.7926e+16
   11.56		6.7799e+16
   11.57		6.7699e+16
   11.58		6.7625e+16
   11.59		6.7577e+16
   11.60		6.7554e+16
   11.61		6.7557e+16
   11.62		6.7584e+16
   11.63		6.7636e+16
   11.64		6.7712e+16
   11.65		6.7811e+16
   11.66		6.7934e+16
   11.67		6.8078e+16
   11.68		6.8245e+16
   11.69		6.8433e+16
   11.70		6.8642e+16
   11.71		6.8871e+16
   11.72		6.9119e+16
   11.73		6.9387e+16
   11.74		6.9673e+16
   11.75		6.9977e+16
   11.76		7.0298e+16
   11.77		7.0636e+16
   11.78		7.0989e+16
   11.79		7.1357e+16
   11.80		7.1740e+16
   11.81		7.2136e+16
   11.82		7.2545e+16
   11.83		7.2967e+16
   11.84		7.3401e+16
   11.85		7.3846e+16
   11.86		7.4303e+16
   11.87		7.4769e+16
   11.88		7.5245e+16
   11.89		7.5730e+16
   11.90		7.6224e+16
   11.91		7.6726e+16
   11.92		7.7235e+16
   11.93		7.7751e+16
   11.94		7.8273e+16
   11.95		7.8800e+16
   11.96		7.9333e+16
   11.97		7.9870e+16
   11.98		8.0410e+16
   11.99		8.0954e+16
   12.00		8.1500e+16
   12.01		8.2048e+16
   12.02		8.2597e+16
   12.03		8.3148e+16
   12.04		8.3701e+16
   12.05		8.4255e+16
   12.06		8.4811e+16
   12.07		8.5369e+16
   12.08		8.5928e+16
   12.09		8.6489e+16
   12.10		8.7051e+16
   12.11		8.7614e+16
   12.12		8.8179e+16
   12.13		8.8746e+16
   12.14		8.9313e+16
   12.15		8.9883e+16
   12.16		9.0453e+16
   12.17		9.1025e+16
   12.18		9.1599e+16
   12.19		9.2173e+16
   12.20		9.2750e+16
   12.21		9.3327e+16
   12.22		9.3906e+16
   12.23		9.4485e+16
   12.24		9.5067e+16
   12.25		9.5649e+16
   12.26		9.6233e+16
   12.27		9.6818e+16
   12.28		9.7404e+16
   12.29		9.7991e+16
   12.30		9.8579e+16
   12.31		9.9169e+16
   12.32		9.9760e+16
   12.33		1.0035e+17
   12.34		1.0095e+17
   12.35		1.0154e+17
   12.36		1.0214e+17
   12.37		1.0273e+17
   12.38		1.0333e+17
   12.39		1.0393e+17
   12.40		1.0453e+17
   12.41		1.0513e+17
   12.42		1.0573e+17
   12.43		1.0634e+17
   12.44		1.0694e+17
   12.45		1.0755e+17
   12.46		1.0816e+17
   12.47		1.0877e+17
   12.48		1.0938e+17
   12.49		1.0999e+17
   12.50		1.1061e+17
   12.51		1.1122e+17
   12.52		1.1184e+17
   12.53		1.1246e+17
   12.54		1.1307e+17
   12.55		1.1369e+17
   12.56		1.1431e+17
   12.57		1.1494e+17
   12.58		1.1556e+17
   12.59		1.1618e+17
   12.60		1.1681e+17
   12.61		1.1744e+17
   12.62		1.1806e+17
   12.63		1.1869e+17
   12.64		1.1932e+17
   12.65		1.1995e+17
   12.66		1.2058e+17
   12.67		1.2121e+17
   12.68		1.2184e+17
   12.69		1.2247e+17
   12.70		1.2311e+17
   12.71		1.2374e+17
   12.72		1.2438e+17
   12.73		1.2501e+17
   12.74		1.2565e+17
   12.75		1.2628e+17
   12.76		1.2692e+17
   12.77		1.2755e+17
   12.78		1.2819e+17
   12.79		1.2883e+17
   12.80		1.2947e+17
   12.81		1.3010e+17
   12.82		1.3074e+17
   12.83		1.3138e+17
   12.84		1.3202e+17
   12.85		1.3266e+17
   12.86		1.3330e+17
   12.87		1.3394e+17
   12.88		1.3458e+17
   12.89		1.3522e+17
   12.90		1.3586e+17
   12.91		1.3650e+17
   12.92		1.3713e+17
   12.93		1.3777e+17
   12.94		1.3841e+17
   12.95		1.3905e+17
   12.96		1.3968e+17
   12.97		1.4032e+17
   12.98		1.4095e+17
   12.99		1.4159e+17
   13.00		1.4222e+17
   13.01		1.4285e+17
   13.02		1.4348e+17
   13.03		1.4411e+17
   13.04		1.4474e+17
   13.05		1.4537e+17
   13.06		1.4599e+17
   13.07		1.4661e+17
   13.08		1.4724e+17
   13.09		1.4786e+17
   13.10		1.4848e+17
   13.11		1.4909e+17
   13.12		1.4971e+17
   13.13		1.5032e+17
   13.14		1.5094e+17
   13.15		1.5155e+17
   13.16		1.5216e+17
   13.17		1.5276e+17
   13.18		1.5337e+17
   13.19		1.5397e+17
   13.20		1.5457e+17
   13.21		1.5516e+17
   13.22		1.5576e+17
   13.23		1.5635e+17
   13.24		1.5694e+17
   13.25		1.5753e+17
   13.26		1.5812e+17
   13.27		1.5870e+17
   13.28		1.5928e+17
   13.29		1.5986e+17
   13.30		1.6043e+17
   13.31		1.6100e+17
   13.32		1.6157e+17
   13.33		1.6214e+17
   13.34		1.6270e+17
   13.35		1.6326e+17
   13.36		1.6382e+17
   13.37		1.6438e+17
   13.38		1.6493e+17
   13.39		1.6548e+17
   13.40		1.6603e+17
   13.41		1.6657e+17
   13.42		1.6711e+17
   13.43		1.6765e+17
   13.44		1.6818e+17
   13.45		1.6872e+17
   13.46		1.6925e+17
   13.47		1.6977e+17
   13.48		1.7029e+17
   13.49		1.7081e+17
   13.50		1.7133e+17
   13.51		1.7184e+17
   13.52		1.7236e+17
   13.53		1.7286e+17
   13.54		1.7337e+17
   13.55		1.7387e+17
   13.56		1.7437e+17
   13.57		1.7487e+17
   13.58		1.7536e+17
   13.59		1.7585e+17
   13.60		1.7634e+17
   13.61		1.7682e+17
   13.62		1.7731e+17
   13.63		1.7778e+17
   13.64		1.7826e+17
   13.65		1.7873e+17
   13.66		1.7919e+17
   13.67		1.7966e+17
   13.68		1.8011e+17
   13.69		1.8056e+17
   13.70		1.8101e+17
   13.71		1.8145e+17
   13.72		1.8189e+17
   13.73		1.8232e+17
   13.74		1.8274e+17
   13.75		1.8316e+17
   13.76		1.8357e+17
   13.77		1.8397e+17
   13.78		1.8437e+17
   13.79		1.8476e+17
   13.80		1.8514e+17
   13.81		1.8552e+17
   13.82		1.8589e+17
   13.83		1.8625e+17
   13.84		1.8660e+17
   13.85		1.8695e+17
   13.86		1.8728e+17
   13.87		1.8761e+17
   13.88		1.8793e+17
   13.89		1.8824e+17
   13.90		1.8855e+17
   13.91		1.8884e+17
   13.92		1.8912e+17
   13.93		1.8940e+17
   13.94		1.8967e+17
   13.95		1.8992e+17
   13.96		1.9017e+17
   13.97		1.9041e+17
   13.98		1.9064e+17
   13.99		1.9085e+17
   14.00		1.9106e+17
   14.01		1.9126e+17
   14.02		1.9145e+17
   14.03		1.9163e+17
   14.04		1.9179e+17
   14.05		1.9195e+17
   14.06		1.9209e+17
   14.07		1.9223e+17
   14.08		1.9235e+17
   14.09		1.9247e+17
   14.10		1.9257e+17
   14.11		1.9266e+17
   14.12		1.9274e+17
   14.13		1.9281e+17
   14.14		1.9287e+17
   14.15		1.9292e+17
   14.16		1.9296e+17
   14.17		1.9299e+17
   14.18		1.9300e+17
   14.19		1.9301e+17
   14.20		1.9300e+17
   14.21		1.9299e+17
   14.22		1.9296e+17
   14.23		1.9292e+17
   14.24		1.9288e+17
   14.25		1.9282e+17
   14.26		1.9275e+17
   14.27		1.9267e+17
   14.28		1.9258e+17
   14.29		1.9248e+17
   14.30		1.9238e+17
   14.31		1.9226e+17
   14.32		1.9213e+17
   14.33		1.9199e+17
   14.34		1.9185e+17
   14.35		1.9169e+17
   14.36		1.9153e+17
   14.37		1.9135e+17
   14.38		1.9117e+17
   14.39		1.9098e+17
   14.40		1.9078e+17
   14.41		1.9057e+17
   14.42		1.9035e+17
   14.43		1.9013e+17
   14.44		1.8990e+17
   14.45		1.8966e+17
   14.46		1.8941e+17
   14.47		1.8915e+17
   14.48		1.8889e+17
   14.49		1.8862e+17
   14.50		1.8834e+17
   14.51		1.8806e+17
   14.52		1.8777e+17
   14.53		1.8747e+17
   14.54		1.8717e+17
   14.55		1.8686e+17
   14.56		1.8655e+17
   14.57		1.8623e+17
   14.58		1.8591e+17
   14.59		1.8558e+17
   14.60		1.8524e+17
   14.61		1.8490e+17
   14.62		1.8456e+17
   14.63		1.8421e+17
   14.64		1.8386e+17
   14.65		1.8350e+17
   14.66		1.8314e+17
   14.67		1.8277e+17
   14.68		1.8240e+17
   14.69		1.8203e+17
   14.70		1.8165e+17
   14.71		1.8127e+17
   14.72		1.8088e+17
   14.73		1.8049e+17
   14.74		1.8009e+17
   14.75		1.7969e+17
   14.76		1.7928e+17
   14.77		1.7888e+17
   14.78		1.7846e+17
   14.79		1.7805e+17
   14.80		1.7762e+17
   14.81		1.7720e+17
   14.82		1.7677e+17
   14.83		1.7634e+17
   14.84		1.7590e+17
   14.85		1.7546e+17
   14.86		1.7501e+17
   14.87		1.7456e+17
   14.88		1.7411e+17
   14.89		1.7366e+17
   14.90		1.7320e+17
   14.91		1.7273e+17
   14.92		1.7227e+17
   14.93		1.7180e+17
   14.94		1.7133e+17
   14.95		1.7085e+17
   14.96		1.7037e+17
   14.97		1.6989e+17
   14.98		1.6941e+17
   14.99		1.6892e+17
   15.00		1.6843e+17
   15.01		1.6794e+17
   15.02		1.6744e+17
   15.03		1.6695e+17
   15.04		1.6645e+17
   15.05		1.6594e+17
   15.06		1.6544e+17
   15.07		1.6493e+17
   15.08		1.6442e+17
   15.09		1.6391e+17
   15.10		1.6340e+17
   15.11		1.6288e+17
   15.12		1.6236e+17
   15.13		1.6184e+17
   15.14		1.6132e+17
   15.15		1.6080e+17
   15.16		1.6027e+17
   15.17		1.5975e+17
   15.18		1.5922e+17
   15.19		1.5869e+17
   15.20		1.5816e+17
   15.21		1.5763e+17
   15.22		1.5709e+17
   15.23		1.5656e+17
   15.24		1.5602e+17
   15.25		1.5549e+17
   15.26		1.5495e+17
   15.27		1.5441e+17
   15.28		1.5387e+17
   15.29		1.5333e+17
   15.30		1.5279e+17
   15.31		1.5225e+17
   15.32		1.5171e+17
   15.33		1.5117e+17
   15.34		1.5063e+17
   15.35		1.5009e+17
   15.36		1.4955e+17
   15.37		1.4901e+17
   15.38		1.4847e+17
   15.39		1.4793e+17
   15.40		1.4739e+17
   15.41		1.4685e+17
   15.42		1.4631e+17
   15.43		1.4577e+17
   15.44		1.4524e+17
   15.45		1.4470e+17
   15.46		1.4417e+17
   15.47		1.4363e+17
   15.48		1.4310e+17
   15.49		1.4257e+17
   15.50		1.4204e+17
   15.51		1.4151e+17
   15.52		1.4098e+17
   15.53		1.4046e+17
   15.54		1.3993e+17
   15.55		1.3941e+17
   15.56		1.3889e+17
   15.57		1.3837e+17
   15.58		1.3786e+17
   15.59		1.3734e+17
   15.60		1.3683e+17
   15.61		1.3632e+17
   15.62		1.3582e+17
   15.63		1.3531e+17
   15.64		1.3481e+17
   15.65		1.3432e+17
   15.66		1.3382e+17
   15.67		1.3334e+17
   15.68		1.3285e+17
   15.69		1.3237e+17
   15.70		1.3190e+17
   15.71		1.3143e+17
   15.72		1.3097e+17
   15.73		1.3051e+17
   15.74		1.3006e+17
   15.75		1.2961e+17
   15.76		1.2917e+17
   15.77		1.2874e+17
   15.78		1.2831e+17
   15.79		1.2790e+17
   15.80		1.2748e+17
   15.81		1.2708e+17
   15.82		1.2669e+17
   15.83		1.2630e+17
   15.84		1.2592e+17
   15.85		1.2554e+17
   15.86		1.2518e+17
   15.87		1.2483e+17
   15.88		1.2448e+17
   15.89		1.2414e+17
   15.90		1.2381e+17
   15.91		1.2349e+17
   15.92		1.2318e+17
   15.93		1.2287e+17
   15.94		1.2258e+17
   15.95		1.2229e+17
   15.96		1.2202e+17
   15.97		1.2175e+17
   15.98		1.2150e+17
   15.99		1.2125e+17
   16.00		1.2101e+17
   16.01		1.2078e+17
   16.02		1.2056e+17
   16.03		1.2035e+17
   16.04		1.2015e+17
   16.05		1.1996e+17
   16.06		1.1978e+17
   16.07		1.1960e+17
   16.08		1.1944e+17
   16.09		1.1929e+17
   16.10		1.1914e+17
   16.11		1.1901e+17
   16.12		1.1888e+17
   16.13		1.1876e+17
   16.14		1.1866e+17
   16.15		1.1856e+17
   16.16		1.1847e+17
   16.17		1.1839e+17
   16.18		1.1831e+17
   16.19		1.1825e+17
   16.20		1.1820e+17
   16.21		1.1815e+17
   16.22		1.1811e+17
   16.23		1.1808e+17
   16.24		1.1806e+17
   16.25		1.1804e+17
   16.26		1.1804e+17
   16.27		1.1804e+17
   16.28		1.1804e+17
   16.29		1.1806e+17
   16.30		1.1808e+17
   16.31		1.1811e+17
   16.32		1.1815e+17
   16.33		1.1819e+17
   16.34		1.1824e+17
   16.35		1.1830e+17
   16.36		1.1836e+17
   16.37		1.1842e+17
   16.38		1.1850e+17
   16.39		1.1857e+17
   16.40		1.1866e+17
   16.41		1.1875e+17
   16.42		1.1884e+17
   16.43		1.1894e+17
   16.44		1.1904e+17
   16.45		1.1915e+17
   16.46		1.1926e+17
   16.47		1.1938e+17
   16.48		1.1949e+17
   16.49		1.1962e+17
   16.50		1.1974e+17
   16.51		1.1987e+17
   16.52		1.2001e+17
   16.53		1.2014e+17
   16.54		1.2028e+17
   16.55		1.2042e+17
   16.56		1.2056e+17
   16.57		1.2071e+17
   16.58		1.2085e+17
   16.59		1.2100e+17
   16.60		1.2115e+17
   16.61		1.2130e+17
   16.62		1.2146e+17
   16.63		1.2161e+17
   16.64		1.2177e+17
   16.65		1.2192e+17
   16.66		1.2208e+17
   16.67		1.2224e+17
   16.68		1.2240e+17
   16.69		1.2257e+17
   16.70		1.2273e+17
   16.71		1.2290e+17
   16.72		1.2307e+17
   16.73		1.2324e+17
   16.74		1.2342e+17
   16.75		1.2359e+17
   16.76		1.2377e+17
   16.77		1.2395e+17
   16.78		1.2413e+17
   16.79		1.2431e+17
   16.80		1.2450e+17
   16.81		1.2469e+17
   16.82		1.2488e+17
   16.83		1.2507e+17
   16.84		1.2527e+17
   16.85		1.2547e+17
   16.86		1.2567e+17
   16.87		1.2587e+17
   16.88		1.2608e+17
   16.89		1.2628e+17
   16.90		1.2649e+17
   16.91		1.2671e+17
   16.92		1.2692e+17
   16.93		1.2714e+17
   16.94		1.2736e+17
   16.95		1.2759e+17
   16.96		1.2782e+17
   16.97		1.2805e+17
   16.98		1.2828e+17
   16.99		1.2851e+17
   17.00		1.2875e+17
   17.01		1.2899e+17
   17.02		1.2924e+17
   17.03		1.2948e+17
   17.04		1.2973e+17
   17.05		1.2999e+17
   17.06		1.3024e+17
   17.07		1.3050e+17
   17.08		1.3077e+17
   17.09		1.3103e+17
   17.10		1.3130e+17
   17.11		1.3157e+17
   17.12		1.3185e+17
   17.13		1.3213e+17
   17.14		1.3241e+17
   17.15		1.3270e+17
   17.16		1.3299e+17
   17.17		1.3328e+17
   17.18		1.3358e+17
   17.19		1.3388e+17
   17.20		1.3418e+17
   17.21		1.3449e+17
   17.22		1.3480e+17
   17.23		1.3511e+17
   17.24		1.3543e+17
   17.25		1.3575e+17
   17.26		1.3607e+17
   17.27		1.3639e+17
   17.28		1.3672e+17
   17.29		1.3706e+17
   17.30		1.3739e+17
   17.31		1.3773e+17
   17.32		1.3807e+17
   17.33		1.3842e+17
   17.34		1.3877e+17
   17.35		1.3912e+17
   17.36		1.3947e+17
   17.37		1.3983e+17
   17.38		1.4019e+17
   17.39		1.4055e+17
   17.40		1.4092e+17
   17.41		1.4129e+17
   17.42		1.4166e+17
   17.43		1.4203e+17
   17.44		1.4241e+17
   17.45		1.4279e+17
   17.46		1.4317e+17
   17.47		1.4356e+17
   17.48		1.4395e+17
   17.49		1.4434e+17
   17.50		1.4473e+17
   17.51		1.4513e+17
   17.52		1.4553e+17
   17.53		1.4593e+17
   17.54		1.4634e+17
   17.55		1.4674e+17
   17.56		1.4715e+17
   17.57		1.4757e+17
   17.58		1.4798e+17
   17.59		1.4840e+17
   17.60		1.4882e+17
   17.61		1.4925e+17
   17.62		1.4967e+17
   17.63		1.5010e+17
   17.64		1.5053e+17
   17.65		1.5096e+17
   17.66		1.5140e+17
   17.67		1.5184e+17
   17.68		1.5228e+17
   17.69		1.5272e+17
   17.70		1.5316e+17
   17.71		1.5361e+17
   17.72		1.5406e+17
   17.73		1.5451e+17
   17.74		1.5496e+17
   17.75		1.5542e+17
   17.76		1.5588e+17
   17.77		1.5634e+17
   17.78		1.5680e+17
   17.79		1.5727e+17
   17.80		1.5773e+17
   17.81		1.5820e+17
   17.82		1.5867e+17
   17.83		1.5915e+17
   17.84		1.5962e+17
   17.85		1.6010e+17
   17.86		1.6058e+17
   17.87		1.6106e+17
   17.88		1.6155e+17
   17.89		1.6203e+17
   17.90		1.6252e+17
   17.91		1.6301e+17
   17.92		1.6351e+17
   17.93		1.6400e+17
   17.94		1.6450e+17
   17.95		1.6500e+17
   17.96		1.6550e+17
   17.97		1.6601e+17
   17.98		1.6651e+17
   17.99		1.6702e+17
   18.00		1.6753e+17
   18.01		1.6805e+17
   18.02		1.6856e+17
   18.03		1.6908e+17
   18.04		1.6960e+17
   18.05		1.7013e+17
   18.06		1.7065e+17
   18.07		1.7118e+17
   18.08		1.7172e+17
   18.09		1.7225e+17
   18.10		1.7279e+17
   18.11		1.7333e+17
   18.12		1.7388e+17
   18.13		1.7443e+17
   18.14		1.7498e+17
   18.15		1.7554e+17
   18.16		1.7610e+17
   18.17		1.7666e+17
   18.18		1.7723e+17
   18.19		1.7780e+17
   18.20		1.7838e+17
   18.21		1.7896e+17
   18.22		1.7954e+17
   18.23		1.8013e+17
   18.24		1.8073e+17
   18.25		1.8132e+17
   18.26		1.8192e+17
   18.27		1.8253e+17
   18.28		1.8314e+17
   18.29		1.8376e+17
   18.30		1.8438e+17
   18.31		1.8500e+17
   18.32		1.8563e+17
   18.33		1.8626e+17
   18.34		1.8690e+17
   18.35		1.8754e+17
   18.36		1.8819e+17
   18.37		1.8884e+17
   18.38		1.8950e+17
   18.39		1.9016e+17
   18.40		1.9082e+17
   18.41		1.9149e+17
   18.42		1.9217e+17
   18.43		1.9285e+17
   18.44		1.9353e+17
   18.45		1.9422e+17
   18.46		1.9491e+17
   18.47		1.9561e+17
   18.48		1.9631e+17
   18.49		1.9702e+17
   18.50		1.9773e+17
   18.51		1.9844e+17
   18.52		1.9916e+17
   18.53		1.9988e+17
   18.54		2.0061e+17
   18.55		2.0134e+17
   18.56		2.0208e+17
   18.57		2.0282e+17
   18.58		2.0356e+17
   18.59		2.0431e+17
   18.60		2.0506e+17
   18.61		2.0582e+17
   18.62		2.0658e+17
   18.63		2.0734e+17
   18.64		2.0811e+17
   18.65		2.0888e+17
   18.66		2.0965e+17
   18.67		2.1043e+17
   18.68		2.1121e+17
   18.69		2.1199e+17
   18.70		2.1278e+17
   18.71		2.1357e+17
   18.72		2.1437e+17
   18.73		2.1516e+17
   18.74		2.1596e+17
   18.75		2.1676e+17
   18.76		2.1757e+17
   18.77		2.1837e+17
   18.78		2.1918e+17
   18.79		2.2000e+17
   18.80		2.2081e+17
   18.81		2.2162e+17
   18.82		2.2244e+17
   18.83		2.2326e+17
   18.84		2.2408e+17
   18.85		2.2490e+17
   18.86		2.2572e+17
   18.87		2.2655e+17
   18.88		2.2737e+17
   18.89		2.2820e+17
   18.90		2.2902e+17
   18.91		2.2985e+17
   18.92		2.3067e+17
   18.93		2.3150e+17
   18.94		2.3233e+17
   18.95		2.3315e+17
   18.96		2.3398e+17
   18.97		2.3481e+17
   18.98		2.3563e+17
   18.99		2.3645e+17
   19.00		2.3728e+17
   19.01		2.3810e+17
   19.02		2.3892e+17
   19.03		2.3974e+17
   19.04		2.4056e+17
   19.05		2.4138e+17
   19.06		2.4219e+17
   19.07		2.4301e+17
   19.08		2.4382e+17
   19.09		2.4463e+17
   19.10		2.4544e+17
   19.11		2.4624e+17
   19.12		2.4705e+17
   19.13		2.4785e+17
   19.14		2.4865e+17
   19.15		2.4945e+17
   19.16		2.5025e+17
   19.17		2.5104e+17
   19.18		2.5184e+17
   19.19		2.5262e+17
   19.20		2.5341e+17
   19.21		2.5420e+17
   19.22		2.5498e+17
   19.23		2.5576e+17
   19.24		2.5654e+17
   19.25		2.5731e+17
   19.26		2.5808e+17
   19.27		2.5885e+17
   19.28		2.5962e+17
   19.29		2.6038e+17
   19.30		2.6114e+17
   19.31		2.6190e+17
   19.32		2.6266e+17
   19.33		2.6341e+17
   19.34		2.6415e+17
   19.35		2.6490e+17
   19.36		2.6564e+17
   19.37		2.6638e+17
   19.38		2.6711e+17
   19.39		2.6784e+17
   19.40		2.6857e+17
   19.41		2.6929e+17
   19.42		2.7001e+17
   19.43		2.7072e+17
   19.44		2.7143e+17
   19.45		2.7214e+17
   19.46		2.7284e+17
   19.47		2.7354e+17
   19.48		2.7423e+17
   19.49		2.7492e+17
   19.50		2.7561e+17
   19.51		2.7629e+17
   19.52		2.7696e+17
   19.53		2.7763e+17
   19.54		2.7830e+17
   19.55		2.7896e+17
   19.56		2.7962e+17
   19.57		2.8027e+17
   19.58		2.8092e+17
   19.59		2.8156e+17
   19.60		2.8220e+17
   19.61		2.8283e+17
   19.62		2.8345e+17
   19.63		2.8408e+17
   19.64		2.8469e+17
   19.65		2.8531e+17
   19.66		2.8591e+17
   19.67		2.8652e+17
   19.68		2.8711e+17
   19.69		2.8771e+17
   19.70		2.8829e+17
   19.71		2.8887e+17
   19.72		2.8945e+17
   19.73		2.9002e+17
   19.74		2.9059e+17
   19.75		2.9115e+17
   19.76		2.9170e+17
   19.77		2.9225e+17
   19.78		2.9279e+17
   19.79		2.9333e+17
   19.80		2.9386e+17
   19.81		2.9439e+17
   19.82		2.9491e+17
   19.83		2.9543e+17
   19.84		2.9593e+17
   19.85		2.9644e+17
   19.86		2.9694e+17
   19.87		2.9743e+17
   19.88		2.9791e+17
   19.89		2.9839e+17
   19.90		2.9887e+17
   19.91		2.9933e+17
   19.92		2.9979e+17
   19.93		3.0025e+17
   19.94		3.0070e+17
   19.95		3.0114e+17
   19.96		3.0158e+17
   19.97		3.0200e+17
   19.98		3.0243e+17
   19.99		3.0285e+17
   20.00		3.0326e+17
   20.01		3.0366e+17
   20.02		3.0406e+17
   20.03		3.0445e+17
   20.04		3.0483e+17
   20.05		3.0521e+17
   20.06		3.0558e+17
   20.07		3.0595e+17
   20.08		3.0630e+17
   20.09		3.0665e+17
   20.10		3.0700e+17
   20.11		3.0733e+17
   20.12		3.0766e+17
   20.13		3.0798e+17
   20.14		3.0829e+17
   20.15		3.0860e+17
   20.16		3.0889e+17
   20.17		3.0918e+17
   20.18		3.0946e+17
   20.19		3.0974e+17
   20.20		3.1001e+17
   20.21		3.1026e+17
   20.22		3.1051e+17
   20.23		3.1076e+17
   20.24		3.1099e+17
   20.25		3.1122e+17
   20.26		3.1144e+17
   20.27		3.1165e+17
   20.28		3.1185e+17
   20.29		3.1205e+17
   20.30		3.1223e+17
   20.31		3.1241e+17
   20.32		3.1258e+17
   20.33		3.1274e+17
   20.34		3.1290e+17
   20.35		3.1304e+17
   20.36		3.1318e+17
   20.37		3.1330e+17
   20.38		3.1342e+17
   20.39		3.1354e+17
   20.40		3.1364e+17
   20.41		3.1373e+17
   20.42		3.1382e+17
   20.43		3.1390e+17
   20.44		3.1397e+17
   20.45		3.1403e+17
   20.46		3.1408e+17
   20.47		3.1413e+17
   20.48		3.1417e+17
   20.49		3.1419e+17
   20.50		3.1421e+17
   20.51		3.1423e+17
   20.52		3.1423e+17
   20.53		3.1423e+17
   20.54		3.1421e+17
   20.55		3.1419e+17
   20.56		3.1417e+17
   20.57		3.1413e+17
   20.58		3.1409e+17
   20.59		3.1403e+17
   20.60		3.1397e+17
   20.61		3.1391e+17
   20.62		3.1383e+17
   20.63		3.1375e+17
   20.64		3.1366e+17
   20.65		3.1356e+17
   20.66		3.1345e+17
   20.67		3.1334e+17
   20.68		3.1322e+17
   20.69		3.1309e+17
   20.70		3.1296e+17
   20.71		3.1282e+17
   20.72		3.1267e+17
   20.73		3.1251e+17
   20.74		3.1235e+17
   20.75		3.1218e+17
   20.76		3.1200e+17
   20.77		3.1181e+17
   20.78		3.1162e+17
   20.79		3.1143e+17
   20.80		3.1122e+17
   20.81		3.1101e+17
   20.82		3.1079e+17
   20.83		3.1057e+17
   20.84		3.1033e+17
   20.85		3.1010e+17
   20.86		3.0985e+17
   20.87		3.0960e+17
   20.88		3.0934e+17
   20.89		3.0908e+17
   20.90		3.0881e+17
   20.91		3.0853e+17
   20.92		3.0825e+17
   20.93		3.0796e+17
   20.94		3.0767e+17
   20.95		3.0737e+17
   20.96		3.0706e+17
   20.97		3.0675e+17
   20.98		3.0643e+17
   20.99		3.0611e+17
   21.00		3.0578e+17
   21.01		3.0545e+17
   21.02		3.0511e+17
   21.03		3.0476e+17
   21.04		3.0441e+17
   21.05		3.0405e+17
   21.06		3.0369e+17
   21.07		3.0332e+17
   21.08		3.0294e+17
   21.09		3.0256e+17
   21.10		3.0217e+17
   21.11		3.0178e+17
   21.12		3.0138e+17
   21.13		3.0097e+17
   21.14		3.0056e+17
   21.15		3.0014e+17
   21.16		2.9971e+17
   21.17		2.9928e+17
   21.18		2.9884e+17
   21.19		2.9840e+17
   21.20		2.9795e+17
   21.21		2.9749e+17
   21.22		2.9702e+17
   21.23		2.9655e+17
   21.24		2.9608e+17
   21.25		2.9559e+17
   21.26		2.9510e+17
   21.27		2.9461e+17
   21.28		2.9410e+17
   21.29		2.9359e+17
   21.30		2.9308e+17
   21.31		2.9256e+17
   21.32		2.9203e+17
   21.33		2.9149e+17
   21.34		2.9095e+17
   21.35		2.9041e+17
   21.36		2.8986e+17
   21.37		2.8930e+17
   21.38		2.8874e+17
   21.39		2.8817e+17
   21.40		2.8759e+17
   21.41		2.8701e+17
   21.42		2.8643e+17
   21.43		2.8583e+17
   21.44		2.8524e+17
   21.45		2.8463e+17
   21.46		2.8403e+17
   21.47		2.8341e+17
   21.48		2.8280e+17
   21.49		2.8217e+17
   21.50		2.8154e+17
   21.51		2.8091e+17
   21.52		2.8027e+17
   21.53		2.7962e+17
   21.54		2.7898e+17
   21.55		2.7832e+17
   21.56		2.7766e+17
   21.57		2.7700e+17
   21.58		2.7633e+17
   21.59		2.7566e+17
   21.60		2.7498e+17
   21.61		2.7430e+17
   21.62		2.7361e+17
   21.63		2.7292e+17
   21.64		2.7222e+17
   21.65		2.7152e+17
   21.66		2.7082e+17
   21.67		2.7011e+17
   21.68		2.6940e+17
   21.69		2.6868e+17
   21.70		2.6796e+17
   21.71		2.6724e+17
   21.72		2.6652e+17
   21.73		2.6579e+17
   21.74		2.6505e+17
   21.75		2.6432e+17
   21.76		2.6358e+17
   21.77		2.6284e+17
   21.78		2.6209e+17
   21.79		2.6134e+17
   21.80		2.6059e+17
   21.81		2.5984e+17
   21.82		2.5908e+17
   21.83		2.5832e+17
   21.84		2.5756e+17
   21.85		2.5679e+17
   21.86		2.5603e+17
   21.87		2.5526e+17
   21.88		2.5449e+17
   21.89		2.5371e+17
   21.90		2.5294e+17
   21.91		2.5216e+17
   21.92		2.5138e+17
   21.93		2.5060e+17
   21.94		2.4982e+17
   21.95		2.4903e+17
   21.96		2.4825e+17
   21.97		2.4746e+17
   21.98		2.4667e+17
   21.99		2.4588e+17
   22.00		2.4509e+17
   22.01		2.4429e+17
   22.02		2.4350e+17
   22.03		2.4270e+17
   22.04		2.4191e+17
   22.05		2.4111e+17
   22.06		2.4031e+17
   22.07		2.3951e+17
   22.08		2.3871e+17
   22.09		2.3790e+17
   22.10		2.3710e+17
   22.11		2.3629e+17
   22.12		2.3549e+17
   22.13		2.3468e+17
   22.14		2.3387e+17
   22.15		2.3306e+17
   22.16		2.3225e+17
   22.17		2.3144e+17
   22.18		2.3063e+17
   22.19		2.2982e+17
   22.20		2.2900e+17
   22.21		2.2819e+17
   22.22		2.2737e+17
   22.23		2.2655e+17
   22.24		2.2573e+17
   22.25		2.2492e+17
   22.26		2.2410e+17
   22.27		2.2328e+17
   22.28		2.2246e+17
   22.29		2.2163e+17
   22.30		2.2081e+17
   22.31		2.1999e+17
   22.32		2.1917e+17
   22.33		2.1834e+17
   22.34		2.1752e+17
   22.35		2.1669e+17
   22.36		2.1587e+17
   22.37		2.1505e+17
   22.38		2.1422e+17
   22.39		2.1340e+17
   22.40		2.1257e+17
   22.41		2.1175e+17
   22.42		2.1092e+17
   22.43		2.1010e+17
   22.44		2.0927e+17
   22.45		2.0845e+17
   22.46		2.0762e+17
   22.47		2.0680e+17
   22.48		2.0597e+17
   22.49		2.0515e+17
   22.50		2.0432e+17
   22.51		2.0350e+17
   22.52		2.0268e+17
   22.53		2.0185e+17
   22.54		2.0103e+17
   22.55		2.0020e+17
   22.56		1.9938e+17
   22.57		1.9855e+17
   22.58		1.9773e+17
   22.59		1.9690e+17
   22.60		1.9608e+17
   22.61		1.9525e+17
   22.62		1.9443e+17
   22.63		1.9360e+17
   22.64		1.9278e+17
   22.65		1.9195e+17
   22.66		1.9113e+17
   22.67		1.9030e+17
   22.68		1.8948e+17
   22.69		1.8865e+17
   22.70		1.8783e+17
   22.71		1.8700e+17
   22.72		1.8618e+17
   22.73		1.8535e+17
   22.74		1.8452e+17
   22.75		1.8370e+17
   22.76		1.8287e+17
   22.77		1.8205e+17
   22.78		1.8122e+17
   22.79		1.8040e+17
   22.80		1.7957e+17
   22.81		1.7875e+17
   22.82		1.7792e+17
   22.83		1.7710e+17
   22.84		1.7628e+17
   22.85		1.7545e+17
   22.86		1.7463e+17
   22.87		1.7381e+17
   22.88		1.7299e+17
   22.89		1.7217e+17
   22.90		1.7135e+17
   22.91		1.7053e+17
   22.92		1.6971e+17
   22.93		1.6889e+17
   22.94		1.6807e+17
   22.95		1.6726e+17
   22.96		1.6644e+17
   22.97		1.6563e+17
   22.98		1.6481e+17
   22.99		1.6400e+17
   23.00		1.6319e+17
   23.01		1.6238e+17
   23.02		1.6157e+17
   23.03		1.6077e+17
   23.04		1.5996e+17
   23.05		1.5916e+17
   23.06		1.5836e+17
   23.07		1.5756e+17
   23.08		1.5676e+17
   23.09		1.5596e+17
   23.10		1.5517e+17
   23.11		1.5437e+17
   23.12		1.5358e+17
   23.13		1.5280e+17
   23.14		1.5201e+17
   23.15		1.5123e+17
   23.16		1.5045e+17
   23.17		1.4967e+17
   23.18		1.4890e+17
   23.19		1.4812e+17
   23.20		1.4735e+17
   23.21		1.4659e+17
   23.22		1.4582e+17
   23.23		1.4506e+17
   23.24		1.4430e+17
   23.25		1.4355e+17
   23.26		1.4279e+17
   23.27		1.4204e+17
   23.28		1.4130e+17
   23.29		1.4055e+17
   23.30		1.3981e+17
   23.31		1.3908e+17
   23.32		1.3834e+17
   23.33		1.3761e+17
   23.34		1.3689e+17
   23.35		1.3616e+17
   23.36		1.3544e+17
   23.37		1.3472e+17
   23.38		1.3401e+17
   23.39		1.3330e+17
   23.40		1.3259e+17
   23.41		1.3189e+17
   23.42		1.3119e+17
   23.43		1.3049e+17
   23.44		1.2980e+17
   23.45		1.2911e+17
   23.46		1.2842e+17
   23.47		1.2774e+17
   23.48		1.2706e+17
   23.49		1.2638e+17
   23.50		1.2571e+17
   23.51		1.2504e+17
   23.52		1.2438e+17
   23.53		1.2372e+17
   23.54		1.2306e+17
   23.55		1.2241e+17
   23.56		1.2176e+17
   23.57		1.2111e+17
   23.58		1.2047e+17
   23.59		1.1983e+17
   23.60		1.1919e+17
   23.61		1.1856e+17
   23.62		1.1793e+17
   23.63		1.1731e+17
   23.64		1.1668e+17
   23.65		1.1607e+17
   23.66		1.1545e+17
   23.67		1.1484e+17
   23.68		1.1423e+17
   23.69		1.1363e+17
   23.70		1.1302e+17
   23.71		1.1242e+17
   23.72		1.1183e+17
   23.73		1.1123e+17
   23.74		1.1064e+17
   23.75		1.1005e+17
   23.76		1.0947e+17
   23.77		1.0889e+17
   23.78		1.0831e+17
   23.79		1.0773e+17
   23.80		1.0715e+17
   23.81		1.0658e+17
   23.82		1.0601e+17
   23.83		1.0544e+17
   23.84		1.0488e+17
   23.85		1.0432e+17
   23.86		1.0376e+17
   23.87		1.0320e+17
   23.88		1.0264e+17
   23.89		1.0209e+17
   23.90		1.0154e+17
   23.91		1.0099e+17
   23.92		1.0044e+17
   23.93		9.9894e+16
   23.94		9.9350e+16
   23.95		9.8808e+16
   23.96		9.8268e+16
   23.97		9.7730e+16
   23.98		9.7194e+16
   23.99		9.6659e+16
   24.00		9.6127e+16
   24.01		9.5595e+16
   24.02		9.5066e+16
   24.03		9.4538e+16
   24.04		9.4012e+16
   24.05		9.3487e+16
   24.06		9.2965e+16
   24.07		9.2443e+16
   24.08		9.1924e+16
   24.09		9.1406e+16
   24.10		9.0889e+16
   24.11		9.0375e+16
   24.12		8.9862e+16
   24.13		8.9350e+16
   24.14		8.8840e+16
   24.15		8.8331e+16
   24.16		8.7824e+16
   24.17		8.7319e+16
   24.18		8.6815e+16
   24.19		8.6312e+16
   24.20		8.5811e+16
   24.21		8.5311e+16
   24.22		8.4812e+16
   24.23		8.4315e+16
   24.24		8.3819e+16
   24.25		8.3325e+16
   24.26		8.2831e+16
   24.27		8.2339e+16
   24.28		8.1849e+16
   24.29		8.1359e+16
   24.30		8.0870e+16
   24.31		8.0383e+16
   24.32		7.9897e+16
   24.33		7.9412e+16
   24.34		7.8928e+16
   24.35		7.8444e+16
   24.36		7.7962e+16
   24.37		7.7481e+16
   24.38		7.7001e+16
   24.39		7.6521e+16
   24.40		7.6043e+16
   24.41		7.5565e+16
   24.42		7.5088e+16
   24.43		7.4612e+16
   24.44		7.4137e+16
   24.45		7.3663e+16
   24.46		7.3190e+16
   24.47		7.2717e+16
   24.48		7.2246e+16
   24.49		7.1775e+16
   24.50		7.1305e+16
   24.51		7.0837e+16
   24.52		7.0369e+16
   24.53		6.9902e+16
   24.54		6.9436e+16
   24.55		6.8971e+16
   24.56		6.8507e+16
   24.57		6.8045e+16
   24.58		6.7583e+16
   24.59		6.7122e+16
   24.60		6.6662e+16
   24.61		6.6203e+16
   24.62		6.5745e+16
   24.63		6.5289e+16
   24.64		6.4833e+16
   24.65		6.4379e+16
   24.66		6.3925e+16
   24.67		6.3473e+16
   24.68		6.3022e+16
   24.69		6.2573e+16
   24.70		6.2125e+16
   24.71		6.1678e+16
   24.72		6.1232e+16
   24.73		6.0788e+16
   24.74		6.0345e+16
   24.75		5.9903e+16
   24.76		5.9463e+16
   24.77		5.9025e+16
   24.78		5.8587e+16
   24.79		5.8152e+16
   24.80		5.7718e+16
   24.81		5.7285e+16
   24.82		5.6854e+16
   24.83		5.6425e+16
   24.84		5.5997e+16
   24.85		5.5571e+16
   24.86		5.5147e+16
   24.87		5.4724e+16
   24.88		5.4303e+16
   24.89		5.3884e+16
   24.90		5.3466e+16
   24.91		5.3050e+16
   24.92		5.2637e+16
   24.93		5.2225e+16
   24.94		5.1814e+16
   24.95		5.1406e+16
   24.96		5.1000e+16
   24.97		5.0595e+16
   24.98		5.0192e+16
   24.99		4.9792e+16
   25.00		4.9393e+16
   25.01		4.8996e+16
   25.02		4.8602e+16
   25.03		4.8209e+16
   25.04		4.7818e+16
   25.05		4.7429e+16
   25.06		4.7043e+16
   25.07		4.6658e+16
   25.08		4.6275e+16
   25.09		4.5895e+16
   25.10		4.5517e+16
   25.11		4.5140e+16
   25.12		4.4766e+16
   25.13		4.4394e+16
   25.14		4.4024e+16
   25.15		4.3657e+16
   25.16		4.3291e+16
   25.17		4.2928e+16
   25.18		4.2566e+16
   25.19		4.2207e+16
   25.20		4.1850e+16
   25.21		4.1496e+16
   25.22		4.1143e+16
   25.23		4.0793e+16
   25.24		4.0445e+16
   25.25		4.0099e+16
   25.26		3.9755e+16
   25.27		3.9414e+16
   25.28		3.9075e+16
   25.29		3.8737e+16
   25.30		3.8403e+16
   25.31		3.8070e+16
   25.32		3.7739e+16
   25.33		3.7411e+16
   25.34		3.7085e+16
   25.35		3.6761e+16
   25.36		3.6439e+16
   25.37		3.6119e+16
   25.38		3.5801e+16
   25.39		3.5486e+16
   25.40		3.5173e+16
   25.41		3.4861e+16
   25.42		3.4552e+16
   25.43		3.4245e+16
   25.44		3.3940e+16
   25.45		3.3638e+16
   25.46		3.3337e+16
   25.47		3.3038e+16
   25.48		3.2741e+16
   25.49		3.2447e+16
   25.50		3.2154e+16
   25.51		3.1863e+16
   25.52		3.1574e+16
   25.53		3.1288e+16
   25.54		3.1003e+16
   25.55		3.0720e+16
   25.56		3.0439e+16
   25.57		3.0160e+16
   25.58		2.9883e+16
   25.59		2.9607e+16
   25.60		2.9334e+16
   25.61		2.9062e+16
   25.62		2.8792e+16
   25.63		2.8524e+16
   25.64		2.8257e+16
   25.65		2.7993e+16
   25.66		2.7730e+16
   25.67		2.7469e+16
   25.68		2.7210e+16
   25.69		2.6953e+16
   25.70		2.6697e+16
   25.71		2.6443e+16
   25.72		2.6191e+16
   25.73		2.5941e+16
   25.74		2.5693e+16
   25.75		2.5446e+16
   25.76		2.5201e+16
   25.77		2.4958e+16
   25.78		2.4717e+16
   25.79		2.4478e+16
   25.80		2.4240e+16
   25.81		2.4004e+16
   25.82		2.3769e+16
   25.83		2.3537e+16
   25.84		2.3306e+16
   25.85		2.3077e+16
   25.86		2.2850e+16
   25.87		2.2624e+16
   25.88		2.2400e+16
   25.89		2.2178e+16
   25.90		2.1957e+16
   25.91		2.1739e+16
   25.92		2.1521e+16
   25.93		2.1306e+16
   25.94		2.1092e+16
   25.95		2.0880e+16
   25.96		2.0670e+16
   25.97		2.0461e+16
   25.98		2.0254e+16
   25.99		2.0048e+16
   26.00		1.9845e+16
   26.01		1.9642e+16
   26.02		1.9442e+16
   26.03		1.9243e+16
   26.04		1.9046e+16
   26.05		1.8850e+16
   26.06		1.8656e+16
   26.07		1.8463e+16
   26.08		1.8272e+16
   26.09		1.8083e+16
   26.10		1.7895e+16
   26.11		1.7709e+16
   26.12		1.7524e+16
   26.13		1.7341e+16
   26.14		1.7160e+16
   26.15		1.6980e+16
   26.16		1.6802e+16
   26.17		1.6625e+16
   26.18		1.6450e+16
   26.19		1.6276e+16
   26.20		1.6104e+16
   26.21		1.5933e+16
   26.22		1.5764e+16
   26.23		1.5597e+16
   26.24		1.5430e+16
   26.25		1.5266e+16
   26.26		1.5103e+16
   26.27		1.4941e+16
   26.28		1.4781e+16
   26.29		1.4622e+16
   26.30		1.4465e+16
   26.31		1.4309e+16
   26.32		1.4155e+16
   26.33		1.4002e+16
   26.34		1.3850e+16
   26.35		1.3700e+16
   26.36		1.3551e+16
   26.37		1.3404e+16
   26.38		1.3258e+16
   26.39		1.3113e+16
   26.40		1.2970e+16
   26.41		1.2828e+16
   26.42		1.2688e+16
   26.43		1.2549e+16
   26.44		1.2411e+16
   26.45		1.2274e+16
   26.46		1.2139e+16
   26.47		1.2005e+16
   26.48		1.1872e+16
   26.49		1.1741e+16
   26.50		1.1611e+16
   26.51		1.1482e+16
   26.52		1.1355e+16
   26.53		1.1228e+16
   26.54		1.1103e+16
   26.55		1.0980e+16
   26.56		1.0857e+16
   26.57		1.0736e+16
   26.58		1.0615e+16
   26.59		1.0496e+16
   26.60		1.0379e+16
   26.61		1.0262e+16
   26.62		1.0147e+16
   26.63		1.0032e+16
   26.64		9.9191e+15
   26.65		9.8071e+15
   26.66		9.6962e+15
   26.67		9.5864e+15
   26.68		9.4777e+15
   26.69		9.3701e+15
   26.70		9.2636e+15
   26.71		9.1581e+15
   26.72		9.0538e+15
   26.73		8.9504e+15
   26.74		8.8482e+15
   26.75		8.7469e+15
   26.76		8.6467e+15
   26.77		8.5474e+15
   26.78		8.4492e+15
   26.79		8.3519e+15
   26.80		8.2557e+15
   26.81		8.1603e+15
   26.82		8.0660e+15
   26.83		7.9725e+15
   26.84		7.8801e+15
   26.85		7.7885e+15
   26.86		7.6978e+15
   26.87		7.6080e+15
   26.88		7.5191e+15
   26.89		7.4311e+15
   26.90		7.3439e+15
   26.91		7.2575e+15
   26.92		7.1720e+15
   26.93		7.0873e+15
   26.94		7.0035e+15
   26.95		6.9204e+15
   26.96		6.8381e+15
   26.97		6.7565e+15
   26.98		6.6758e+15
   26.99		6.5957e+15
   27.00		6.5164e+15
   27.01		6.4379e+15
   27.02		6.3600e+15
   27.03		6.2829e+15
   27.04		6.2064e+15
   27.05		6.1307e+15
   27.06		6.0557e+15
   27.07		5.9814e+15
   27.08		5.9077e+15
   27.09		5.8348e+15
   27.10		5.7625e+15
   27.11		5.6910e+15
   27.12		5.6201e+15
   27.13		5.5498e+15
   27.14		5.4803e+15
   27.15		5.4114e+15
   27.16		5.3431e+15
   27.17		5.2756e+15
   27.18		5.2086e+15
   27.19		5.1423e+15
   27.20		5.0767e+15
   27.21		5.0117e+15
   27.22		4.9473e+15
   27.23		4.8835e+15
   27.24		4.8204e+15
   27.25		4.7578e+15
   27.26		4.6959e+15
   27.27		4.6346e+15
   27.28		4.5739e+15
   27.29		4.5138e+15
   27.30		4.4543e+15
   27.31		4.3953e+15
   27.32		4.3370e+15
   27.33		4.2792e+15
   27.34		4.2220e+15
   27.35		4.1654e+15
   27.36		4.1094e+15
   27.37		4.0539e+15
   27.38		3.9989e+15
   27.39		3.9445e+15
   27.40		3.8907e+15
   27.41		3.8374e+15
   27.42		3.7846e+15
   27.43		3.7324e+15
   27.44		3.6806e+15
   27.45		3.6294e+15
   27.46		3.5788e+15
   27.47		3.5286e+15
   27.48		3.4789e+15
   27.49		3.4298e+15
   27.50		3.3811e+15
   27.51		3.3329e+15
   27.52		3.2852e+15
   27.53		3.2380e+15
   27.54		3.1913e+15
   27.55		3.1450e+15
   27.56		3.0992e+15
   27.57		3.0539e+15
   27.58		3.0090e+15
   27.59		2.9646e+15
   27.60		2.9207e+15
   27.61		2.8772e+15
   27.62		2.8342e+15
   27.63		2.7917e+15
   27.64		2.7496e+15
   27.65		2.7079e+15
   27.66		2.6668e+15
   27.67		2.6260e+15
   27.68		2.5857e+15
   27.69		2.5459e+15
   27.70		2.5065e+15
   27.71		2.4676e+15
   27.72		2.4291e+15
   27.73		2.3910e+15
   27.74		2.3534e+15
   27.75		2.3163e+15
   27.76		2.2795e+15
   27.77		2.2432e+15
   27.78		2.2073e+15
   27.79		2.1719e+15
   27.80		2.1368e+15
   27.81		2.1022e+15
   27.82		2.0680e+15
   27.83		2.0342e+15
   27.84		2.0008e+15
   27.85		1.9678e+15
   27.86		1.9352e+15
   27.87		1.9030e+15
   27.88		1.8712e+15
   27.89		1.8398e+15
   27.90		1.8088e+15
   27.91		1.7781e+15
   27.92		1.7479e+15
   27.93		1.7180e+15
   27.94		1.6884e+15
   27.95		1.6593e+15
   27.96		1.6305e+15
   27.97		1.6020e+15
   27.98		1.5740e+15
   27.99		1.5462e+15
   28.00		1.5188e+15
   28.01		1.4918e+15
   28.02		1.4651e+15
   28.03		1.4388e+15
   28.04		1.4128e+15
   28.05		1.3871e+15
   28.06		1.3617e+15
   28.07		1.3367e+15
   28.08		1.3120e+15
   28.09		1.2877e+15
   28.10		1.2636e+15
   28.11		1.2399e+15
   28.12		1.2165e+15
   28.13		1.1934e+15
   28.14		1.1706e+15
   28.15		1.1481e+15
   28.16		1.1260e+15
   28.17		1.1041e+15
   28.18		1.0825e+15
   28.19		1.0612e+15
   28.20		1.0403e+15
   28.21		1.0196e+15
   28.22		9.9919e+14
   28.23		9.7908e+14
   28.24		9.5925e+14
   28.25		9.3971e+14
   28.26		9.2044e+14
   28.27		9.0145e+14
   28.28		8.8273e+14
   28.29		8.6428e+14
   28.30		8.4610e+14
   28.31		8.2818e+14
   28.32		8.1052e+14
   28.33		7.9312e+14
   28.34		7.7598e+14
   28.35		7.5909e+14
   28.36		7.4245e+14
   28.37		7.2606e+14
   28.38		7.0991e+14
   28.39		6.9400e+14
   28.40		6.7833e+14
   28.41		6.6290e+14
   28.42		6.4770e+14
   28.43		6.3273e+14
   28.44		6.1800e+14
   28.45		6.0349e+14
   28.46		5.8922e+14
   28.47		5.7516e+14
   28.48		5.6134e+14
   28.49		5.4773e+14
   28.50		5.3435e+14
   28.51		5.2119e+14
   28.52		5.0825e+14
   28.53		4.9552e+14
   28.54		4.8300e+14
   28.55		4.7070e+14
   28.56		4.5861e+14
   28.57		4.4673e+14
   28.58		4.3506e+14
   28.59		4.2359e+14
   28.60		4.1233e+14
   28.61		4.0127e+14
   28.62		3.9041e+14
   28.63		3.7974e+14
   28.64		3.6928e+14
   28.65		3.5901e+14
   28.66		3.4893e+14
   28.67		3.3905e+14
   28.68		3.2935e+14
   28.69		3.1984e+14
   28.70		3.1052e+14
   28.71		3.0138e+14
   28.72		2.9243e+14
   28.73		2.8365e+14
   28.74		2.7506e+14
   28.75		2.6664e+14
   28.76		2.5839e+14
   28.77		2.5032e+14
   28.78		2.4242e+14
   28.79		2.3469e+14
   28.80		2.2712e+14
   28.81		2.1972e+14
   28.82		2.1249e+14
   28.83		2.0541e+14
   28.84		1.9850e+14
   28.85		1.9174e+14
   28.86		1.8514e+14
   28.87		1.7869e+14
   28.88		1.7239e+14
   28.89		1.6624e+14
   28.90		1.6024e+14
   28.91		1.5439e+14
   28.92		1.4868e+14
   28.93		1.4311e+14
   28.94		1.3768e+14
   28.95		1.3239e+14
   28.96		1.2724e+14
   28.97		1.2222e+14
   28.98		1.1733e+14
   28.99		1.1258e+14
   29.00		1.0795e+14
   29.01		1.0345e+14
   29.02		9.9080e+13
   29.03		9.4832e+13
   29.04		9.0706e+13
   29.05		8.6702e+13
   29.06		8.2816e+13
   29.07		7.9047e+13
   29.08		7.5394e+13
   29.09		7.1855e+13
   29.10		6.8427e+13
   29.11		6.5110e+13
   29.12		6.1902e+13
   29.13		5.8801e+13
   29.14		5.5804e+13
   29.15		5.2911e+13
   29.16		5.0119e+13
   29.17		4.7428e+13
   29.18		4.4834e+13
   29.19		4.2336e+13
   29.20		3.9933e+13
   29.21		3.7623e+13
   29.22		3.5403e+13
   29.23		3.3272e+13
   29.24		3.1229e+13
   29.25		2.9271e+13
   29.26		2.7397e+13
   29.27		2.5605e+13
   29.28		2.3893e+13
   29.29		2.2259e+13
   29.30		2.0702e+13
   29.31		1.9219e+13
   29.32		1.7809e+13
   29.33		1.6470e+13
   29.34		1.5200e+13
   29.35		1.3998e+13
   29.36		1.2861e+13
   29.37		1.1787e+13
   29.38		1.0776e+13
   29.39		9.8245e+12
   29.40		8.9312e+12
   29.41		8.0941e+12
   29.42		7.3115e+12
   29.43		6.5816e+12
   29.44		5.9024e+12
   29.45		5.2721e+12
   29.46		4.6888e+12
   29.47		4.1508e+12
   29.48		3.6561e+12
   29.49		3.2028e+12
   29.50		2.7892e+12
   29.51		2.4134e+12
   29.52		2.0735e+12
   29.53		1.7675e+12
   29.54		1.4938e+12
   29.55		1.2503e+12
   29.56		1.0353e+12
   29.57		8.4680e+11
   29.58		6.8300e+11
   29.59		5.4200e+11
   29.60		4.2195e+11
   29.61		3.2106e+11
   29.62		2.3768e+11
   29.63		1.7013e+11
   29.64		1.1676e+11
   29.65		7.5898e+10
   29.66		4.5873e+10
   29.67		2.5022e+10
   29.68		1.1677e+10
   29.69		4.1705e+09
   29.70		8.3411e+08
   29.71		0.0000e+00
   29.72		0.0000e+00
   29.73		0.0000e+00
   29.74		0.0000e+00
   29.75		0.0000e+00
   29.76		0.0000e+00
   29.77		0.0000e+00
   29.78		0.0000e+00
   29.79		0.0000e+00
   29.80		0.0000e+00
   29.81		0.0000e+00
   29.82		0.0000e+00
   29.83		0.0000e+00
   29.84		0.0000e+00
   29.85		0.0000e+00
   29.86		0.0000e+00
   29.87		0.0000e+00
   29.88		0.0000e+00
   29.89		0.0000e+00
   29.90		0.0000e+00
   29.91		0.0000e+00
   29.92		0.0000e+00
   29.93		0.0000e+00
   29.94		0.0000e+00
   29.95		0.0000e+00
   29.96		0.0000e+00
   29.97		0.0000e+00
   29.98		0.0000e+00
   29.99		0.0000e+00
   30.00		0.0000e+00
   30.01		0.0000e+00
   30.02		0.0000e+00
   30.03		0.0000e+00
   30.04		0.0000e+00
   30.05		0.0000e+00
   30.06		0.0000e+00
   30.07		0.0000e+00
   30.08		0.0000e+00
   30.09		0.0000e+00
   30.10		0.0000e+00
   30.11		0.0000e+00
   30.12		0.0000e+00
   30.13		0.0000e+00
   30.14		0.0000e+00
   30.15		0.0000e+00
   30.16		0.0000e+00
   30.17		0.0000e+00
   30.18		0.0000e+00
   30.19		0.0000e+00
   30.20		0.0000e+00
   30.21		0.0000e+00
   30.22		0.0000e+00
   30.23		0.0000e+00
   30.24		0.0000e+00
   30.25		0.0000e+00
   30.26		0.0000e+00
   30.27		0.0000e+00
   30.28		0.0000e+00
   30.29		0.0000e+00
   30.30		0.0000e+00
   30.31		0.0000e+00
   30.32		0.0000e+00
   30.33		0.0000e+00
   30.34		0.0000e+00
   30.35		0.0000e+00
   30.36		0.0000e+00
   30.37		0.0000e+00
   30.38		0.0000e+00
   30.39		0.0000e+00
   30.40		0.0000e+00
   30.41		0.0000e+00
   30.42		0.0000e+00
   30.43		0.0000e+00
   30.44		0.0000e+00
   30.45		0.0000e+00
   30.46		0.0000e+00
   30.47		0.0000e+00
   30.48		0.0000e+00
   30.49		0.0000e+00
   30.50		0.0000e+00
   30.51		0.0000e+00
   30.52		0.0000e+00
   30.53		0.0000e+00
   30.54		0.0000e+00
   30.55		0.0000e+00
   30.56		0.0000e+00
   30.57		0.0000e+00
   30.58		0.0000e+00
   30.59		0.0000e+00
   30.60		0.0000e+00
   30.61		0.0000e+00
   30.62		0.0000e+00
   30.63		0.0000e+00
   30.64		0.0000e+00
   30.65		0.0000e+00
   30.66		0.0000e+00
   30.67		0.0000e+00
   30.68		0.0000e+00
   30.69		0.0000e+00
   30.70		0.0000e+00
   30.71		0.0000e+00
   30.72		0.0000e+00
   30.73		0.0000e+00
   30.74		0.0000e+00
   30.75		0.0000e+00
   30.76		0.0000e+00
   30.77		0.0000e+00
   30.78		0.0000e+00
   30.79		0.0000e+00
   30.80		0.0000e+00
   30.81		0.0000e+00
   30.82		0.0000e+00
   30.83		0.0000e+00
   30.84		0.0000e+00
   30.85		0.0000e+00
   30.86		0.0000e+00
   30.87		0.0000e+00
   30.88		0.0000e+00
   30.89		0.0000e+00
   30.90		0.0000e+00
   30.91		0.0000e+00
   30.92		0.0000e+00
   30.93		0.0000e+00
   30.94		0.0000e+00
   30.95		0.0000e+00
   30.96		0.0000e+00
   30.97		0.0000e+00
   30.98		0.0000e+00
   30.99		0.0000e+00
   31.00		0.0000e+00
   31.01		0.0000e+00
   31.02		0.0000e+00
   31.03		0.0000e+00
   31.04		0.0000e+00
   31.05		0.0000e+00
   31.06		0.0000e+00
   31.07		0.0000e+00
   31.08		0.0000e+00
   31.09		0.0000e+00
   31.10		0.0000e+00
   31.11		0.0000e+00
   31.12		0.0000e+00
   31.13		0.0000e+00
   31.14		0.0000e+00
   31.15		0.0000e+00
   31.16		0.0000e+00
   31.17		0.0000e+00
   31.18		0.0000e+00
   31.19		0.0000e+00
   31.20		0.0000e+00
   31.21		0.0000e+00
   31.22		0.0000e+00
   31.23		0.0000e+00
   31.24		0.0000e+00
   31.25		0.0000e+00
   31.26		0.0000e+00
   31.27		0.0000e+00
   31.28		0.0000e+00
   31.29		0.0000e+00
   31.30		0.0000e+00
   31.31		0.0000e+00
   31.32		0.0000e+00
   31.33		0.0000e+00
   31.34		0.0000e+00
   31.35		0.0000e+00
   31.36		0.0000e+00
   31.37		0.0000e+00
   31.38		0.0000e+00
   31.39		0.0000e+00
   31.40		0.0000e+00
   31.41		0.0000e+00
   31.42		0.0000e+00
   31.43		0.0000e+00
   31.44		0.0000e+00
   31.45		0.0000e+00
   31.46		0.0000e+00
   31.47		0.0000e+00
   31.48		0.0000e+00
   31.49		0.0000e+00
   31.50		0.0000e+00
   31.51		0.0000e+00
   31.52		0.0000e+00
   31.53		0.0000e+00
   31.54		0.0000e+00
   31.55		0.0000e+00
   31.56		0.0000e+00
   31.57		0.0000e+00
   31.58		0.0000e+00
   31.59		0.0000e+00
   31.60		0.0000e+00
   31.61		0.0000e+00
   31.62		0.0000e+00
   31.63		0.0000e+00
   31.64		0.0000e+00
   31.65		0.0000e+00
   31.66		0.0000e+00
   31.67		0.0000e+00
   31.68		0.0000e+00
   31.69		0.0000e+00
   31.70		0.0000e+00
   31.71		0.0000e+00
   31.72		0.0000e+00
   31.73		0.0000e+00
   31.74		0.0000e+00
   31.75		0.0000e+00
   31.76		0.0000e+00
   31.77		0.0000e+00
   31.78		0.0000e+00
   31.79		0.0000e+00
   31.80		0.0000e+00
   31.81		0.0000e+00
   31.82		0.0000e+00
   31.83		0.0000e+00
   31.84		0.0000e+00
   31.85		0.0000e+00
   31.86		0.0000e+00
   31.87		0.0000e+00
   31.88		0.0000e+00
   31.89		0.0000e+00
   31.90		0.0000e+00
   31.91		0.0000e+00
   31.92		0.0000e+00
   31.93		0.0000e+00
   31.94		0.0000e+00
   31.95		0.0000e+00
   31.96		0.0000e+00
   31.97		0.0000e+00
   31.98		0.0000e+00
   31.99		0.0000e+00
   32.00		0.0000e+00
   32.01		0.0000e+00
   32.02		0.0000e+00
   32.03		0.0000e+00
   32.04		0.0000e+00
   32.05		0.0000e+00
   32.06		0.0000e+00
   32.07		0.0000e+00
   32.08		0.0000e+00
   32.09		0.0000e+00
   32.10		0.0000e+00
   32.11		0.0000e+00
   32.12		0.0000e+00
   32.13		0.0000e+00
   32.14		0.0000e+00
   32.15		0.0000e+00
   32.16		0.0000e+00
   32.17		0.0000e+00
   32.18		0.0000e+00
   32.19		0.0000e+00
   32.20		0.0000e+00
   32.21		0.0000e+00
   32.22		0.0000e+00
   32.23		0.0000e+00
   32.24		0.0000e+00
   32.25		0.0000e+00
   32.26		0.0000e+00
   32.27		0.0000e+00
   32.28		0.0000e+00
   32.29		0.0000e+00
   32.30		0.0000e+00
   32.31		0.0000e+00
   32.32		0.0000e+00
   32.33		0.0000e+00
   32.34		0.0000e+00
   32.35		0.0000e+00
   32.36		0.0000e+00
   32.37		0.0000e+00
   32.38		0.0000e+00
   32.39		0.0000e+00
   32.40		0.0000e+00
   32.41		0.0000e+00
   32.42		0.0000e+00
   32.43		0.0000e+00
   32.44		0.0000e+00
   32.45		0.0000e+00
   32.46		0.0000e+00
   32.47		0.0000e+00
   32.48		0.0000e+00
   32.49		0.0000e+00
   32.50		0.0000e+00
   32.51		0.0000e+00
   32.52		0.0000e+00
   32.53		0.0000e+00
   32.54		0.0000e+00
   32.55		0.0000e+00
   32.56		0.0000e+00
   32.57		0.0000e+00
   32.58		0.0000e+00
   32.59		0.0000e+00
   32.60		0.0000e+00
   32.61		0.0000e+00
   32.62		0.0000e+00
   32.63		0.0000e+00
   32.64		0.0000e+00
   32.65		0.0000e+00
   32.66		0.0000e+00
   32.67		0.0000e+00
   32.68		0.0000e+00
   32.69		0.0000e+00
   32.70		0.0000e+00
   32.71		0.0000e+00
   32.72		0.0000e+00
   32.73		0.0000e+00
   32.74		0.0000e+00
   32.75		0.0000e+00
   32.76		0.0000e+00
   32.77		0.0000e+00
   32.78		0.0000e+00
   32.79		0.0000e+00
   32.80		0.0000e+00
   32.81		0.0000e+00
   32.82		0.0000e+00
   32.83		0.0000e+00
   32.84		0.0000e+00
   32.85		0.0000e+00
   32.86		0.0000e+00
   32.87		0.0000e+00
   32.88		0.0000e+00
   32.89		0.0000e+00
   32.90		0.0000e+00
   32.91		0.0000e+00
   32.92		0.0000e+00
   32.93		0.0000e+00
   32.94		0.0000e+00
   32.95		0.0000e+00
   32.96		0.0000e+00
   32.97		0.0000e+00
   32.98		0.0000e+00
   32.99		0.0000e+00
   33.00		0.0000e+00
   33.01		0.0000e+00
   33.02		0.0000e+00
   33.03		0.0000e+00
   33.04		0.0000e+00
   33.05		0.0000e+00
   33.06		0.0000e+00
   33.07		0.0000e+00
   33.08		0.0000e+00
   33.09		0.0000e+00
   33.10		0.0000e+00
   33.11		0.0000e+00
   33.12		0.0000e+00
   33.13		0.0000e+00
   33.14		0.0000e+00
   33.15		0.0000e+00
   33.16		0.0000e+00
   33.17		0.0000e+00
   33.18		0.0000e+00
   33.19		0.0000e+00
   33.20		0.0000e+00
   33.21		0.0000e+00
   33.22		0.0000e+00
   33.23		0.0000e+00
   33.24		0.0000e+00
   33.25		0.0000e+00
   33.26		0.0000e+00
   33.27		0.0000e+00
   33.28		0.0000e+00
   33.29		0.0000e+00
   33.30		0.0000e+00
   33.31		0.0000e+00
   33.32		0.0000e+00
   33.33		0.0000e+00
   33.34		0.0000e+00
   33.35		0.0000e+00
   33.36		0.0000e+00
   33.37		0.0000e+00
   33.38		0.0000e+00
   33.39		0.0000e+00
   33.40		0.0000e+00
   33.41		0.0000e+00
   33.42		0.0000e+00
   33.43		0.0000e+00
   33.44		0.0000e+00
   33.45		0.0000e+00
   33.46		0.0000e+00
   33.47		0.0000e+00
   33.48		0.0000e+00
   33.49		0.0000e+00
   33.50		0.0000e+00
   33.51		0.0000e+00
   33.52		0.0000e+00
   33.53		0.0000e+00
   33.54		0.0000e+00
   33.55		0.0000e+00
   33.56		0.0000e+00
   33.57		0.0000e+00
   33.58		0.0000e+00
   33.59		0.0000e+00
   33.60		0.0000e+00
   33.61		0.0000e+00
   33.62		0.0000e+00
   33.63		0.0000e+00
   33.64		0.0000e+00
   33.65		0.0000e+00
   33.66		0.0000e+00
   33.67		0.0000e+00
   33.68		0.0000e+00
   33.69		0.0000e+00
   33.70		0.0000e+00
   33.71		0.0000e+00
   33.72		0.0000e+00
   33.73		0.0000e+00
   33.74		0.0000e+00
   33.75		0.0000e+00
   33.76		0.0000e+00
   33.77		0.0000e+00
   33.78		0.0000e+00
   33.79		0.0000e+00
   33.80		0.0000e+00
   33.81		0.0000e+00
   33.82		0.0000e+00
   33.83		0.0000e+00
   33.84		0.0000e+00
   33.85		0.0000e+00
   33.86		0.0000e+00
   33.87		0.0000e+00
   33.88		0.0000e+00
   33.89		0.0000e+00
   33.90		0.0000e+00
   33.91		0.0000e+00
   33.92		0.0000e+00
   33.93		0.0000e+00
   33.94		0.0000e+00
   33.95		0.0000e+00
   33.96		0.0000e+00
   33.97		0.0000e+00
   33.98		0.0000e+00
   33.99		0.0000e+00
   34.00		0.0000e+00
   34.01		0.0000e+00
   34.02		0.0000e+00
   34.03		0.0000e+00
   34.04		0.0000e+00
   34.05		0.0000e+00
   34.06		0.0000e+00
   34.07		0.0000e+00
   34.08		0.0000e+00
   34.09		0.0000e+00
   34.10		0.0000e+00
   34.11		0.0000e+00
   34.12		0.0000e+00
   34.13		0.0000e+00
   34.14		0.0000e+00
   34.15		0.0000e+00
   34.16		0.0000e+00
   34.17		0.0000e+00
   34.18		0.0000e+00
   34.19		0.0000e+00
   34.20		0.0000e+00
   34.21		0.0000e+00
   34.22		0.0000e+00
   34.23		0.0000e+00
   34.24		0.0000e+00
   34.25		0.0000e+00
   34.26		0.0000e+00
   34.27		0.0000e+00
   34.28		0.0000e+00
   34.29		0.0000e+00
   34.30		0.0000e+00
   34.31		0.0000e+00
   34.32		0.0000e+00
   34.33		0.0000e+00
   34.34		0.0000e+00
   34.35		0.0000e+00
   34.36		0.0000e+00
   34.37		0.0000e+00
   34.38		0.0000e+00
   34.39		0.0000e+00
   34.40		0.0000e+00
   34.41		0.0000e+00
   34.42		0.0000e+00
   34.43		0.0000e+00
   34.44		0.0000e+00
   34.45		0.0000e+00
   34.46		0.0000e+00
   34.47		0.0000e+00
   34.48		0.0000e+00
   34.49		0.0000e+00
   34.50		0.0000e+00
   34.51		0.0000e+00
   34.52		0.0000e+00
   34.53		0.0000e+00
   34.54		0.0000e+00
   34.55		0.0000e+00
   34.56		0.0000e+00
   34.57		0.0000e+00
   34.58		0.0000e+00
   34.59		0.0000e+00
   34.60		0.0000e+00
   34.61		0.0000e+00
   34.62		0.0000e+00
   34.63		0.0000e+00
   34.64		0.0000e+00
   34.65		0.0000e+00
   34.66		0.0000e+00
   34.67		0.0000e+00
   34.68		0.0000e+00
   34.69		0.0000e+00
   34.70		0.0000e+00
   34.71		0.0000e+00
   34.72		0.0000e+00
   34.73		0.0000e+00
   34.74		0.0000e+00
   34.75		0.0000e+00
   34.76		0.0000e+00
   34.77		0.0000e+00
   34.78		0.0000e+00
   34.79		0.0000e+00
   34.80		0.0000e+00
   34.81		0.0000e+00
   34.82		0.0000e+00
   34.83		0.0000e+00
   34.84		0.0000e+00
   34.85		0.0000e+00
   34.86		0.0000e+00
   34.87		0.0000e+00
   34.88		0.0000e+00
   34.89		0.0000e+00
   34.90		0.0000e+00
   34.91		0.0000e+00
   34.92		0.0000e+00
   34.93		0.0000e+00
   34.94		0.0000e+00
   34.95		0.0000e+00
   34.96		0.0000e+00
   34.97		0.0000e+00
   34.98		0.0000e+00
   34.99		0.0000e+00
   35.00		0.0000e+00
   35.01		0.0000e+00
   35.02		0.0000e+00
   35.03		0.0000e+00
   35.04		0.0000e+00
   35.05		0.0000e+00
   35.06		0.0000e+00
   35.07		0.0000e+00
   35.08		0.0000e+00
   35.09		0.0000e+00
   35.10		0.0000e+00
   35.11		0.0000e+00
   35.12		0.0000e+00
   35.13		0.0000e+00
   35.14		0.0000e+00
   35.15		0.0000e+00
   35.16		0.0000e+00
   35.17		0.0000e+00
   35.18		0.0000e+00
   35.19		0.0000e+00
   35.20		0.0000e+00
   35.21		0.0000e+00
   35.22		0.0000e+00
   35.23		0.0000e+00
   35.24		0.0000e+00
   35.25		0.0000e+00
   35.26		0.0000e+00
   35.27		0.0000e+00
   35.28		0.0000e+00
   35.29		0.0000e+00
   35.30		0.0000e+00
   35.31		0.0000e+00
   35.32		0.0000e+00
   35.33		0.0000e+00
   35.34		0.0000e+00
   35.35		0.0000e+00
   35.36		0.0000e+00
   35.37		0.0000e+00
   35.38		0.0000e+00
   35.39		0.0000e+00
   35.40		0.0000e+00
   35.41		0.0000e+00
   35.42		0.0000e+00
   35.43		0.0000e+00
   35.44		0.0000e+00
   35.45		0.0000e+00
   35.46		0.0000e+00
   35.47		0.0000e+00
   35.48		0.0000e+00
   35.49		0.0000e+00
   35.50		0.0000e+00
   35.51		0.0000e+00
   35.52		0.0000e+00
   35.53		0.0000e+00
   35.54		0.0000e+00
   35.55		0.0000e+00
   35.56		0.0000e+00
   35.57		0.0000e+00
   35.58		0.0000e+00
   35.59		0.0000e+00
   35.60		0.0000e+00
   35.61		0.0000e+00
   35.62		0.0000e+00
   35.63		0.0000e+00
   35.64		0.0000e+00
   35.65		0.0000e+00
   35.66		0.0000e+00
   35.67		0.0000e+00
   35.68		0.0000e+00
   35.69		0.0000e+00
   35.70		0.0000e+00
   35.71		0.0000e+00
   35.72		0.0000e+00
   35.73		0.0000e+00
   35.74		0.0000e+00
   35.75		0.0000e+00
   35.76		0.0000e+00
   35.77		0.0000e+00
   35.78		0.0000e+00
   35.79		0.0000e+00
   35.80		0.0000e+00
   35.81		0.0000e+00
   35.82		0.0000e+00
   35.83		0.0000e+00
   35.84		0.0000e+00
   35.85		0.0000e+00
   35.86		0.0000e+00
   35.87		0.0000e+00
   35.88		0.0000e+00
   35.89		0.0000e+00
   35.90		0.0000e+00
   35.91		0.0000e+00
   35.92		0.0000e+00
   35.93		0.0000e+00
   35.94		0.0000e+00
   35.95		0.0000e+00
   35.96		0.0000e+00
   35.97		0.0000e+00
   35.98		0.0000e+00
   35.99		0.0000e+00
   36.00		0.0000e+00
   36.01		0.0000e+00
   36.02		0.0000e+00
   36.03		0.0000e+00
   36.04		0.0000e+00
   36.05		0.0000e+00
   36.06		0.0000e+00
   36.07		0.0000e+00
   36.08		0.0000e+00
   36.09		0.0000e+00
   36.10		0.0000e+00
   36.11		0.0000e+00
   36.12		0.0000e+00
   36.13		0.0000e+00
   36.14		0.0000e+00
   36.15		0.0000e+00
   36.16		0.0000e+00
   36.17		0.0000e+00
   36.18		0.0000e+00
   36.19		0.0000e+00
   36.20		0.0000e+00
   36.21		0.0000e+00
   36.22		0.0000e+00
   36.23		0.0000e+00
   36.24		0.0000e+00
   36.25		0.0000e+00
   36.26		0.0000e+00
   36.27		0.0000e+00
   36.28		0.0000e+00
   36.29		0.0000e+00
   36.30		0.0000e+00
   36.31		0.0000e+00
   36.32		0.0000e+00
   36.33		0.0000e+00
   36.34		0.0000e+00
   36.35		0.0000e+00
   36.36		0.0000e+00
   36.37		0.0000e+00
   36.38		0.0000e+00
   36.39		0.0000e+00
   36.40		0.0000e+00
   36.41		0.0000e+00
   36.42		0.0000e+00
   36.43		0.0000e+00
   36.44		0.0000e+00
   36.45		0.0000e+00
   36.46		0.0000e+00
   36.47		0.0000e+00
   36.48		0.0000e+00
   36.49		0.0000e+00
   36.50		0.0000e+00
   36.51		0.0000e+00
   36.52		0.0000e+00
   36.53		0.0000e+00
   36.54		0.0000e+00
   36.55		0.0000e+00
   36.56		0.0000e+00
   36.57		0.0000e+00
   36.58		0.0000e+00
   36.59		0.0000e+00
   36.60		0.0000e+00
   36.61		0.0000e+00
   36.62		0.0000e+00
   36.63		0.0000e+00
   36.64		0.0000e+00
   36.65		0.0000e+00
   36.66		0.0000e+00
   36.67		0.0000e+00
   36.68		0.0000e+00
   36.69		0.0000e+00
   36.70		0.0000e+00
   36.71		0.0000e+00
   36.72		0.0000e+00
   36.73		0.0000e+00
   36.74		0.0000e+00
   36.75		0.0000e+00
   36.76		0.0000e+00
   36.77		0.0000e+00
   36.78		0.0000e+00
   36.79		0.0000e+00
   36.80		0.0000e+00
   36.81		0.0000e+00
   36.82		0.0000e+00
   36.83		0.0000e+00
   36.84		0.0000e+00
   36.85		0.0000e+00
   36.86		0.0000e+00
   36.87		0.0000e+00
   36.88		0.0000e+00
   36.89		0.0000e+00
   36.90		0.0000e+00
   36.91		0.0000e+00
   36.92		0.0000e+00
   36.93		0.0000e+00
   36.94		0.0000e+00
   36.95		0.0000e+00
   36.96		0.0000e+00
   36.97		0.0000e+00
   36.98		0.0000e+00
   36.99		0.0000e+00
   37.00		0.0000e+00
   37.01		0.0000e+00
   37.02		0.0000e+00
   37.03		0.0000e+00
   37.04		0.0000e+00
   37.05		0.0000e+00
   37.06		0.0000e+00
   37.07		0.0000e+00
   37.08		0.0000e+00
   37.09		0.0000e+00
   37.10		0.0000e+00
   37.11		0.0000e+00
   37.12		0.0000e+00
   37.13		0.0000e+00
   37.14		0.0000e+00
   37.15		0.0000e+00
   37.16		0.0000e+00
   37.17		0.0000e+00
   37.18		0.0000e+00
   37.19		0.0000e+00
   37.20		0.0000e+00
   37.21		0.0000e+00
   37.22		0.0000e+00
   37.23		0.0000e+00
   37.24		0.0000e+00
   37.25		0.0000e+00
   37.26		0.0000e+00
   37.27		0.0000e+00
   37.28		0.0000e+00
   37.29		0.0000e+00
   37.30		0.0000e+00
   37.31		0.0000e+00
   37.32		0.0000e+00
   37.33		0.0000e+00
   37.34		0.0000e+00
   37.35		0.0000e+00
   37.36		0.0000e+00
   37.37		0.0000e+00
   37.38		0.0000e+00
   37.39		0.0000e+00
   37.40		0.0000e+00
   37.41		0.0000e+00
   37.42		0.0000e+00
   37.43		0.0000e+00
   37.44		0.0000e+00
   37.45		0.0000e+00
   37.46		0.0000e+00
   37.47		0.0000e+00
   37.48		0.0000e+00
   37.49		0.0000e+00
   37.50		0.0000e+00
   37.51		0.0000e+00
   37.52		0.0000e+00
   37.53		0.0000e+00
   37.54		0.0000e+00
   37.55		0.0000e+00
   37.56		0.0000e+00
   37.57		0.0000e+00
   37.58		0.0000e+00
   37.59		0.0000e+00
   37.60		0.0000e+00
   37.61		0.0000e+00
   37.62		0.0000e+00
   37.63		0.0000e+00
   37.64		0.0000e+00
   37.65		0.0000e+00
   37.66		0.0000e+00
   37.67		0.0000e+00
   37.68		0.0000e+00
   37.69		0.0000e+00
   37.70		0.0000e+00
   37.71		0.0000e+00
   37.72		0.0000e+00
   37.73		0.0000e+00
   37.74		0.0000e+00
   37.75		0.0000e+00
   37.76		0.0000e+00
   37.77		0.0000e+00
   37.78		0.0000e+00
   37.79		0.0000e+00
   37.80		0.0000e+00
   37.81		0.0000e+00
   37.82		0.0000e+00
   37.83		0.0000e+00
   37.84		0.0000e+00
   37.85		0.0000e+00
   37.86		0.0000e+00
   37.87		0.0000e+00
   37.88		0.0000e+00
   37.89		0.0000e+00
   37.90		0.0000e+00
   37.91		0.0000e+00
   37.92		0.0000e+00
   37.93		0.0000e+00
   37.94		0.0000e+00
   37.95		0.0000e+00
   37.96		0.0000e+00
   37.97		0.0000e+00
   37.98		0.0000e+00
   37.99		0.0000e+00
   38.00		0.0000e+00
   38.01		0.0000e+00
   38.02		0.0000e+00
   38.03		0.0000e+00
   38.04		0.0000e+00
   38.05		0.0000e+00
   38.06		0.0000e+00
   38.07		0.0000e+00
   38.08		0.0000e+00
   38.09		0.0000e+00
   38.10		0.0000e+00
   38.11		0.0000e+00
   38.12		0.0000e+00
   38.13		0.0000e+00
   38.14		0.0000e+00
   38.15		0.0000e+00
   38.16		0.0000e+00
   38.17		0.0000e+00
   38.18		0.0000e+00
   38.19		0.0000e+00
   38.20		0.0000e+00
   38.21		0.0000e+00
   38.22		0.0000e+00
   38.23		0.0000e+00
   38.24		0.0000e+00
   38.25		0.0000e+00
   38.26		0.0000e+00
   38.27		0.0000e+00
   38.28		0.0000e+00
   38.29		0.0000e+00
   38.30		0.0000e+00
   38.31		0.0000e+00
   38.32		0.0000e+00
   38.33		0.0000e+00
   38.34		0.0000e+00
   38.35		0.0000e+00
   38.36		0.0000e+00
   38.37		0.0000e+00
   38.38		0.0000e+00
   38.39		0.0000e+00
   38.40		0.0000e+00
   38.41		0.0000e+00
   38.42		0.0000e+00
   38.43		0.0000e+00
   38.44		0.0000e+00
   38.45		0.0000e+00
   38.46		0.0000e+00
   38.47		0.0000e+00
   38.48		0.0000e+00
   38.49		0.0000e+00
   38.50		0.0000e+00
   38.51		0.0000e+00
   38.52		0.0000e+00
   38.53		0.0000e+00
   38.54		0.0000e+00
   38.55		0.0000e+00
   38.56		0.0000e+00
   38.57		0.0000e+00
   38.58		0.0000e+00
   38.59		0.0000e+00
   38.60		0.0000e+00
   38.61		0.0000e+00
   38.62		0.0000e+00
   38.63		0.0000e+00
   38.64		0.0000e+00
   38.65		0.0000e+00
   38.66		0.0000e+00
   38.67		0.0000e+00
   38.68		0.0000e+00
   38.69		0.0000e+00
   38.70		0.0000e+00
   38.71		0.0000e+00
   38.72		0.0000e+00
   38.73		0.0000e+00
   38.74		0.0000e+00
   38.75		0.0000e+00
   38.76		0.0000e+00
   38.77		0.0000e+00
   38.78		0.0000e+00
   38.79		0.0000e+00
   38.80		0.0000e+00
   38.81		0.0000e+00
   38.82		0.0000e+00
   38.83		0.0000e+00
   38.84		0.0000e+00
   38.85		0.0000e+00
   38.86		0.0000e+00
   38.87		0.0000e+00
   38.88		0.0000e+00
   38.89		0.0000e+00
   38.90		0.0000e+00
   38.91		0.0000e+00
   38.92		0.0000e+00
   38.93		0.0000e+00
   38.94		0.0000e+00
   38.95		0.0000e+00
   38.96		0.0000e+00
   38.97		0.0000e+00
   38.98		0.0000e+00
   38.99		0.0000e+00
   39.00		0.0000e+00
   39.01		0.0000e+00
   39.02		0.0000e+00
   39.03		0.0000e+00
   39.04		0.0000e+00
   39.05		0.0000e+00
   39.06		0.0000e+00
   39.07		0.0000e+00
   39.08		0.0000e+00
   39.09		0.0000e+00
   39.10		0.0000e+00
   39.11		0.0000e+00
   39.12		0.0000e+00
   39.13		0.0000e+00
   39.14		0.0000e+00
   39.15		0.0000e+00
   39.16		0.0000e+00
   39.17		0.0000e+00
   39.18		0.0000e+00
   39.19		0.0000e+00
   39.20		0.0000e+00
   39.21		0.0000e+00
   39.22		0.0000e+00
   39.23		0.0000e+00
   39.24		0.0000e+00
   39.25		0.0000e+00
   39.26		0.0000e+00
   39.27		0.0000e+00
   39.28		0.0000e+00
   39.29		0.0000e+00
   39.30		0.0000e+00
   39.31		0.0000e+00
   39.32		0.0000e+00
   39.33		0.0000e+00
   39.34		0.0000e+00
   39.35		0.0000e+00
   39.36		0.0000e+00
   39.37		0.0000e+00
   39.38		0.0000e+00
   39.39		0.0000e+00
   39.40		0.0000e+00
   39.41		0.0000e+00
   39.42		0.0000e+00
   39.43		0.0000e+00
   39.44		0.0000e+00
   39.45		0.0000e+00
   39.46		0.0000e+00
   39.47		0.0000e+00
   39.48		0.0000e+00
   39.49		0.0000e+00
   39.50		0.0000e+00
   39.51		0.0000e+00
   39.52		0.0000e+00
   39.53		0.0000e+00
   39.54		0.0000e+00
   39.55		0.0000e+00
   39.56		0.0000e+00
   39.57		0.0000e+00
   39.58		0.0000e+00
   39.59		0.0000e+00
   39.60		0.0000e+00
   39.61		0.0000e+00
   39.62		0.0000e+00
   39.63		0.0000e+00
   39.64		0.0000e+00
   39.65		0.0000e+00
   39.66		0.0000e+00
   39.67		0.0000e+00
   39.68		0.0000e+00
   39.69		0.0000e+00
   39.70		0.0000e+00
   39.71		0.0000e+00
   39.72		0.0000e+00
   39.73		0.0000e+00
   39.74		0.0000e+00
   39.75		0.0000e+00
   39.76		0.0000e+00
   39.77		0.0000e+00
   39.78		0.0000e+00
   39.79		0.0000e+00
   39.80		0.0000e+00
   39.81		0.0000e+00
   39.82		0.0000e+00
   39.83		0.0000e+00
   39.84		0.0000e+00
   39.85		0.0000e+00
   39.86		0.0000e+00
   39.87		0.0000e+00
   39.88		0.0000e+00
   39.89		0.0000e+00
   39.90		0.0000e+00
   39.91		0.0000e+00
   39.92		0.0000e+00
   39.93		0.0000e+00
   39.94		0.0000e+00
   39.95		0.0000e+00
   39.96		0.0000e+00
   39.97		0.0000e+00
   39.98		0.0000e+00
   39.99		0.0000e+00
   40.00		0.0000e+00
   40.01		0.0000e+00
   40.02		0.0000e+00
   40.03		0.0000e+00
   40.04		0.0000e+00
   40.05		0.0000e+00
   40.06		0.0000e+00
   40.07		0.0000e+00
   40.08		0.0000e+00
   40.09		0.0000e+00
   40.10		0.0000e+00
   40.11		0.0000e+00
   40.12		0.0000e+00
   40.13		0.0000e+00
   40.14		0.0000e+00
   40.15		0.0000e+00
   40.16		0.0000e+00
   40.17		0.0000e+00
   40.18		0.0000e+00
   40.19		0.0000e+00
   40.20		0.0000e+00
   40.21		0.0000e+00
   40.22		0.0000e+00
   40.23		0.0000e+00
   40.24		0.0000e+00
   40.25		0.0000e+00
   40.26		0.0000e+00
   40.27		0.0000e+00
   40.28		0.0000e+00
   40.29		0.0000e+00
   40.30		0.0000e+00
   40.31		0.0000e+00
   40.32		0.0000e+00
   40.33		0.0000e+00
   40.34		0.0000e+00
   40.35		0.0000e+00
   40.36		0.0000e+00
   40.37		0.0000e+00
   40.38		0.0000e+00
   40.39		0.0000e+00
   40.40		0.0000e+00
   40.41		0.0000e+00
   40.42		0.0000e+00
   40.43		0.0000e+00
   40.44		0.0000e+00
   40.45		0.0000e+00
   40.46		0.0000e+00
   40.47		0.0000e+00
   40.48		0.0000e+00
   40.49		0.0000e+00
   40.50		0.0000e+00
   40.51		0.0000e+00
   40.52		0.0000e+00
   40.53		0.0000e+00
   40.54		0.0000e+00
   40.55		0.0000e+00
   40.56		0.0000e+00
   40.57		0.0000e+00
   40.58		0.0000e+00
   40.59		0.0000e+00
   40.60		0.0000e+00
   40.61		0.0000e+00
   40.62		0.0000e+00
   40.63		0.0000e+00
   40.64		0.0000e+00
   40.65		0.0000e+00
   40.66		0.0000e+00
   40.67		0.0000e+00
   40.68		0.0000e+00
   40.69		0.0000e+00
   40.70		0.0000e+00
   40.71		0.0000e+00
   40.72		0.0000e+00
   40.73		0.0000e+00
   40.74		0.0000e+00
   40.75		0.0000e+00
   40.76		0.0000e+00
   40.77		0.0000e+00
   40.78		0.0000e+00
   40.79		0.0000e+00
   40.80		0.0000e+00
   40.81		0.0000e+00
   40.82		0.0000e+00
   40.83		0.0000e+00
   40.84		0.0000e+00
   40.85		0.0000e+00
   40.86		0.0000e+00
   40.87		0.0000e+00
   40.88		0.0000e+00
   40.89		0.0000e+00
   40.90		0.0000e+00
   40.91		0.0000e+00
   40.92		0.0000e+00
   40.93		0.0000e+00
   40.94		0.0000e+00
   40.95		0.0000e+00
   40.96		0.0000e+00
   40.97		0.0000e+00
   40.98		0.0000e+00
   40.99		0.0000e+00
   41.00		0.0000e+00
   41.01		0.0000e+00
   41.02		0.0000e+00
   41.03		0.0000e+00
   41.04		0.0000e+00
   41.05		0.0000e+00
   41.06		0.0000e+00
   41.07		0.0000e+00
   41.08		0.0000e+00
   41.09		0.0000e+00
   41.10		0.0000e+00
   41.11		0.0000e+00
   41.12		0.0000e+00
   41.13		0.0000e+00
   41.14		0.0000e+00
   41.15		0.0000e+00
   41.16		0.0000e+00
   41.17		0.0000e+00
   41.18		0.0000e+00
   41.19		0.0000e+00
   41.20		0.0000e+00
   41.21		0.0000e+00
   41.22		0.0000e+00
   41.23		0.0000e+00
   41.24		0.0000e+00
   41.25		0.0000e+00
   41.26		0.0000e+00
   41.27		0.0000e+00
   41.28		0.0000e+00
   41.29		0.0000e+00
   41.30		0.0000e+00
   41.31		0.0000e+00
   41.32		0.0000e+00
   41.33		0.0000e+00
   41.34		0.0000e+00
   41.35		0.0000e+00
   41.36		0.0000e+00
   41.37		0.0000e+00
   41.38		0.0000e+00
   41.39		0.0000e+00
   41.40		0.0000e+00
   41.41		0.0000e+00
   41.42		0.0000e+00
   41.43		0.0000e+00
   41.44		0.0000e+00
   41.45		0.0000e+00
   41.46		0.0000e+00
   41.47		0.0000e+00
   41.48		0.0000e+00
   41.49		0.0000e+00
   41.50		0.0000e+00
   41.51		0.0000e+00
   41.52		0.0000e+00
   41.53		0.0000e+00
   41.54		0.0000e+00
   41.55		0.0000e+00
   41.56		0.0000e+00
   41.57		0.0000e+00
   41.58		0.0000e+00
