dt: 0.01
Time[s]     Moment_Rate [Nm]
    0.00		0.0000e+00
    0.01		2.3490e+11
    0.02		1.1744e+12
    0.03		3.2882e+12
    0.04		7.0455e+12
    0.05		1.2915e+13
    0.06		2.1365e+13
    0.07		3.2864e+13
    0.08		4.7878e+13
    0.09		6.6874e+13
    0.10		9.0316e+13
    0.11		1.1867e+14
    0.12		1.5240e+14
    0.13		1.9196e+14
    0.14		2.3781e+14
    0.15		2.9042e+14
    0.16		3.5024e+14
    0.17		4.1773e+14
    0.18		4.9333e+14
    0.19		5.7751e+14
    0.20		6.7070e+14
    0.21		7.7335e+14
    0.22		8.8592e+14
    0.23		1.0088e+15
    0.24		1.1426e+15
    0.25		1.2875e+15
    0.26		1.4441e+15
    0.27		1.6128e+15
    0.28		1.7940e+15
    0.29		1.9882e+15
    0.30		2.1957e+15
    0.31		2.4170e+15
    0.32		2.6525e+15
    0.33		2.9027e+15
    0.34		3.1678e+15
    0.35		3.4484e+15
    0.36		3.7448e+15
    0.37		4.0575e+15
    0.38		4.3867e+15
    0.39		4.7330e+15
    0.40		5.0966e+15
    0.41		5.4780e+15
    0.42		5.8776e+15
    0.43		6.2957e+15
    0.44		6.7326e+15
    0.45		7.1888e+15
    0.46		7.6646e+15
    0.47		8.1604e+15
    0.48		8.6765e+15
    0.49		9.2132e+15
    0.50		9.7709e+15
    0.51		1.0350e+16
    0.52		1.0951e+16
    0.53		1.1573e+16
    0.54		1.2218e+16
    0.55		1.2885e+16
    0.56		1.3576e+16
    0.57		1.4289e+16
    0.58		1.5026e+16
    0.59		1.5787e+16
    0.60		1.6572e+16
    0.61		1.7381e+16
    0.62		1.8215e+16
    0.63		1.9074e+16
    0.64		1.9958e+16
    0.65		2.0867e+16
    0.66		2.1802e+16
    0.67		2.2762e+16
    0.68		2.3749e+16
    0.69		2.4762e+16
    0.70		2.5802e+16
    0.71		2.6868e+16
    0.72		2.7962e+16
    0.73		2.9082e+16
    0.74		3.0230e+16
    0.75		3.1406e+16
    0.76		3.2609e+16
    0.77		3.3840e+16
    0.78		3.5099e+16
    0.79		3.6386e+16
    0.80		3.7702e+16
    0.81		3.9046e+16
    0.82		4.0419e+16
    0.83		4.1820e+16
    0.84		4.3251e+16
    0.85		4.4711e+16
    0.86		4.6199e+16
    0.87		4.7717e+16
    0.88		4.9265e+16
    0.89		5.0841e+16
    0.90		5.2447e+16
    0.91		5.4083e+16
    0.92		5.5749e+16
    0.93		5.7444e+16
    0.94		5.9169e+16
    0.95		6.0923e+16
    0.96		6.2708e+16
    0.97		6.4522e+16
    0.98		6.6367e+16
    0.99		6.8241e+16
    1.00		7.0145e+16
    1.01		7.2079e+16
    1.02		7.4043e+16
    1.03		7.6036e+16
    1.04		7.8060e+16
    1.05		8.0114e+16
    1.06		8.2197e+16
    1.07		8.4310e+16
    1.08		8.6453e+16
    1.09		8.8625e+16
    1.10		9.0827e+16
    1.11		9.3058e+16
    1.12		9.5319e+16
    1.13		9.7609e+16
    1.14		9.9929e+16
    1.15		1.0228e+17
    1.16		1.0465e+17
    1.17		1.0706e+17
    1.18		1.0950e+17
    1.19		1.1196e+17
    1.20		1.1445e+17
    1.21		1.1697e+17
    1.22		1.1952e+17
    1.23		1.2210e+17
    1.24		1.2471e+17
    1.25		1.2734e+17
    1.26		1.3000e+17
    1.27		1.3269e+17
    1.28		1.3540e+17
    1.29		1.3814e+17
    1.30		1.4091e+17
    1.31		1.4371e+17
    1.32		1.4653e+17
    1.33		1.4937e+17
    1.34		1.5225e+17
    1.35		1.5515e+17
    1.36		1.5807e+17
    1.37		1.6102e+17
    1.38		1.6400e+17
    1.39		1.6699e+17
    1.40		1.7002e+17
    1.41		1.7306e+17
    1.42		1.7614e+17
    1.43		1.7923e+17
    1.44		1.8235e+17
    1.45		1.8549e+17
    1.46		1.8865e+17
    1.47		1.9184e+17
    1.48		1.9505e+17
    1.49		1.9827e+17
    1.50		2.0152e+17
    1.51		2.0480e+17
    1.52		2.0809e+17
    1.53		2.1140e+17
    1.54		2.1473e+17
    1.55		2.1808e+17
    1.56		2.2146e+17
    1.57		2.2485e+17
    1.58		2.2825e+17
    1.59		2.3168e+17
    1.60		2.3513e+17
    1.61		2.3859e+17
    1.62		2.4208e+17
    1.63		2.4559e+17
    1.64		2.4914e+17
    1.65		2.5272e+17
    1.66		2.5634e+17
    1.67		2.6000e+17
    1.68		2.6370e+17
    1.69		2.6746e+17
    1.70		2.7127e+17
    1.71		2.7514e+17
    1.72		2.7907e+17
    1.73		2.8306e+17
    1.74		2.8712e+17
    1.75		2.9125e+17
    1.76		2.9545e+17
    1.77		2.9973e+17
    1.78		3.0409e+17
    1.79		3.0854e+17
    1.80		3.1307e+17
    1.81		3.1770e+17
    1.82		3.2242e+17
    1.83		3.2724e+17
    1.84		3.3216e+17
    1.85		3.3719e+17
    1.86		3.4234e+17
    1.87		3.4760e+17
    1.88		3.5298e+17
    1.89		3.5849e+17
    1.90		3.6412e+17
    1.91		3.6989e+17
    1.92		3.7580e+17
    1.93		3.8184e+17
    1.94		3.8803e+17
    1.95		3.9436e+17
    1.96		4.0084e+17
    1.97		4.0747e+17
    1.98		4.1426e+17
    1.99		4.2120e+17
    2.00		4.2830e+17
    2.01		4.3556e+17
    2.02		4.4299e+17
    2.03		4.5058e+17
    2.04		4.5833e+17
    2.05		4.6624e+17
    2.06		4.7431e+17
    2.07		4.8255e+17
    2.08		4.9095e+17
    2.09		4.9952e+17
    2.10		5.0824e+17
    2.11		5.1713e+17
    2.12		5.2617e+17
    2.13		5.3538e+17
    2.14		5.4474e+17
    2.15		5.5426e+17
    2.16		5.6394e+17
    2.17		5.7377e+17
    2.18		5.8375e+17
    2.19		5.9389e+17
    2.20		6.0417e+17
    2.21		6.1459e+17
    2.22		6.2517e+17
    2.23		6.3588e+17
    2.24		6.4673e+17
    2.25		6.5772e+17
    2.26		6.6884e+17
    2.27		6.8009e+17
    2.28		6.9148e+17
    2.29		7.0300e+17
    2.30		7.1464e+17
    2.31		7.2642e+17
    2.32		7.3833e+17
    2.33		7.5037e+17
    2.34		7.6253e+17
    2.35		7.7482e+17
    2.36		7.8724e+17
    2.37		7.9978e+17
    2.38		8.1244e+17
    2.39		8.2522e+17
    2.40		8.3812e+17
    2.41		8.5114e+17
    2.42		8.6428e+17
    2.43		8.7753e+17
    2.44		8.9089e+17
    2.45		9.0437e+17
    2.46		9.1795e+17
    2.47		9.3163e+17
    2.48		9.4542e+17
    2.49		9.5932e+17
    2.50		9.7333e+17
    2.51		9.8745e+17
    2.52		1.0017e+18
    2.53		1.0160e+18
    2.54		1.0304e+18
    2.55		1.0450e+18
    2.56		1.0596e+18
    2.57		1.0744e+18
    2.58		1.0892e+18
    2.59		1.1042e+18
    2.60		1.1193e+18
    2.61		1.1344e+18
    2.62		1.1497e+18
    2.63		1.1651e+18
    2.64		1.1805e+18
    2.65		1.1961e+18
    2.66		1.2118e+18
    2.67		1.2276e+18
    2.68		1.2435e+18
    2.69		1.2595e+18
    2.70		1.2756e+18
    2.71		1.2918e+18
    2.72		1.3081e+18
    2.73		1.3245e+18
    2.74		1.3410e+18
    2.75		1.3576e+18
    2.76		1.3744e+18
    2.77		1.3912e+18
    2.78		1.4081e+18
    2.79		1.4251e+18
    2.80		1.4422e+18
    2.81		1.4594e+18
    2.82		1.4766e+18
    2.83		1.4940e+18
    2.84		1.5115e+18
    2.85		1.5290e+18
    2.86		1.5467e+18
    2.87		1.5644e+18
    2.88		1.5822e+18
    2.89		1.6001e+18
    2.90		1.6180e+18
    2.91		1.6361e+18
    2.92		1.6542e+18
    2.93		1.6724e+18
    2.94		1.6907e+18
    2.95		1.7090e+18
    2.96		1.7274e+18
    2.97		1.7458e+18
    2.98		1.7644e+18
    2.99		1.7829e+18
    3.00		1.8016e+18
    3.01		1.8203e+18
    3.02		1.8390e+18
    3.03		1.8578e+18
    3.04		1.8766e+18
    3.05		1.8955e+18
    3.06		1.9144e+18
    3.07		1.9333e+18
    3.08		1.9522e+18
    3.09		1.9712e+18
    3.10		1.9901e+18
    3.11		2.0091e+18
    3.12		2.0281e+18
    3.13		2.0470e+18
    3.14		2.0660e+18
    3.15		2.0850e+18
    3.16		2.1039e+18
    3.17		2.1228e+18
    3.18		2.1417e+18
    3.19		2.1606e+18
    3.20		2.1794e+18
    3.21		2.1982e+18
    3.22		2.2169e+18
    3.23		2.2356e+18
    3.24		2.2543e+18
    3.25		2.2729e+18
    3.26		2.2914e+18
    3.27		2.3098e+18
    3.28		2.3282e+18
    3.29		2.3465e+18
    3.30		2.3648e+18
    3.31		2.3829e+18
    3.32		2.4010e+18
    3.33		2.4190e+18
    3.34		2.4369e+18
    3.35		2.4547e+18
    3.36		2.4724e+18
    3.37		2.4900e+18
    3.38		2.5076e+18
    3.39		2.5250e+18
    3.40		2.5424e+18
    3.41		2.5596e+18
    3.42		2.5767e+18
    3.43		2.5938e+18
    3.44		2.6107e+18
    3.45		2.6275e+18
    3.46		2.6442e+18
    3.47		2.6608e+18
    3.48		2.6773e+18
    3.49		2.6936e+18
    3.50		2.7099e+18
    3.51		2.7260e+18
    3.52		2.7420e+18
    3.53		2.7579e+18
    3.54		2.7737e+18
    3.55		2.7894e+18
    3.56		2.8049e+18
    3.57		2.8203e+18
    3.58		2.8356e+18
    3.59		2.8508e+18
    3.60		2.8659e+18
    3.61		2.8809e+18
    3.62		2.8958e+18
    3.63		2.9106e+18
    3.64		2.9254e+18
    3.65		2.9401e+18
    3.66		2.9547e+18
    3.67		2.9693e+18
    3.68		2.9838e+18
    3.69		2.9983e+18
    3.70		3.0128e+18
    3.71		3.0272e+18
    3.72		3.0417e+18
    3.73		3.0561e+18
    3.74		3.0705e+18
    3.75		3.0848e+18
    3.76		3.0992e+18
    3.77		3.1137e+18
    3.78		3.1281e+18
    3.79		3.1425e+18
    3.80		3.1570e+18
    3.81		3.1716e+18
    3.82		3.1862e+18
    3.83		3.2008e+18
    3.84		3.2155e+18
    3.85		3.2303e+18
    3.86		3.2452e+18
    3.87		3.2601e+18
    3.88		3.2751e+18
    3.89		3.2902e+18
    3.90		3.3054e+18
    3.91		3.3207e+18
    3.92		3.3361e+18
    3.93		3.3516e+18
    3.94		3.3672e+18
    3.95		3.3829e+18
    3.96		3.3987e+18
    3.97		3.4146e+18
    3.98		3.4306e+18
    3.99		3.4467e+18
    4.00		3.4629e+18
    4.01		3.4793e+18
    4.02		3.4957e+18
    4.03		3.5123e+18
    4.04		3.5290e+18
    4.05		3.5458e+18
    4.06		3.5627e+18
    4.07		3.5797e+18
    4.08		3.5968e+18
    4.09		3.6141e+18
    4.10		3.6314e+18
    4.11		3.6489e+18
    4.12		3.6664e+18
    4.13		3.6840e+18
    4.14		3.7018e+18
    4.15		3.7196e+18
    4.16		3.7375e+18
    4.17		3.7554e+18
    4.18		3.7735e+18
    4.19		3.7916e+18
    4.20		3.8097e+18
    4.21		3.8279e+18
    4.22		3.8462e+18
    4.23		3.8645e+18
    4.24		3.8829e+18
    4.25		3.9013e+18
    4.26		3.9198e+18
    4.27		3.9382e+18
    4.28		3.9567e+18
    4.29		3.9752e+18
    4.30		3.9938e+18
    4.31		4.0123e+18
    4.32		4.0308e+18
    4.33		4.0494e+18
    4.34		4.0679e+18
    4.35		4.0864e+18
    4.36		4.1049e+18
    4.37		4.1234e+18
    4.38		4.1418e+18
    4.39		4.1602e+18
    4.40		4.1786e+18
    4.41		4.1969e+18
    4.42		4.2152e+18
    4.43		4.2334e+18
    4.44		4.2515e+18
    4.45		4.2696e+18
    4.46		4.2876e+18
    4.47		4.3055e+18
    4.48		4.3233e+18
    4.49		4.3410e+18
    4.50		4.3586e+18
    4.51		4.3761e+18
    4.52		4.3934e+18
    4.53		4.4106e+18
    4.54		4.4277e+18
    4.55		4.4447e+18
    4.56		4.4614e+18
    4.57		4.4781e+18
    4.58		4.4946e+18
    4.59		4.5109e+18
    4.60		4.5270e+18
    4.61		4.5430e+18
    4.62		4.5588e+18
    4.63		4.5745e+18
    4.64		4.5899e+18
    4.65		4.6052e+18
    4.66		4.6203e+18
    4.67		4.6352e+18
    4.68		4.6499e+18
    4.69		4.6645e+18
    4.70		4.6788e+18
    4.71		4.6929e+18
    4.72		4.7068e+18
    4.73		4.7206e+18
    4.74		4.7341e+18
    4.75		4.7474e+18
    4.76		4.7606e+18
    4.77		4.7735e+18
    4.78		4.7862e+18
    4.79		4.7988e+18
    4.80		4.8111e+18
    4.81		4.8233e+18
    4.82		4.8352e+18
    4.83		4.8470e+18
    4.84		4.8586e+18
    4.85		4.8700e+18
    4.86		4.8813e+18
    4.87		4.8923e+18
    4.88		4.9032e+18
    4.89		4.9139e+18
    4.90		4.9244e+18
    4.91		4.9348e+18
    4.92		4.9449e+18
    4.93		4.9550e+18
    4.94		4.9648e+18
    4.95		4.9745e+18
    4.96		4.9840e+18
    4.97		4.9933e+18
    4.98		5.0025e+18
    4.99		5.0115e+18
    5.00		5.0204e+18
    5.01		5.0291e+18
    5.02		5.0377e+18
    5.03		5.0461e+18
    5.04		5.0543e+18
    5.05		5.0624e+18
    5.06		5.0704e+18
    5.07		5.0782e+18
    5.08		5.0859e+18
    5.09		5.0935e+18
    5.10		5.1010e+18
    5.11		5.1084e+18
    5.12		5.1157e+18
    5.13		5.1230e+18
    5.14		5.1302e+18
    5.15		5.1373e+18
    5.16		5.1444e+18
    5.17		5.1515e+18
    5.18		5.1586e+18
    5.19		5.1656e+18
    5.20		5.1727e+18
    5.21		5.1797e+18
    5.22		5.1868e+18
    5.23		5.1938e+18
    5.24		5.2008e+18
    5.25		5.2078e+18
    5.26		5.2149e+18
    5.27		5.2219e+18
    5.28		5.2290e+18
    5.29		5.2361e+18
    5.30		5.2432e+18
    5.31		5.2503e+18
    5.32		5.2575e+18
    5.33		5.2647e+18
    5.34		5.2719e+18
    5.35		5.2792e+18
    5.36		5.2865e+18
    5.37		5.2939e+18
    5.38		5.3013e+18
    5.39		5.3087e+18
    5.40		5.3162e+18
    5.41		5.3237e+18
    5.42		5.3313e+18
    5.43		5.3389e+18
    5.44		5.3466e+18
    5.45		5.3543e+18
    5.46		5.3620e+18
    5.47		5.3698e+18
    5.48		5.3776e+18
    5.49		5.3855e+18
    5.50		5.3934e+18
    5.51		5.4014e+18
    5.52		5.4094e+18
    5.53		5.4174e+18
    5.54		5.4255e+18
    5.55		5.4336e+18
    5.56		5.4418e+18
    5.57		5.4500e+18
    5.58		5.4582e+18
    5.59		5.4664e+18
    5.60		5.4747e+18
    5.61		5.4830e+18
    5.62		5.4912e+18
    5.63		5.4995e+18
    5.64		5.5077e+18
    5.65		5.5159e+18
    5.66		5.5241e+18
    5.67		5.5323e+18
    5.68		5.5403e+18
    5.69		5.5484e+18
    5.70		5.5564e+18
    5.71		5.5643e+18
    5.72		5.5721e+18
    5.73		5.5799e+18
    5.74		5.5876e+18
    5.75		5.5952e+18
    5.76		5.6026e+18
    5.77		5.6100e+18
    5.78		5.6173e+18
    5.79		5.6245e+18
    5.80		5.6316e+18
    5.81		5.6385e+18
    5.82		5.6453e+18
    5.83		5.6520e+18
    5.84		5.6586e+18
    5.85		5.6650e+18
    5.86		5.6713e+18
    5.87		5.6775e+18
    5.88		5.6835e+18
    5.89		5.6893e+18
    5.90		5.6950e+18
    5.91		5.7005e+18
    5.92		5.7059e+18
    5.93		5.7110e+18
    5.94		5.7160e+18
    5.95		5.7209e+18
    5.96		5.7255e+18
    5.97		5.7299e+18
    5.98		5.7342e+18
    5.99		5.7383e+18
    6.00		5.7422e+18
    6.01		5.7459e+18
    6.02		5.7494e+18
    6.03		5.7528e+18
    6.04		5.7559e+18
    6.05		5.7589e+18
    6.06		5.7617e+18
    6.07		5.7643e+18
    6.08		5.7668e+18
    6.09		5.7690e+18
    6.10		5.7711e+18
    6.11		5.7731e+18
    6.12		5.7749e+18
    6.13		5.7765e+18
    6.14		5.7780e+18
    6.15		5.7793e+18
    6.16		5.7805e+18
    6.17		5.7816e+18
    6.18		5.7825e+18
    6.19		5.7833e+18
    6.20		5.7839e+18
    6.21		5.7844e+18
    6.22		5.7847e+18
    6.23		5.7850e+18
    6.24		5.7851e+18
    6.25		5.7850e+18
    6.26		5.7849e+18
    6.27		5.7847e+18
    6.28		5.7843e+18
    6.29		5.7839e+18
    6.30		5.7833e+18
    6.31		5.7827e+18
    6.32		5.7819e+18
    6.33		5.7811e+18
    6.34		5.7803e+18
    6.35		5.7793e+18
    6.36		5.7783e+18
    6.37		5.7772e+18
    6.38		5.7760e+18
    6.39		5.7747e+18
    6.40		5.7734e+18
    6.41		5.7721e+18
    6.42		5.7707e+18
    6.43		5.7692e+18
    6.44		5.7677e+18
    6.45		5.7661e+18
    6.46		5.7645e+18
    6.47		5.7628e+18
    6.48		5.7611e+18
    6.49		5.7594e+18
    6.50		5.7576e+18
    6.51		5.7558e+18
    6.52		5.7539e+18
    6.53		5.7521e+18
    6.54		5.7502e+18
    6.55		5.7482e+18
    6.56		5.7463e+18
    6.57		5.7443e+18
    6.58		5.7423e+18
    6.59		5.7402e+18
    6.60		5.7382e+18
    6.61		5.7361e+18
    6.62		5.7340e+18
    6.63		5.7319e+18
    6.64		5.7298e+18
    6.65		5.7277e+18
    6.66		5.7256e+18
    6.67		5.7235e+18
    6.68		5.7214e+18
    6.69		5.7193e+18
    6.70		5.7172e+18
    6.71		5.7151e+18
    6.72		5.7129e+18
    6.73		5.7107e+18
    6.74		5.7085e+18
    6.75		5.7062e+18
    6.76		5.7039e+18
    6.77		5.7016e+18
    6.78		5.6991e+18
    6.79		5.6966e+18
    6.80		5.6941e+18
    6.81		5.6914e+18
    6.82		5.6887e+18
    6.83		5.6859e+18
    6.84		5.6831e+18
    6.85		5.6801e+18
    6.86		5.6770e+18
    6.87		5.6739e+18
    6.88		5.6707e+18
    6.89		5.6673e+18
    6.90		5.6639e+18
    6.91		5.6603e+18
    6.92		5.6567e+18
    6.93		5.6530e+18
    6.94		5.6491e+18
    6.95		5.6451e+18
    6.96		5.6411e+18
    6.97		5.6369e+18
    6.98		5.6326e+18
    6.99		5.6282e+18
    7.00		5.6237e+18
    7.01		5.6191e+18
    7.02		5.6144e+18
    7.03		5.6096e+18
    7.04		5.6046e+18
    7.05		5.5996e+18
    7.06		5.5944e+18
    7.07		5.5892e+18
    7.08		5.5838e+18
    7.09		5.5783e+18
    7.10		5.5727e+18
    7.11		5.5669e+18
    7.12		5.5610e+18
    7.13		5.5549e+18
    7.14		5.5487e+18
    7.15		5.5423e+18
    7.16		5.5358e+18
    7.17		5.5290e+18
    7.18		5.5222e+18
    7.19		5.5151e+18
    7.20		5.5079e+18
    7.21		5.5006e+18
    7.22		5.4931e+18
    7.23		5.4855e+18
    7.24		5.4777e+18
    7.25		5.4698e+18
    7.26		5.4619e+18
    7.27		5.4538e+18
    7.28		5.4455e+18
    7.29		5.4372e+18
    7.30		5.4288e+18
    7.31		5.4203e+18
    7.32		5.4118e+18
    7.33		5.4031e+18
    7.34		5.3944e+18
    7.35		5.3856e+18
    7.36		5.3768e+18
    7.37		5.3679e+18
    7.38		5.3589e+18
    7.39		5.3500e+18
    7.40		5.3409e+18
    7.41		5.3319e+18
    7.42		5.3228e+18
    7.43		5.3137e+18
    7.44		5.3046e+18
    7.45		5.2954e+18
    7.46		5.2863e+18
    7.47		5.2771e+18
    7.48		5.2679e+18
    7.49		5.2588e+18
    7.50		5.2497e+18
    7.51		5.2405e+18
    7.52		5.2315e+18
    7.53		5.2224e+18
    7.54		5.2134e+18
    7.55		5.2044e+18
    7.56		5.1955e+18
    7.57		5.1866e+18
    7.58		5.1777e+18
    7.59		5.1690e+18
    7.60		5.1603e+18
    7.61		5.1516e+18
    7.62		5.1430e+18
    7.63		5.1345e+18
    7.64		5.1261e+18
    7.65		5.1177e+18
    7.66		5.1094e+18
    7.67		5.1012e+18
    7.68		5.0931e+18
    7.69		5.0851e+18
    7.70		5.0771e+18
    7.71		5.0692e+18
    7.72		5.0614e+18
    7.73		5.0537e+18
    7.74		5.0461e+18
    7.75		5.0386e+18
    7.76		5.0311e+18
    7.77		5.0238e+18
    7.78		5.0165e+18
    7.79		5.0094e+18
    7.80		5.0023e+18
    7.81		4.9953e+18
    7.82		4.9884e+18
    7.83		4.9816e+18
    7.84		4.9749e+18
    7.85		4.9682e+18
    7.86		4.9617e+18
    7.87		4.9552e+18
    7.88		4.9488e+18
    7.89		4.9426e+18
    7.90		4.9364e+18
    7.91		4.9302e+18
    7.92		4.9242e+18
    7.93		4.9183e+18
    7.94		4.9124e+18
    7.95		4.9066e+18
    7.96		4.9009e+18
    7.97		4.8953e+18
    7.98		4.8898e+18
    7.99		4.8843e+18
    8.00		4.8789e+18
    8.01		4.8736e+18
    8.02		4.8683e+18
    8.03		4.8631e+18
    8.04		4.8579e+18
    8.05		4.8528e+18
    8.06		4.8476e+18
    8.07		4.8425e+18
    8.08		4.8374e+18
    8.09		4.8324e+18
    8.10		4.8273e+18
    8.11		4.8222e+18
    8.12		4.8171e+18
    8.13		4.8120e+18
    8.14		4.8068e+18
    8.15		4.8016e+18
    8.16		4.7964e+18
    8.17		4.7912e+18
    8.18		4.7859e+18
    8.19		4.7806e+18
    8.20		4.7752e+18
    8.21		4.7698e+18
    8.22		4.7643e+18
    8.23		4.7587e+18
    8.24		4.7530e+18
    8.25		4.7473e+18
    8.26		4.7414e+18
    8.27		4.7355e+18
    8.28		4.7294e+18
    8.29		4.7232e+18
    8.30		4.7170e+18
    8.31		4.7105e+18
    8.32		4.7040e+18
    8.33		4.6973e+18
    8.34		4.6904e+18
    8.35		4.6835e+18
    8.36		4.6763e+18
    8.37		4.6691e+18
    8.38		4.6616e+18
    8.39		4.6540e+18
    8.40		4.6463e+18
    8.41		4.6384e+18
    8.42		4.6303e+18
    8.43		4.6220e+18
    8.44		4.6136e+18
    8.45		4.6050e+18
    8.46		4.5962e+18
    8.47		4.5872e+18
    8.48		4.5781e+18
    8.49		4.5687e+18
    8.50		4.5592e+18
    8.51		4.5495e+18
    8.52		4.5396e+18
    8.53		4.5294e+18
    8.54		4.5191e+18
    8.55		4.5086e+18
    8.56		4.4979e+18
    8.57		4.4870e+18
    8.58		4.4759e+18
    8.59		4.4646e+18
    8.60		4.4531e+18
    8.61		4.4413e+18
    8.62		4.4294e+18
    8.63		4.4172e+18
    8.64		4.4049e+18
    8.65		4.3923e+18
    8.66		4.3794e+18
    8.67		4.3664e+18
    8.68		4.3531e+18
    8.69		4.3397e+18
    8.70		4.3260e+18
    8.71		4.3121e+18
    8.72		4.2981e+18
    8.73		4.2839e+18
    8.74		4.2695e+18
    8.75		4.2550e+18
    8.76		4.2403e+18
    8.77		4.2254e+18
    8.78		4.2104e+18
    8.79		4.1953e+18
    8.80		4.1801e+18
    8.81		4.1647e+18
    8.82		4.1491e+18
    8.83		4.1335e+18
    8.84		4.1177e+18
    8.85		4.1018e+18
    8.86		4.0857e+18
    8.87		4.0696e+18
    8.88		4.0533e+18
    8.89		4.0369e+18
    8.90		4.0204e+18
    8.91		4.0037e+18
    8.92		3.9870e+18
    8.93		3.9701e+18
    8.94		3.9532e+18
    8.95		3.9361e+18
    8.96		3.9190e+18
    8.97		3.9018e+18
    8.98		3.8844e+18
    8.99		3.8670e+18
    9.00		3.8495e+18
    9.01		3.8319e+18
    9.02		3.8143e+18
    9.03		3.7966e+18
    9.04		3.7788e+18
    9.05		3.7610e+18
    9.06		3.7431e+18
    9.07		3.7251e+18
    9.08		3.7072e+18
    9.09		3.6892e+18
    9.10		3.6711e+18
    9.11		3.6531e+18
    9.12		3.6350e+18
    9.13		3.6169e+18
    9.14		3.5988e+18
    9.15		3.5807e+18
    9.16		3.5626e+18
    9.17		3.5446e+18
    9.18		3.5265e+18
    9.19		3.5085e+18
    9.20		3.4904e+18
    9.21		3.4724e+18
    9.22		3.4544e+18
    9.23		3.4364e+18
    9.24		3.4185e+18
    9.25		3.4006e+18
    9.26		3.3827e+18
    9.27		3.3649e+18
    9.28		3.3471e+18
    9.29		3.3294e+18
    9.30		3.3117e+18
    9.31		3.2941e+18
    9.32		3.2765e+18
    9.33		3.2590e+18
    9.34		3.2416e+18
    9.35		3.2242e+18
    9.36		3.2069e+18
    9.37		3.1897e+18
    9.38		3.1726e+18
    9.39		3.1555e+18
    9.40		3.1386e+18
    9.41		3.1218e+18
    9.42		3.1051e+18
    9.43		3.0884e+18
    9.44		3.0719e+18
    9.45		3.0556e+18
    9.46		3.0393e+18
    9.47		3.0232e+18
    9.48		3.0072e+18
    9.49		2.9913e+18
    9.50		2.9756e+18
    9.51		2.9600e+18
    9.52		2.9446e+18
    9.53		2.9293e+18
    9.54		2.9142e+18
    9.55		2.8992e+18
    9.56		2.8844e+18
    9.57		2.8697e+18
    9.58		2.8552e+18
    9.59		2.8409e+18
    9.60		2.8268e+18
    9.61		2.8128e+18
    9.62		2.7991e+18
    9.63		2.7855e+18
    9.64		2.7721e+18
    9.65		2.7590e+18
    9.66		2.7460e+18
    9.67		2.7333e+18
    9.68		2.7207e+18
    9.69		2.7084e+18
    9.70		2.6963e+18
    9.71		2.6845e+18
    9.72		2.6728e+18
    9.73		2.6614e+18
    9.74		2.6503e+18
    9.75		2.6394e+18
    9.76		2.6287e+18
    9.77		2.6182e+18
    9.78		2.6080e+18
    9.79		2.5981e+18
    9.80		2.5884e+18
    9.81		2.5789e+18
    9.82		2.5696e+18
    9.83		2.5606e+18
    9.84		2.5518e+18
    9.85		2.5432e+18
    9.86		2.5349e+18
    9.87		2.5268e+18
    9.88		2.5189e+18
    9.89		2.5112e+18
    9.90		2.5037e+18
    9.91		2.4964e+18
    9.92		2.4893e+18
    9.93		2.4824e+18
    9.94		2.4757e+18
    9.95		2.4692e+18
    9.96		2.4629e+18
    9.97		2.4567e+18
    9.98		2.4507e+18
    9.99		2.4449e+18
   10.00		2.4392e+18
   10.01		2.4337e+18
   10.02		2.4284e+18
   10.03		2.4232e+18
   10.04		2.4181e+18
   10.05		2.4132e+18
   10.06		2.4084e+18
   10.07		2.4037e+18
   10.08		2.3992e+18
   10.09		2.3947e+18
   10.10		2.3904e+18
   10.11		2.3862e+18
   10.12		2.3821e+18
   10.13		2.3780e+18
   10.14		2.3741e+18
   10.15		2.3702e+18
   10.16		2.3664e+18
   10.17		2.3627e+18
   10.18		2.3591e+18
   10.19		2.3555e+18
   10.20		2.3520e+18
   10.21		2.3485e+18
   10.22		2.3451e+18
   10.23		2.3418e+18
   10.24		2.3385e+18
   10.25		2.3353e+18
   10.26		2.3321e+18
   10.27		2.3290e+18
   10.28		2.3259e+18
   10.29		2.3228e+18
   10.30		2.3198e+18
   10.31		2.3169e+18
   10.32		2.3139e+18
   10.33		2.3111e+18
   10.34		2.3082e+18
   10.35		2.3054e+18
   10.36		2.3026e+18
   10.37		2.2999e+18
   10.38		2.2971e+18
   10.39		2.2944e+18
   10.40		2.2917e+18
   10.41		2.2891e+18
   10.42		2.2864e+18
   10.43		2.2838e+18
   10.44		2.2812e+18
   10.45		2.2787e+18
   10.46		2.2762e+18
   10.47		2.2737e+18
   10.48		2.2712e+18
   10.49		2.2688e+18
   10.50		2.2664e+18
   10.51		2.2640e+18
   10.52		2.2616e+18
   10.53		2.2593e+18
   10.54		2.2570e+18
   10.55		2.2547e+18
   10.56		2.2525e+18
   10.57		2.2503e+18
   10.58		2.2481e+18
   10.59		2.2460e+18
   10.60		2.2439e+18
   10.61		2.2418e+18
   10.62		2.2398e+18
   10.63		2.2377e+18
   10.64		2.2357e+18
   10.65		2.2338e+18
   10.66		2.2318e+18
   10.67		2.2298e+18
   10.68		2.2279e+18
   10.69		2.2260e+18
   10.70		2.2241e+18
   10.71		2.2222e+18
   10.72		2.2203e+18
   10.73		2.2184e+18
   10.74		2.2165e+18
   10.75		2.2146e+18
   10.76		2.2127e+18
   10.77		2.2108e+18
   10.78		2.2089e+18
   10.79		2.2070e+18
   10.80		2.2051e+18
   10.81		2.2032e+18
   10.82		2.2013e+18
   10.83		2.1994e+18
   10.84		2.1975e+18
   10.85		2.1957e+18
   10.86		2.1938e+18
   10.87		2.1919e+18
   10.88		2.1900e+18
   10.89		2.1881e+18
   10.90		2.1863e+18
   10.91		2.1844e+18
   10.92		2.1826e+18
   10.93		2.1807e+18
   10.94		2.1789e+18
   10.95		2.1771e+18
   10.96		2.1752e+18
   10.97		2.1734e+18
   10.98		2.1717e+18
   10.99		2.1699e+18
   11.00		2.1681e+18
   11.01		2.1664e+18
   11.02		2.1646e+18
   11.03		2.1629e+18
   11.04		2.1612e+18
   11.05		2.1595e+18
   11.06		2.1579e+18
   11.07		2.1562e+18
   11.08		2.1546e+18
   11.09		2.1529e+18
   11.10		2.1513e+18
   11.11		2.1497e+18
   11.12		2.1481e+18
   11.13		2.1465e+18
   11.14		2.1449e+18
   11.15		2.1433e+18
   11.16		2.1417e+18
   11.17		2.1402e+18
   11.18		2.1386e+18
   11.19		2.1370e+18
   11.20		2.1355e+18
   11.21		2.1339e+18
   11.22		2.1324e+18
   11.23		2.1308e+18
   11.24		2.1293e+18
   11.25		2.1277e+18
   11.26		2.1261e+18
   11.27		2.1246e+18
   11.28		2.1230e+18
   11.29		2.1214e+18
   11.30		2.1198e+18
   11.31		2.1182e+18
   11.32		2.1165e+18
   11.33		2.1149e+18
   11.34		2.1132e+18
   11.35		2.1115e+18
   11.36		2.1098e+18
   11.37		2.1080e+18
   11.38		2.1062e+18
   11.39		2.1045e+18
   11.40		2.1027e+18
   11.41		2.1008e+18
   11.42		2.0990e+18
   11.43		2.0972e+18
   11.44		2.0953e+18
   11.45		2.0934e+18
   11.46		2.0916e+18
   11.47		2.0897e+18
   11.48		2.0878e+18
   11.49		2.0859e+18
   11.50		2.0840e+18
   11.51		2.0821e+18
   11.52		2.0802e+18
   11.53		2.0783e+18
   11.54		2.0764e+18
   11.55		2.0746e+18
   11.56		2.0727e+18
   11.57		2.0708e+18
   11.58		2.0689e+18
   11.59		2.0670e+18
   11.60		2.0651e+18
   11.61		2.0633e+18
   11.62		2.0614e+18
   11.63		2.0595e+18
   11.64		2.0576e+18
   11.65		2.0557e+18
   11.66		2.0538e+18
   11.67		2.0519e+18
   11.68		2.0500e+18
   11.69		2.0481e+18
   11.70		2.0462e+18
   11.71		2.0443e+18
   11.72		2.0424e+18
   11.73		2.0404e+18
   11.74		2.0384e+18
   11.75		2.0365e+18
   11.76		2.0344e+18
   11.77		2.0324e+18
   11.78		2.0304e+18
   11.79		2.0283e+18
   11.80		2.0262e+18
   11.81		2.0240e+18
   11.82		2.0219e+18
   11.83		2.0197e+18
   11.84		2.0174e+18
   11.85		2.0151e+18
   11.86		2.0128e+18
   11.87		2.0105e+18
   11.88		2.0081e+18
   11.89		2.0056e+18
   11.90		2.0031e+18
   11.91		2.0006e+18
   11.92		1.9980e+18
   11.93		1.9953e+18
   11.94		1.9926e+18
   11.95		1.9899e+18
   11.96		1.9871e+18
   11.97		1.9842e+18
   11.98		1.9813e+18
   11.99		1.9783e+18
   12.00		1.9753e+18
   12.01		1.9722e+18
   12.02		1.9690e+18
   12.03		1.9658e+18
   12.04		1.9625e+18
   12.05		1.9592e+18
   12.06		1.9558e+18
   12.07		1.9524e+18
   12.08		1.9489e+18
   12.09		1.9453e+18
   12.10		1.9418e+18
   12.11		1.9381e+18
   12.12		1.9344e+18
   12.13		1.9306e+18
   12.14		1.9268e+18
   12.15		1.9230e+18
   12.16		1.9191e+18
   12.17		1.9151e+18
   12.18		1.9111e+18
   12.19		1.9070e+18
   12.20		1.9029e+18
   12.21		1.8988e+18
   12.22		1.8946e+18
   12.23		1.8904e+18
   12.24		1.8861e+18
   12.25		1.8817e+18
   12.26		1.8774e+18
   12.27		1.8730e+18
   12.28		1.8685e+18
   12.29		1.8640e+18
   12.30		1.8595e+18
   12.31		1.8549e+18
   12.32		1.8503e+18
   12.33		1.8457e+18
   12.34		1.8410e+18
   12.35		1.8364e+18
   12.36		1.8316e+18
   12.37		1.8269e+18
   12.38		1.8221e+18
   12.39		1.8173e+18
   12.40		1.8125e+18
   12.41		1.8076e+18
   12.42		1.8028e+18
   12.43		1.7979e+18
   12.44		1.7930e+18
   12.45		1.7880e+18
   12.46		1.7831e+18
   12.47		1.7781e+18
   12.48		1.7731e+18
   12.49		1.7681e+18
   12.50		1.7631e+18
   12.51		1.7580e+18
   12.52		1.7529e+18
   12.53		1.7478e+18
   12.54		1.7427e+18
   12.55		1.7376e+18
   12.56		1.7324e+18
   12.57		1.7272e+18
   12.58		1.7220e+18
   12.59		1.7168e+18
   12.60		1.7116e+18
   12.61		1.7063e+18
   12.62		1.7010e+18
   12.63		1.6957e+18
   12.64		1.6903e+18
   12.65		1.6849e+18
   12.66		1.6796e+18
   12.67		1.6741e+18
   12.68		1.6687e+18
   12.69		1.6632e+18
   12.70		1.6577e+18
   12.71		1.6522e+18
   12.72		1.6467e+18
   12.73		1.6411e+18
   12.74		1.6356e+18
   12.75		1.6300e+18
   12.76		1.6244e+18
   12.77		1.6187e+18
   12.78		1.6131e+18
   12.79		1.6074e+18
   12.80		1.6017e+18
   12.81		1.5960e+18
   12.82		1.5903e+18
   12.83		1.5846e+18
   12.84		1.5788e+18
   12.85		1.5731e+18
   12.86		1.5673e+18
   12.87		1.5615e+18
   12.88		1.5556e+18
   12.89		1.5498e+18
   12.90		1.5440e+18
   12.91		1.5381e+18
   12.92		1.5323e+18
   12.93		1.5264e+18
   12.94		1.5205e+18
   12.95		1.5146e+18
   12.96		1.5087e+18
   12.97		1.5028e+18
   12.98		1.4969e+18
   12.99		1.4909e+18
   13.00		1.4850e+18
   13.01		1.4790e+18
   13.02		1.4730e+18
   13.03		1.4670e+18
   13.04		1.4610e+18
   13.05		1.4550e+18
   13.06		1.4489e+18
   13.07		1.4429e+18
   13.08		1.4368e+18
   13.09		1.4307e+18
   13.10		1.4246e+18
   13.11		1.4185e+18
   13.12		1.4124e+18
   13.13		1.4063e+18
   13.14		1.4001e+18
   13.15		1.3940e+18
   13.16		1.3878e+18
   13.17		1.3817e+18
   13.18		1.3755e+18
   13.19		1.3693e+18
   13.20		1.3631e+18
   13.21		1.3569e+18
   13.22		1.3507e+18
   13.23		1.3445e+18
   13.24		1.3383e+18
   13.25		1.3321e+18
   13.26		1.3259e+18
   13.27		1.3198e+18
   13.28		1.3136e+18
   13.29		1.3074e+18
   13.30		1.3013e+18
   13.31		1.2951e+18
   13.32		1.2890e+18
   13.33		1.2829e+18
   13.34		1.2768e+18
   13.35		1.2708e+18
   13.36		1.2647e+18
   13.37		1.2587e+18
   13.38		1.2527e+18
   13.39		1.2468e+18
   13.40		1.2408e+18
   13.41		1.2349e+18
   13.42		1.2291e+18
   13.43		1.2232e+18
   13.44		1.2174e+18
   13.45		1.2116e+18
   13.46		1.2059e+18
   13.47		1.2002e+18
   13.48		1.1945e+18
   13.49		1.1889e+18
   13.50		1.1833e+18
   13.51		1.1778e+18
   13.52		1.1723e+18
   13.53		1.1668e+18
   13.54		1.1614e+18
   13.55		1.1561e+18
   13.56		1.1507e+18
   13.57		1.1455e+18
   13.58		1.1402e+18
   13.59		1.1351e+18
   13.60		1.1299e+18
   13.61		1.1248e+18
   13.62		1.1198e+18
   13.63		1.1148e+18
   13.64		1.1099e+18
   13.65		1.1050e+18
   13.66		1.1001e+18
   13.67		1.0954e+18
   13.68		1.0906e+18
   13.69		1.0859e+18
   13.70		1.0813e+18
   13.71		1.0767e+18
   13.72		1.0722e+18
   13.73		1.0677e+18
   13.74		1.0632e+18
   13.75		1.0588e+18
   13.76		1.0545e+18
   13.77		1.0502e+18
   13.78		1.0460e+18
   13.79		1.0418e+18
   13.80		1.0377e+18
   13.81		1.0336e+18
   13.82		1.0296e+18
   13.83		1.0257e+18
   13.84		1.0217e+18
   13.85		1.0179e+18
   13.86		1.0141e+18
   13.87		1.0103e+18
   13.88		1.0066e+18
   13.89		1.0029e+18
   13.90		9.9932e+17
   13.91		9.9576e+17
   13.92		9.9225e+17
   13.93		9.8879e+17
   13.94		9.8537e+17
   13.95		9.8199e+17
   13.96		9.7866e+17
   13.97		9.7537e+17
   13.98		9.7212e+17
   13.99		9.6891e+17
   14.00		9.6574e+17
   14.01		9.6260e+17
   14.02		9.5950e+17
   14.03		9.5643e+17
   14.04		9.5340e+17
   14.05		9.5040e+17
   14.06		9.4743e+17
   14.07		9.4450e+17
   14.08		9.4159e+17
   14.09		9.3871e+17
   14.10		9.3586e+17
   14.11		9.3304e+17
   14.12		9.3024e+17
   14.13		9.2747e+17
   14.14		9.2472e+17
   14.15		9.2200e+17
   14.16		9.1930e+17
   14.17		9.1661e+17
   14.18		9.1395e+17
   14.19		9.1131e+17
   14.20		9.0869e+17
   14.21		9.0609e+17
   14.22		9.0350e+17
   14.23		9.0093e+17
   14.24		8.9838e+17
   14.25		8.9584e+17
   14.26		8.9331e+17
   14.27		8.9080e+17
   14.28		8.8830e+17
   14.29		8.8580e+17
   14.30		8.8332e+17
   14.31		8.8085e+17
   14.32		8.7839e+17
   14.33		8.7593e+17
   14.34		8.7348e+17
   14.35		8.7103e+17
   14.36		8.6859e+17
   14.37		8.6614e+17
   14.38		8.6370e+17
   14.39		8.6127e+17
   14.40		8.5883e+17
   14.41		8.5639e+17
   14.42		8.5395e+17
   14.43		8.5150e+17
   14.44		8.4906e+17
   14.45		8.4661e+17
   14.46		8.4415e+17
   14.47		8.4169e+17
   14.48		8.3922e+17
   14.49		8.3675e+17
   14.50		8.3427e+17
   14.51		8.3178e+17
   14.52		8.2929e+17
   14.53		8.2678e+17
   14.54		8.2426e+17
   14.55		8.2173e+17
   14.56		8.1919e+17
   14.57		8.1664e+17
   14.58		8.1408e+17
   14.59		8.1151e+17
   14.60		8.0892e+17
   14.61		8.0632e+17
   14.62		8.0371e+17
   14.63		8.0109e+17
   14.64		7.9845e+17
   14.65		7.9580e+17
   14.66		7.9314e+17
   14.67		7.9046e+17
   14.68		7.8777e+17
   14.69		7.8506e+17
   14.70		7.8234e+17
   14.71		7.7960e+17
   14.72		7.7685e+17
   14.73		7.7408e+17
   14.74		7.7129e+17
   14.75		7.6849e+17
   14.76		7.6567e+17
   14.77		7.6283e+17
   14.78		7.5998e+17
   14.79		7.5711e+17
   14.80		7.5423e+17
   14.81		7.5132e+17
   14.82		7.4840e+17
   14.83		7.4547e+17
   14.84		7.4251e+17
   14.85		7.3954e+17
   14.86		7.3655e+17
   14.87		7.3354e+17
   14.88		7.3052e+17
   14.89		7.2748e+17
   14.90		7.2442e+17
   14.91		7.2134e+17
   14.92		7.1824e+17
   14.93		7.1513e+17
   14.94		7.1200e+17
   14.95		7.0886e+17
   14.96		7.0570e+17
   14.97		7.0252e+17
   14.98		6.9933e+17
   14.99		6.9613e+17
   15.00		6.9291e+17
   15.01		6.8968e+17
   15.02		6.8644e+17
   15.03		6.8319e+17
   15.04		6.7992e+17
   15.05		6.7665e+17
   15.06		6.7337e+17
   15.07		6.7008e+17
   15.08		6.6678e+17
   15.09		6.6347e+17
   15.10		6.6016e+17
   15.11		6.5683e+17
   15.12		6.5350e+17
   15.13		6.5016e+17
   15.14		6.4682e+17
   15.15		6.4346e+17
   15.16		6.4010e+17
   15.17		6.3674e+17
   15.18		6.3336e+17
   15.19		6.2998e+17
   15.20		6.2660e+17
   15.21		6.2321e+17
   15.22		6.1981e+17
   15.23		6.1641e+17
   15.24		6.1300e+17
   15.25		6.0959e+17
   15.26		6.0617e+17
   15.27		6.0275e+17
   15.28		5.9932e+17
   15.29		5.9589e+17
   15.30		5.9246e+17
   15.31		5.8902e+17
   15.32		5.8557e+17
   15.33		5.8212e+17
   15.34		5.7867e+17
   15.35		5.7522e+17
   15.36		5.7176e+17
   15.37		5.6830e+17
   15.38		5.6483e+17
   15.39		5.6137e+17
   15.40		5.5790e+17
   15.41		5.5443e+17
   15.42		5.5096e+17
   15.43		5.4749e+17
   15.44		5.4402e+17
   15.45		5.4056e+17
   15.46		5.3709e+17
   15.47		5.3362e+17
   15.48		5.3015e+17
   15.49		5.2669e+17
   15.50		5.2323e+17
   15.51		5.1977e+17
   15.52		5.1632e+17
   15.53		5.1287e+17
   15.54		5.0942e+17
   15.55		5.0598e+17
   15.56		5.0255e+17
   15.57		4.9912e+17
   15.58		4.9570e+17
   15.59		4.9230e+17
   15.60		4.8890e+17
   15.61		4.8551e+17
   15.62		4.8214e+17
   15.63		4.7877e+17
   15.64		4.7542e+17
   15.65		4.7209e+17
   15.66		4.6876e+17
   15.67		4.6546e+17
   15.68		4.6217e+17
   15.69		4.5889e+17
   15.70		4.5564e+17
   15.71		4.5240e+17
   15.72		4.4918e+17
   15.73		4.4598e+17
   15.74		4.4280e+17
   15.75		4.3965e+17
   15.76		4.3651e+17
   15.77		4.3340e+17
   15.78		4.3031e+17
   15.79		4.2725e+17
   15.80		4.2421e+17
   15.81		4.2119e+17
   15.82		4.1821e+17
   15.83		4.1525e+17
   15.84		4.1231e+17
   15.85		4.0941e+17
   15.86		4.0653e+17
   15.87		4.0369e+17
   15.88		4.0087e+17
   15.89		3.9808e+17
   15.90		3.9533e+17
   15.91		3.9260e+17
   15.92		3.8991e+17
   15.93		3.8725e+17
   15.94		3.8462e+17
   15.95		3.8202e+17
   15.96		3.7945e+17
   15.97		3.7692e+17
   15.98		3.7442e+17
   15.99		3.7196e+17
   16.00		3.6952e+17
   16.01		3.6712e+17
   16.02		3.6476e+17
   16.03		3.6242e+17
   16.04		3.6012e+17
   16.05		3.5786e+17
   16.06		3.5563e+17
   16.07		3.5343e+17
   16.08		3.5126e+17
   16.09		3.4913e+17
   16.10		3.4703e+17
   16.11		3.4497e+17
   16.12		3.4293e+17
   16.13		3.4093e+17
   16.14		3.3896e+17
   16.15		3.3703e+17
   16.16		3.3512e+17
   16.17		3.3325e+17
   16.18		3.3140e+17
   16.19		3.2959e+17
   16.20		3.2780e+17
   16.21		3.2605e+17
   16.22		3.2432e+17
   16.23		3.2263e+17
   16.24		3.2096e+17
   16.25		3.1932e+17
   16.26		3.1770e+17
   16.27		3.1611e+17
   16.28		3.1455e+17
   16.29		3.1301e+17
   16.30		3.1150e+17
   16.31		3.1001e+17
   16.32		3.0854e+17
   16.33		3.0710e+17
   16.34		3.0568e+17
   16.35		3.0427e+17
   16.36		3.0289e+17
   16.37		3.0153e+17
   16.38		3.0018e+17
   16.39		2.9886e+17
   16.40		2.9755e+17
   16.41		2.9625e+17
   16.42		2.9498e+17
   16.43		2.9372e+17
   16.44		2.9247e+17
   16.45		2.9124e+17
   16.46		2.9003e+17
   16.47		2.8882e+17
   16.48		2.8763e+17
   16.49		2.8645e+17
   16.50		2.8529e+17
   16.51		2.8413e+17
   16.52		2.8298e+17
   16.53		2.8184e+17
   16.54		2.8072e+17
   16.55		2.7960e+17
   16.56		2.7848e+17
   16.57		2.7738e+17
   16.58		2.7628e+17
   16.59		2.7519e+17
   16.60		2.7410e+17
   16.61		2.7302e+17
   16.62		2.7195e+17
   16.63		2.7087e+17
   16.64		2.6980e+17
   16.65		2.6874e+17
   16.66		2.6767e+17
   16.67		2.6661e+17
   16.68		2.6555e+17
   16.69		2.6449e+17
   16.70		2.6343e+17
   16.71		2.6237e+17
   16.72		2.6132e+17
   16.73		2.6026e+17
   16.74		2.5921e+17
   16.75		2.5815e+17
   16.76		2.5710e+17
   16.77		2.5604e+17
   16.78		2.5498e+17
   16.79		2.5393e+17
   16.80		2.5287e+17
   16.81		2.5182e+17
   16.82		2.5076e+17
   16.83		2.4970e+17
   16.84		2.4864e+17
   16.85		2.4758e+17
   16.86		2.4651e+17
   16.87		2.4545e+17
   16.88		2.4439e+17
   16.89		2.4332e+17
   16.90		2.4225e+17
   16.91		2.4118e+17
   16.92		2.4011e+17
   16.93		2.3903e+17
   16.94		2.3796e+17
   16.95		2.3688e+17
   16.96		2.3579e+17
   16.97		2.3471e+17
   16.98		2.3362e+17
   16.99		2.3253e+17
   17.00		2.3143e+17
   17.01		2.3033e+17
   17.02		2.2923e+17
   17.03		2.2813e+17
   17.04		2.2701e+17
   17.05		2.2590e+17
   17.06		2.2478e+17
   17.07		2.2366e+17
   17.08		2.2253e+17
   17.09		2.2140e+17
   17.10		2.2027e+17
   17.11		2.1913e+17
   17.12		2.1799e+17
   17.13		2.1684e+17
   17.14		2.1569e+17
   17.15		2.1454e+17
   17.16		2.1338e+17
   17.17		2.1222e+17
   17.18		2.1105e+17
   17.19		2.0989e+17
   17.20		2.0871e+17
   17.21		2.0754e+17
   17.22		2.0636e+17
   17.23		2.0518e+17
   17.24		2.0400e+17
   17.25		2.0282e+17
   17.26		2.0163e+17
   17.27		2.0044e+17
   17.28		1.9925e+17
   17.29		1.9806e+17
   17.30		1.9686e+17
   17.31		1.9567e+17
   17.32		1.9447e+17
   17.33		1.9327e+17
   17.34		1.9207e+17
   17.35		1.9087e+17
   17.36		1.8967e+17
   17.37		1.8847e+17
   17.38		1.8727e+17
   17.39		1.8606e+17
   17.40		1.8486e+17
   17.41		1.8365e+17
   17.42		1.8245e+17
   17.43		1.8124e+17
   17.44		1.8004e+17
   17.45		1.7884e+17
   17.46		1.7763e+17
   17.47		1.7643e+17
   17.48		1.7523e+17
   17.49		1.7403e+17
   17.50		1.7283e+17
   17.51		1.7164e+17
   17.52		1.7044e+17
   17.53		1.6925e+17
   17.54		1.6806e+17
   17.55		1.6687e+17
   17.56		1.6569e+17
   17.57		1.6450e+17
   17.58		1.6333e+17
   17.59		1.6215e+17
   17.60		1.6098e+17
   17.61		1.5981e+17
   17.62		1.5865e+17
   17.63		1.5749e+17
   17.64		1.5633e+17
   17.65		1.5518e+17
   17.66		1.5403e+17
   17.67		1.5289e+17
   17.68		1.5175e+17
   17.69		1.5062e+17
   17.70		1.4949e+17
   17.71		1.4837e+17
   17.72		1.4725e+17
   17.73		1.4614e+17
   17.74		1.4503e+17
   17.75		1.4393e+17
   17.76		1.4284e+17
   17.77		1.4175e+17
   17.78		1.4067e+17
   17.79		1.3959e+17
   17.80		1.3852e+17
   17.81		1.3746e+17
   17.82		1.3640e+17
   17.83		1.3535e+17
   17.84		1.3431e+17
   17.85		1.3327e+17
   17.86		1.3224e+17
   17.87		1.3122e+17
   17.88		1.3021e+17
   17.89		1.2920e+17
   17.90		1.2820e+17
   17.91		1.2721e+17
   17.92		1.2623e+17
   17.93		1.2525e+17
   17.94		1.2428e+17
   17.95		1.2332e+17
   17.96		1.2237e+17
   17.97		1.2142e+17
   17.98		1.2049e+17
   17.99		1.1956e+17
   18.00		1.1864e+17
   18.01		1.1773e+17
   18.02		1.1683e+17
   18.03		1.1593e+17
   18.04		1.1505e+17
   18.05		1.1417e+17
   18.06		1.1331e+17
   18.07		1.1245e+17
   18.08		1.1160e+17
   18.09		1.1076e+17
   18.10		1.0992e+17
   18.11		1.0910e+17
   18.12		1.0829e+17
   18.13		1.0748e+17
   18.14		1.0669e+17
   18.15		1.0590e+17
   18.16		1.0512e+17
   18.17		1.0435e+17
   18.18		1.0359e+17
   18.19		1.0284e+17
   18.20		1.0210e+17
   18.21		1.0137e+17
   18.22		1.0064e+17
   18.23		9.9926e+16
   18.24		9.9219e+16
   18.25		9.8521e+16
   18.26		9.7833e+16
   18.27		9.7153e+16
   18.28		9.6482e+16
   18.29		9.5820e+16
   18.30		9.5166e+16
   18.31		9.4522e+16
   18.32		9.3886e+16
   18.33		9.3260e+16
   18.34		9.2641e+16
   18.35		9.2032e+16
   18.36		9.1431e+16
   18.37		9.0839e+16
   18.38		9.0256e+16
   18.39		8.9681e+16
   18.40		8.9114e+16
   18.41		8.8555e+16
   18.42		8.8005e+16
   18.43		8.7463e+16
   18.44		8.6928e+16
   18.45		8.6402e+16
   18.46		8.5883e+16
   18.47		8.5372e+16
   18.48		8.4869e+16
   18.49		8.4372e+16
   18.50		8.3883e+16
   18.51		8.3401e+16
   18.52		8.2926e+16
   18.53		8.2458e+16
   18.54		8.1996e+16
   18.55		8.1541e+16
   18.56		8.1092e+16
   18.57		8.0650e+16
   18.58		8.0214e+16
   18.59		7.9784e+16
   18.60		7.9361e+16
   18.61		7.8944e+16
   18.62		7.8534e+16
   18.63		7.8129e+16
   18.64		7.7731e+16
   18.65		7.7338e+16
   18.66		7.6951e+16
   18.67		7.6570e+16
   18.68		7.6194e+16
   18.69		7.5824e+16
   18.70		7.5460e+16
   18.71		7.5101e+16
   18.72		7.4747e+16
   18.73		7.4398e+16
   18.74		7.4054e+16
   18.75		7.3715e+16
   18.76		7.3380e+16
   18.77		7.3051e+16
   18.78		7.2725e+16
   18.79		7.2404e+16
   18.80		7.2087e+16
   18.81		7.1774e+16
   18.82		7.1465e+16
   18.83		7.1160e+16
   18.84		7.0858e+16
   18.85		7.0560e+16
   18.86		7.0265e+16
   18.87		6.9973e+16
   18.88		6.9684e+16
   18.89		6.9398e+16
   18.90		6.9115e+16
   18.91		6.8834e+16
   18.92		6.8556e+16
   18.93		6.8280e+16
   18.94		6.8007e+16
   18.95		6.7737e+16
   18.96		6.7469e+16
   18.97		6.7203e+16
   18.98		6.6940e+16
   18.99		6.6678e+16
   19.00		6.6419e+16
   19.01		6.6162e+16
   19.02		6.5907e+16
   19.03		6.5654e+16
   19.04		6.5403e+16
   19.05		6.5154e+16
   19.06		6.4906e+16
   19.07		6.4660e+16
   19.08		6.4415e+16
   19.09		6.4172e+16
   19.10		6.3930e+16
   19.11		6.3689e+16
   19.12		6.3449e+16
   19.13		6.3211e+16
   19.14		6.2974e+16
   19.15		6.2737e+16
   19.16		6.2502e+16
   19.17		6.2267e+16
   19.18		6.2033e+16
   19.19		6.1800e+16
   19.20		6.1568e+16
   19.21		6.1337e+16
   19.22		6.1106e+16
   19.23		6.0877e+16
   19.24		6.0647e+16
   19.25		6.0419e+16
   19.26		6.0191e+16
   19.27		5.9963e+16
   19.28		5.9737e+16
   19.29		5.9511e+16
   19.30		5.9285e+16
   19.31		5.9061e+16
   19.32		5.8837e+16
   19.33		5.8614e+16
   19.34		5.8391e+16
   19.35		5.8169e+16
   19.36		5.7948e+16
   19.37		5.7728e+16
   19.38		5.7509e+16
   19.39		5.7290e+16
   19.40		5.7072e+16
   19.41		5.6855e+16
   19.42		5.6638e+16
   19.43		5.6422e+16
   19.44		5.6207e+16
   19.45		5.5993e+16
   19.46		5.5779e+16
   19.47		5.5565e+16
   19.48		5.5353e+16
   19.49		5.5141e+16
   19.50		5.4930e+16
   19.51		5.4719e+16
   19.52		5.4509e+16
   19.53		5.4299e+16
   19.54		5.4090e+16
   19.55		5.3882e+16
   19.56		5.3674e+16
   19.57		5.3467e+16
   19.58		5.3261e+16
   19.59		5.3055e+16
   19.60		5.2849e+16
   19.61		5.2644e+16
   19.62		5.2440e+16
   19.63		5.2236e+16
   19.64		5.2033e+16
   19.65		5.1830e+16
   19.66		5.1628e+16
   19.67		5.1427e+16
   19.68		5.1226e+16
   19.69		5.1026e+16
   19.70		5.0827e+16
   19.71		5.0629e+16
   19.72		5.0431e+16
   19.73		5.0234e+16
   19.74		5.0038e+16
   19.75		4.9842e+16
   19.76		4.9647e+16
   19.77		4.9454e+16
   19.78		4.9261e+16
   19.79		4.9068e+16
   19.80		4.8877e+16
   19.81		4.8687e+16
   19.82		4.8497e+16
   19.83		4.8308e+16
   19.84		4.8121e+16
   19.85		4.7934e+16
   19.86		4.7748e+16
   19.87		4.7563e+16
   19.88		4.7379e+16
   19.89		4.7196e+16
   19.90		4.7015e+16
   19.91		4.6834e+16
   19.92		4.6654e+16
   19.93		4.6475e+16
   19.94		4.6298e+16
   19.95		4.6121e+16
   19.96		4.5945e+16
   19.97		4.5771e+16
   19.98		4.5597e+16
   19.99		4.5425e+16
   20.00		4.5254e+16
   20.01		4.5083e+16
   20.02		4.4914e+16
   20.03		4.4746e+16
   20.04		4.4579e+16
   20.05		4.4413e+16
   20.06		4.4248e+16
   20.07		4.4084e+16
   20.08		4.3921e+16
   20.09		4.3758e+16
   20.10		4.3597e+16
   20.11		4.3437e+16
   20.12		4.3278e+16
   20.13		4.3120e+16
   20.14		4.2962e+16
   20.15		4.2806e+16
   20.16		4.2650e+16
   20.17		4.2495e+16
   20.18		4.2341e+16
   20.19		4.2188e+16
   20.20		4.2036e+16
   20.21		4.1884e+16
   20.22		4.1734e+16
   20.23		4.1584e+16
   20.24		4.1435e+16
   20.25		4.1287e+16
   20.26		4.1139e+16
   20.27		4.0992e+16
   20.28		4.0846e+16
   20.29		4.0700e+16
   20.30		4.0555e+16
   20.31		4.0411e+16
   20.32		4.0267e+16
   20.33		4.0124e+16
   20.34		3.9982e+16
   20.35		3.9840e+16
   20.36		3.9698e+16
   20.37		3.9557e+16
   20.38		3.9416e+16
   20.39		3.9276e+16
   20.40		3.9136e+16
   20.41		3.8997e+16
   20.42		3.8857e+16
   20.43		3.8718e+16
   20.44		3.8579e+16
   20.45		3.8440e+16
   20.46		3.8302e+16
   20.47		3.8163e+16
   20.48		3.8024e+16
   20.49		3.7885e+16
   20.50		3.7746e+16
   20.51		3.7607e+16
   20.52		3.7468e+16
   20.53		3.7328e+16
   20.54		3.7188e+16
   20.55		3.7048e+16
   20.56		3.6908e+16
   20.57		3.6767e+16
   20.58		3.6625e+16
   20.59		3.6483e+16
   20.60		3.6341e+16
   20.61		3.6198e+16
   20.62		3.6055e+16
   20.63		3.5911e+16
   20.64		3.5766e+16
   20.65		3.5622e+16
   20.66		3.5476e+16
   20.67		3.5330e+16
   20.68		3.5183e+16
   20.69		3.5036e+16
   20.70		3.4888e+16
   20.71		3.4740e+16
   20.72		3.4591e+16
   20.73		3.4441e+16
   20.74		3.4290e+16
   20.75		3.4139e+16
   20.76		3.3988e+16
   20.77		3.3835e+16
   20.78		3.3682e+16
   20.79		3.3529e+16
   20.80		3.3375e+16
   20.81		3.3220e+16
   20.82		3.3064e+16
   20.83		3.2908e+16
   20.84		3.2751e+16
   20.85		3.2593e+16
   20.86		3.2435e+16
   20.87		3.2277e+16
   20.88		3.2117e+16
   20.89		3.1957e+16
   20.90		3.1797e+16
   20.91		3.1636e+16
   20.92		3.1474e+16
   20.93		3.1312e+16
   20.94		3.1149e+16
   20.95		3.0986e+16
   20.96		3.0822e+16
   20.97		3.0658e+16
   20.98		3.0493e+16
   20.99		3.0327e+16
   21.00		3.0161e+16
   21.01		2.9995e+16
   21.02		2.9828e+16
   21.03		2.9661e+16
   21.04		2.9494e+16
   21.05		2.9326e+16
   21.06		2.9158e+16
   21.07		2.8989e+16
   21.08		2.8821e+16
   21.09		2.8652e+16
   21.10		2.8482e+16
   21.11		2.8313e+16
   21.12		2.8143e+16
   21.13		2.7973e+16
   21.14		2.7803e+16
   21.15		2.7632e+16
   21.16		2.7462e+16
   21.17		2.7291e+16
   21.18		2.7120e+16
   21.19		2.6949e+16
   21.20		2.6778e+16
   21.21		2.6606e+16
   21.22		2.6435e+16
   21.23		2.6264e+16
   21.24		2.6092e+16
   21.25		2.5921e+16
   21.26		2.5750e+16
   21.27		2.5578e+16
   21.28		2.5407e+16
   21.29		2.5236e+16
   21.30		2.5065e+16
   21.31		2.4894e+16
   21.32		2.4723e+16
   21.33		2.4552e+16
   21.34		2.4381e+16
   21.35		2.4211e+16
   21.36		2.4041e+16
   21.37		2.3871e+16
   21.38		2.3701e+16
   21.39		2.3531e+16
   21.40		2.3362e+16
   21.41		2.3193e+16
   21.42		2.3024e+16
   21.43		2.2855e+16
   21.44		2.2686e+16
   21.45		2.2517e+16
   21.46		2.2349e+16
   21.47		2.2181e+16
   21.48		2.2012e+16
   21.49		2.1844e+16
   21.50		2.1676e+16
   21.51		2.1508e+16
   21.52		2.1341e+16
   21.53		2.1173e+16
   21.54		2.1005e+16
   21.55		2.0838e+16
   21.56		2.0670e+16
   21.57		2.0503e+16
   21.58		2.0336e+16
   21.59		2.0169e+16
   21.60		2.0002e+16
   21.61		1.9835e+16
   21.62		1.9668e+16
   21.63		1.9502e+16
   21.64		1.9336e+16
   21.65		1.9170e+16
   21.66		1.9004e+16
   21.67		1.8838e+16
   21.68		1.8673e+16
   21.69		1.8508e+16
   21.70		1.8344e+16
   21.71		1.8180e+16
   21.72		1.8016e+16
   21.73		1.7853e+16
   21.74		1.7690e+16
   21.75		1.7528e+16
   21.76		1.7366e+16
   21.77		1.7205e+16
   21.78		1.7044e+16
   21.79		1.6884e+16
   21.80		1.6725e+16
   21.81		1.6566e+16
   21.82		1.6408e+16
   21.83		1.6250e+16
   21.84		1.6094e+16
   21.85		1.5938e+16
   21.86		1.5782e+16
   21.87		1.5628e+16
   21.88		1.5474e+16
   21.89		1.5321e+16
   21.90		1.5169e+16
   21.91		1.5018e+16
   21.92		1.4867e+16
   21.93		1.4718e+16
   21.94		1.4569e+16
   21.95		1.4422e+16
   21.96		1.4275e+16
   21.97		1.4129e+16
   21.98		1.3984e+16
   21.99		1.3840e+16
   22.00		1.3697e+16
   22.01		1.3556e+16
   22.02		1.3415e+16
   22.03		1.3275e+16
   22.04		1.3136e+16
   22.05		1.2999e+16
   22.06		1.2863e+16
   22.07		1.2728e+16
   22.08		1.2594e+16
   22.09		1.2461e+16
   22.10		1.2329e+16
   22.11		1.2199e+16
   22.12		1.2070e+16
   22.13		1.1942e+16
   22.14		1.1815e+16
   22.15		1.1690e+16
   22.16		1.1566e+16
   22.17		1.1443e+16
   22.18		1.1322e+16
   22.19		1.1201e+16
   22.20		1.1083e+16
   22.21		1.0965e+16
   22.22		1.0849e+16
   22.23		1.0734e+16
   22.24		1.0621e+16
   22.25		1.0509e+16
   22.26		1.0398e+16
   22.27		1.0289e+16
   22.28		1.0181e+16
   22.29		1.0074e+16
   22.30		9.9686e+15
   22.31		9.8648e+15
   22.32		9.7623e+15
   22.33		9.6612e+15
   22.34		9.5616e+15
   22.35		9.4633e+15
   22.36		9.3664e+15
   22.37		9.2710e+15
   22.38		9.1769e+15
   22.39		9.0842e+15
   22.40		8.9928e+15
   22.41		8.9029e+15
   22.42		8.8143e+15
   22.43		8.7271e+15
   22.44		8.6413e+15
   22.45		8.5567e+15
   22.46		8.4735e+15
   22.47		8.3917e+15
   22.48		8.3111e+15
   22.49		8.2318e+15
   22.50		8.1537e+15
   22.51		8.0769e+15
   22.52		8.0014e+15
   22.53		7.9270e+15
   22.54		7.8538e+15
   22.55		7.7818e+15
   22.56		7.7110e+15
   22.57		7.6412e+15
   22.58		7.5726e+15
   22.59		7.5050e+15
   22.60		7.4385e+15
   22.61		7.3729e+15
   22.62		7.3084e+15
   22.63		7.2448e+15
   22.64		7.1822e+15
   22.65		7.1205e+15
   22.66		7.0597e+15
   22.67		6.9998e+15
   22.68		6.9407e+15
   22.69		6.8825e+15
   22.70		6.8251e+15
   22.71		6.7686e+15
   22.72		6.7128e+15
   22.73		6.6579e+15
   22.74		6.6036e+15
   22.75		6.5502e+15
   22.76		6.4975e+15
   22.77		6.4454e+15
   22.78		6.3941e+15
   22.79		6.3434e+15
   22.80		6.2933e+15
   22.81		6.2438e+15
   22.82		6.1949e+15
   22.83		6.1466e+15
   22.84		6.0987e+15
   22.85		6.0514e+15
   22.86		6.0046e+15
   22.87		5.9582e+15
   22.88		5.9122e+15
   22.89		5.8666e+15
   22.90		5.8213e+15
   22.91		5.7764e+15
   22.92		5.7319e+15
   22.93		5.6876e+15
   22.94		5.6435e+15
   22.95		5.5997e+15
   22.96		5.5560e+15
   22.97		5.5126e+15
   22.98		5.4694e+15
   22.99		5.4263e+15
   23.00		5.3835e+15
   23.01		5.3408e+15
   23.02		5.2983e+15
   23.03		5.2560e+15
   23.04		5.2139e+15
   23.05		5.1720e+15
   23.06		5.1302e+15
   23.07		5.0887e+15
   23.08		5.0473e+15
   23.09		5.0061e+15
   23.10		4.9651e+15
   23.11		4.9242e+15
   23.12		4.8836e+15
   23.13		4.8431e+15
   23.14		4.8028e+15
   23.15		4.7627e+15
   23.16		4.7227e+15
   23.17		4.6829e+15
   23.18		4.6433e+15
   23.19		4.6039e+15
   23.20		4.5646e+15
   23.21		4.5255e+15
   23.22		4.4865e+15
   23.23		4.4478e+15
   23.24		4.4092e+15
   23.25		4.3707e+15
   23.26		4.3324e+15
   23.27		4.2943e+15
   23.28		4.2563e+15
   23.29		4.2185e+15
   23.30		4.1809e+15
   23.31		4.1434e+15
   23.32		4.1060e+15
   23.33		4.0688e+15
   23.34		4.0318e+15
   23.35		3.9949e+15
   23.36		3.9581e+15
   23.37		3.9216e+15
   23.38		3.8851e+15
   23.39		3.8488e+15
   23.40		3.8127e+15
   23.41		3.7768e+15
   23.42		3.7410e+15
   23.43		3.7054e+15
   23.44		3.6699e+15
   23.45		3.6346e+15
   23.46		3.5995e+15
   23.47		3.5646e+15
   23.48		3.5299e+15
   23.49		3.4953e+15
   23.50		3.4609e+15
   23.51		3.4267e+15
   23.52		3.3927e+15
   23.53		3.3589e+15
   23.54		3.3253e+15
   23.55		3.2919e+15
   23.56		3.2586e+15
   23.57		3.2256e+15
   23.58		3.1928e+15
   23.59		3.1601e+15
   23.60		3.1277e+15
   23.61		3.0954e+15
   23.62		3.0634e+15
   23.63		3.0316e+15
   23.64		3.0000e+15
   23.65		2.9685e+15
   23.66		2.9373e+15
   23.67		2.9063e+15
   23.68		2.8755e+15
   23.69		2.8450e+15
   23.70		2.8146e+15
   23.71		2.7844e+15
   23.72		2.7545e+15
   23.73		2.7248e+15
   23.74		2.6952e+15
   23.75		2.6659e+15
   23.76		2.6369e+15
   23.77		2.6080e+15
   23.78		2.5793e+15
   23.79		2.5509e+15
   23.80		2.5226e+15
   23.81		2.4946e+15
   23.82		2.4668e+15
   23.83		2.4392e+15
   23.84		2.4119e+15
   23.85		2.3847e+15
   23.86		2.3578e+15
   23.87		2.3311e+15
   23.88		2.3045e+15
   23.89		2.2782e+15
   23.90		2.2522e+15
   23.91		2.2263e+15
   23.92		2.2006e+15
   23.93		2.1752e+15
   23.94		2.1500e+15
   23.95		2.1249e+15
   23.96		2.1001e+15
   23.97		2.0755e+15
   23.98		2.0512e+15
   23.99		2.0270e+15
   24.00		2.0030e+15
   24.01		1.9793e+15
   24.02		1.9557e+15
   24.03		1.9324e+15
   24.04		1.9092e+15
   24.05		1.8863e+15
   24.06		1.8635e+15
   24.07		1.8410e+15
   24.08		1.8187e+15
   24.09		1.7966e+15
   24.10		1.7747e+15
   24.11		1.7529e+15
   24.12		1.7314e+15
   24.13		1.7101e+15
   24.14		1.6890e+15
   24.15		1.6681e+15
   24.16		1.6474e+15
   24.17		1.6269e+15
   24.18		1.6065e+15
   24.19		1.5864e+15
   24.20		1.5665e+15
   24.21		1.5467e+15
   24.22		1.5272e+15
   24.23		1.5078e+15
   24.24		1.4886e+15
   24.25		1.4697e+15
   24.26		1.4509e+15
   24.27		1.4323e+15
   24.28		1.4138e+15
   24.29		1.3956e+15
   24.30		1.3775e+15
   24.31		1.3596e+15
   24.32		1.3419e+15
   24.33		1.3244e+15
   24.34		1.3070e+15
   24.35		1.2898e+15
   24.36		1.2728e+15
   24.37		1.2559e+15
   24.38		1.2393e+15
   24.39		1.2227e+15
   24.40		1.2064e+15
   24.41		1.1902e+15
   24.42		1.1742e+15
   24.43		1.1584e+15
   24.44		1.1427e+15
   24.45		1.1272e+15
   24.46		1.1119e+15
   24.47		1.0968e+15
   24.48		1.0818e+15
   24.49		1.0670e+15
   24.50		1.0524e+15
   24.51		1.0379e+15
   24.52		1.0236e+15
   24.53		1.0095e+15
   24.54		9.9555e+14
   24.55		9.8176e+14
   24.56		9.6813e+14
   24.57		9.5466e+14
   24.58		9.4136e+14
   24.59		9.2823e+14
   24.60		9.1525e+14
   24.61		9.0244e+14
   24.62		8.8979e+14
   24.63		8.7730e+14
   24.64		8.6498e+14
   24.65		8.5281e+14
   24.66		8.4080e+14
   24.67		8.2895e+14
   24.68		8.1725e+14
   24.69		8.0571e+14
   24.70		7.9432e+14
   24.71		7.8308e+14
   24.72		7.7199e+14
   24.73		7.6104e+14
   24.74		7.5025e+14
   24.75		7.3960e+14
   24.76		7.2909e+14
   24.77		7.1873e+14
   24.78		7.0850e+14
   24.79		6.9842e+14
   24.80		6.8847e+14
   24.81		6.7866e+14
   24.82		6.6899e+14
   24.83		6.5944e+14
   24.84		6.5003e+14
   24.85		6.4075e+14
   24.86		6.3160e+14
   24.87		6.2257e+14
   24.88		6.1368e+14
   24.89		6.0490e+14
   24.90		5.9625e+14
   24.91		5.8771e+14
   24.92		5.7930e+14
   24.93		5.7101e+14
   24.94		5.6283e+14
   24.95		5.5477e+14
   24.96		5.4682e+14
   24.97		5.3898e+14
   24.98		5.3125e+14
   24.99		5.2363e+14
   25.00		5.1612e+14
   25.01		5.0872e+14
   25.02		5.0142e+14
   25.03		4.9422e+14
   25.04		4.8712e+14
   25.05		4.8013e+14
   25.06		4.7323e+14
   25.07		4.6643e+14
   25.08		4.5973e+14
   25.09		4.5312e+14
   25.10		4.4660e+14
   25.11		4.4017e+14
   25.12		4.3384e+14
   25.13		4.2759e+14
   25.14		4.2143e+14
   25.15		4.1536e+14
   25.16		4.0937e+14
   25.17		4.0347e+14
   25.18		3.9765e+14
   25.19		3.9191e+14
   25.20		3.8625e+14
   25.21		3.8068e+14
   25.22		3.7518e+14
   25.23		3.6976e+14
   25.24		3.6442e+14
   25.25		3.5916e+14
   25.26		3.5398e+14
   25.27		3.4887e+14
   25.28		3.4383e+14
   25.29		3.3887e+14
   25.30		3.3398e+14
   25.31		3.2917e+14
   25.32		3.2443e+14
   25.33		3.1975e+14
   25.34		3.1515e+14
   25.35		3.1062e+14
   25.36		3.0616e+14
   25.37		3.0177e+14
   25.38		2.9744e+14
   25.39		2.9318e+14
   25.40		2.8899e+14
   25.41		2.8487e+14
   25.42		2.8081e+14
   25.43		2.7681e+14
   25.44		2.7288e+14
   25.45		2.6902e+14
   25.46		2.6521e+14
   25.47		2.6147e+14
   25.48		2.5779e+14
   25.49		2.5417e+14
   25.50		2.5061e+14
   25.51		2.4711e+14
   25.52		2.4367e+14
   25.53		2.4029e+14
   25.54		2.3697e+14
   25.55		2.3370e+14
   25.56		2.3050e+14
   25.57		2.2734e+14
   25.58		2.2425e+14
   25.59		2.2120e+14
   25.60		2.1822e+14
   25.61		2.1528e+14
   25.62		2.1240e+14
   25.63		2.0958e+14
   25.64		2.0680e+14
   25.65		2.0408e+14
   25.66		2.0140e+14
   25.67		1.9877e+14
   25.68		1.9619e+14
   25.69		1.9366e+14
   25.70		1.9116e+14
   25.71		1.8871e+14
   25.72		1.8630e+14
   25.73		1.8393e+14
   25.74		1.8159e+14
   25.75		1.7929e+14
   25.76		1.7703e+14
   25.77		1.7480e+14
   25.78		1.7260e+14
   25.79		1.7043e+14
   25.80		1.6829e+14
   25.81		1.6618e+14
   25.82		1.6409e+14
   25.83		1.6203e+14
   25.84		1.5999e+14
   25.85		1.5797e+14
   25.86		1.5598e+14
   25.87		1.5400e+14
   25.88		1.5204e+14
   25.89		1.5010e+14
   25.90		1.4817e+14
   25.91		1.4626e+14
   25.92		1.4436e+14
   25.93		1.4247e+14
   25.94		1.4059e+14
   25.95		1.3872e+14
   25.96		1.3687e+14
   25.97		1.3502e+14
   25.98		1.3317e+14
   25.99		1.3134e+14
   26.00		1.2950e+14
   26.01		1.2768e+14
   26.02		1.2585e+14
   26.03		1.2403e+14
   26.04		1.2221e+14
   26.05		1.2039e+14
   26.06		1.1857e+14
   26.07		1.1675e+14
   26.08		1.1494e+14
   26.09		1.1313e+14
   26.10		1.1131e+14
   26.11		1.0950e+14
   26.12		1.0769e+14
   26.13		1.0588e+14
   26.14		1.0408e+14
   26.15		1.0227e+14
   26.16		1.0047e+14
   26.17		9.8662e+13
   26.18		9.6860e+13
   26.19		9.5059e+13
   26.20		9.3260e+13
   26.21		9.1462e+13
   26.22		8.9665e+13
   26.23		8.7870e+13
   26.24		8.6077e+13
   26.25		8.4287e+13
   26.26		8.2500e+13
   26.27		8.0717e+13
   26.28		7.8939e+13
   26.29		7.7168e+13
   26.30		7.5403e+13
   26.31		7.3646e+13
   26.32		7.1897e+13
   26.33		7.0158e+13
   26.34		6.8428e+13
   26.35		6.6710e+13
   26.36		6.5003e+13
   26.37		6.3308e+13
   26.38		6.1626e+13
   26.39		5.9958e+13
   26.40		5.8305e+13
   26.41		5.6667e+13
   26.42		5.5045e+13
   26.43		5.3439e+13
   26.44		5.1851e+13
   26.45		5.0281e+13
   26.46		4.8729e+13
   26.47		4.7197e+13
   26.48		4.5684e+13
   26.49		4.4192e+13
   26.50		4.2720e+13
   26.51		4.1270e+13
   26.52		3.9842e+13
   26.53		3.8436e+13
   26.54		3.7054e+13
   26.55		3.5694e+13
   26.56		3.4359e+13
   26.57		3.3048e+13
   26.58		3.1761e+13
   26.59		3.0500e+13
   26.60		2.9263e+13
   26.61		2.8053e+13
   26.62		2.6869e+13
   26.63		2.5711e+13
   26.64		2.4579e+13
   26.65		2.3475e+13
   26.66		2.2397e+13
   26.67		2.1347e+13
   26.68		2.0324e+13
   26.69		1.9329e+13
   26.70		1.8362e+13
   26.71		1.7422e+13
   26.72		1.6510e+13
   26.73		1.5626e+13
   26.74		1.4769e+13
   26.75		1.3940e+13
   26.76		1.3139e+13
   26.77		1.2366e+13
   26.78		1.1620e+13
   26.79		1.0902e+13
   26.80		1.0210e+13
   26.81		9.5459e+12
   26.82		8.9083e+12
   26.83		8.2974e+12
   26.84		7.7127e+12
   26.85		7.1540e+12
   26.86		6.6209e+12
   26.87		6.1132e+12
   26.88		5.6304e+12
   26.89		5.1722e+12
   26.90		4.7380e+12
   26.91		4.3276e+12
   26.92		3.9404e+12
   26.93		3.5759e+12
   26.94		3.2337e+12
   26.95		2.9131e+12
   26.96		2.6136e+12
   26.97		2.3347e+12
   26.98		2.0757e+12
   26.99		1.8360e+12
   27.00		1.6151e+12
   27.01		1.4122e+12
   27.02		1.2266e+12
   27.03		1.0577e+12
   27.04		9.0485e+11
   27.05		7.6720e+11
   27.06		6.4407e+11
   27.07		5.3470e+11
   27.08		4.3833e+11
   27.09		3.5417e+11
   27.10		2.8145e+11
   27.11		2.1936e+11
   27.12		1.6708e+11
   27.13		1.2381e+11
   27.14		8.8699e+10
   27.15		6.0920e+10
   27.16		3.9625e+10
   27.17		2.3964e+10
   27.18		1.3078e+10
   27.19		6.1052e+09
   27.20		2.1811e+09
   27.21		4.3630e+08
   27.22		0.0000e+00
   27.23		0.0000e+00
   27.24		0.0000e+00
   27.25		0.0000e+00
   27.26		0.0000e+00
   27.27		0.0000e+00
   27.28		0.0000e+00
   27.29		0.0000e+00
   27.30		0.0000e+00
   27.31		0.0000e+00
   27.32		0.0000e+00
   27.33		0.0000e+00
   27.34		0.0000e+00
   27.35		0.0000e+00
   27.36		0.0000e+00
   27.37		0.0000e+00
   27.38		0.0000e+00
   27.39		0.0000e+00
   27.40		0.0000e+00
   27.41		0.0000e+00
   27.42		0.0000e+00
   27.43		0.0000e+00
   27.44		0.0000e+00
   27.45		0.0000e+00
   27.46		0.0000e+00
   27.47		0.0000e+00
   27.48		0.0000e+00
   27.49		0.0000e+00
   27.50		0.0000e+00
   27.51		0.0000e+00
   27.52		0.0000e+00
   27.53		0.0000e+00
   27.54		0.0000e+00
   27.55		0.0000e+00
   27.56		0.0000e+00
   27.57		0.0000e+00
   27.58		0.0000e+00
   27.59		0.0000e+00
   27.60		0.0000e+00
   27.61		0.0000e+00
   27.62		0.0000e+00
   27.63		0.0000e+00
   27.64		0.0000e+00
   27.65		0.0000e+00
   27.66		0.0000e+00
   27.67		0.0000e+00
   27.68		0.0000e+00
   27.69		0.0000e+00
   27.70		0.0000e+00
   27.71		0.0000e+00
   27.72		0.0000e+00
   27.73		0.0000e+00
   27.74		0.0000e+00
   27.75		0.0000e+00
   27.76		0.0000e+00
   27.77		0.0000e+00
   27.78		0.0000e+00
   27.79		0.0000e+00
   27.80		0.0000e+00
   27.81		0.0000e+00
   27.82		0.0000e+00
   27.83		0.0000e+00
   27.84		0.0000e+00
   27.85		0.0000e+00
   27.86		0.0000e+00
   27.87		0.0000e+00
   27.88		0.0000e+00
   27.89		0.0000e+00
   27.90		0.0000e+00
   27.91		0.0000e+00
   27.92		0.0000e+00
   27.93		0.0000e+00
   27.94		0.0000e+00
   27.95		0.0000e+00
   27.96		0.0000e+00
   27.97		0.0000e+00
   27.98		0.0000e+00
   27.99		0.0000e+00
   28.00		0.0000e+00
   28.01		0.0000e+00
   28.02		0.0000e+00
   28.03		0.0000e+00
   28.04		0.0000e+00
   28.05		0.0000e+00
   28.06		0.0000e+00
   28.07		0.0000e+00
   28.08		0.0000e+00
   28.09		0.0000e+00
   28.10		0.0000e+00
   28.11		0.0000e+00
   28.12		0.0000e+00
   28.13		0.0000e+00
   28.14		0.0000e+00
   28.15		0.0000e+00
   28.16		0.0000e+00
   28.17		0.0000e+00
   28.18		0.0000e+00
   28.19		0.0000e+00
   28.20		0.0000e+00
   28.21		0.0000e+00
   28.22		0.0000e+00
   28.23		0.0000e+00
   28.24		0.0000e+00
   28.25		0.0000e+00
   28.26		0.0000e+00
   28.27		0.0000e+00
   28.28		0.0000e+00
   28.29		0.0000e+00
   28.30		0.0000e+00
   28.31		0.0000e+00
   28.32		0.0000e+00
   28.33		0.0000e+00
   28.34		0.0000e+00
   28.35		0.0000e+00
   28.36		0.0000e+00
   28.37		0.0000e+00
   28.38		0.0000e+00
   28.39		0.0000e+00
   28.40		0.0000e+00
   28.41		0.0000e+00
   28.42		0.0000e+00
   28.43		0.0000e+00
   28.44		0.0000e+00
   28.45		0.0000e+00
   28.46		0.0000e+00
   28.47		0.0000e+00
   28.48		0.0000e+00
   28.49		0.0000e+00
   28.50		0.0000e+00
   28.51		0.0000e+00
   28.52		0.0000e+00
   28.53		0.0000e+00
   28.54		0.0000e+00
   28.55		0.0000e+00
   28.56		0.0000e+00
   28.57		0.0000e+00
   28.58		0.0000e+00
   28.59		0.0000e+00
   28.60		0.0000e+00
   28.61		0.0000e+00
   28.62		0.0000e+00
   28.63		0.0000e+00
   28.64		0.0000e+00
   28.65		0.0000e+00
   28.66		0.0000e+00
   28.67		0.0000e+00
   28.68		0.0000e+00
   28.69		0.0000e+00
   28.70		0.0000e+00
   28.71		0.0000e+00
   28.72		0.0000e+00
   28.73		0.0000e+00
   28.74		0.0000e+00
   28.75		0.0000e+00
   28.76		0.0000e+00
   28.77		0.0000e+00
   28.78		0.0000e+00
   28.79		0.0000e+00
   28.80		0.0000e+00
   28.81		0.0000e+00
   28.82		0.0000e+00
   28.83		0.0000e+00
   28.84		0.0000e+00
   28.85		0.0000e+00
   28.86		0.0000e+00
   28.87		0.0000e+00
   28.88		0.0000e+00
   28.89		0.0000e+00
   28.90		0.0000e+00
   28.91		0.0000e+00
   28.92		0.0000e+00
   28.93		0.0000e+00
   28.94		0.0000e+00
   28.95		0.0000e+00
   28.96		0.0000e+00
   28.97		0.0000e+00
   28.98		0.0000e+00
   28.99		0.0000e+00
   29.00		0.0000e+00
   29.01		0.0000e+00
   29.02		0.0000e+00
   29.03		0.0000e+00
   29.04		0.0000e+00
   29.05		0.0000e+00
   29.06		0.0000e+00
   29.07		0.0000e+00
   29.08		0.0000e+00
   29.09		0.0000e+00
   29.10		0.0000e+00
   29.11		0.0000e+00
   29.12		0.0000e+00
   29.13		0.0000e+00
   29.14		0.0000e+00
   29.15		0.0000e+00
   29.16		0.0000e+00
   29.17		0.0000e+00
   29.18		0.0000e+00
   29.19		0.0000e+00
   29.20		0.0000e+00
   29.21		0.0000e+00
   29.22		0.0000e+00
   29.23		0.0000e+00
   29.24		0.0000e+00
   29.25		0.0000e+00
   29.26		0.0000e+00
   29.27		0.0000e+00
   29.28		0.0000e+00
   29.29		0.0000e+00
   29.30		0.0000e+00
   29.31		0.0000e+00
   29.32		0.0000e+00
   29.33		0.0000e+00
   29.34		0.0000e+00
   29.35		0.0000e+00
   29.36		0.0000e+00
   29.37		0.0000e+00
   29.38		0.0000e+00
   29.39		0.0000e+00
   29.40		0.0000e+00
   29.41		0.0000e+00
   29.42		0.0000e+00
   29.43		0.0000e+00
   29.44		0.0000e+00
   29.45		0.0000e+00
   29.46		0.0000e+00
   29.47		0.0000e+00
   29.48		0.0000e+00
   29.49		0.0000e+00
   29.50		0.0000e+00
   29.51		0.0000e+00
   29.52		0.0000e+00
   29.53		0.0000e+00
   29.54		0.0000e+00
   29.55		0.0000e+00
   29.56		0.0000e+00
   29.57		0.0000e+00
   29.58		0.0000e+00
   29.59		0.0000e+00
   29.60		0.0000e+00
   29.61		0.0000e+00
   29.62		0.0000e+00
   29.63		0.0000e+00
   29.64		0.0000e+00
   29.65		0.0000e+00
   29.66		0.0000e+00
   29.67		0.0000e+00
   29.68		0.0000e+00
   29.69		0.0000e+00
   29.70		0.0000e+00
   29.71		0.0000e+00
   29.72		0.0000e+00
   29.73		0.0000e+00
   29.74		0.0000e+00
   29.75		0.0000e+00
   29.76		0.0000e+00
   29.77		0.0000e+00
   29.78		0.0000e+00
   29.79		0.0000e+00
   29.80		0.0000e+00
   29.81		0.0000e+00
   29.82		0.0000e+00
   29.83		0.0000e+00
   29.84		0.0000e+00
   29.85		0.0000e+00
   29.86		0.0000e+00
   29.87		0.0000e+00
   29.88		0.0000e+00
   29.89		0.0000e+00
   29.90		0.0000e+00
   29.91		0.0000e+00
   29.92		0.0000e+00
   29.93		0.0000e+00
   29.94		0.0000e+00
   29.95		0.0000e+00
   29.96		0.0000e+00
   29.97		0.0000e+00
   29.98		0.0000e+00
   29.99		0.0000e+00
   30.00		0.0000e+00
   30.01		0.0000e+00
   30.02		0.0000e+00
   30.03		0.0000e+00
   30.04		0.0000e+00
   30.05		0.0000e+00
   30.06		0.0000e+00
   30.07		0.0000e+00
   30.08		0.0000e+00
   30.09		0.0000e+00
   30.10		0.0000e+00
   30.11		0.0000e+00
   30.12		0.0000e+00
   30.13		0.0000e+00
   30.14		0.0000e+00
   30.15		0.0000e+00
   30.16		0.0000e+00
   30.17		0.0000e+00
   30.18		0.0000e+00
   30.19		0.0000e+00
   30.20		0.0000e+00
   30.21		0.0000e+00
   30.22		0.0000e+00
   30.23		0.0000e+00
   30.24		0.0000e+00
   30.25		0.0000e+00
   30.26		0.0000e+00
   30.27		0.0000e+00
   30.28		0.0000e+00
   30.29		0.0000e+00
   30.30		0.0000e+00
   30.31		0.0000e+00
   30.32		0.0000e+00
   30.33		0.0000e+00
   30.34		0.0000e+00
   30.35		0.0000e+00
   30.36		0.0000e+00
   30.37		0.0000e+00
   30.38		0.0000e+00
   30.39		0.0000e+00
   30.40		0.0000e+00
   30.41		0.0000e+00
   30.42		0.0000e+00
   30.43		0.0000e+00
   30.44		0.0000e+00
   30.45		0.0000e+00
   30.46		0.0000e+00
   30.47		0.0000e+00
   30.48		0.0000e+00
   30.49		0.0000e+00
   30.50		0.0000e+00
   30.51		0.0000e+00
   30.52		0.0000e+00
   30.53		0.0000e+00
   30.54		0.0000e+00
   30.55		0.0000e+00
   30.56		0.0000e+00
   30.57		0.0000e+00
   30.58		0.0000e+00
   30.59		0.0000e+00
   30.60		0.0000e+00
   30.61		0.0000e+00
   30.62		0.0000e+00
   30.63		0.0000e+00
   30.64		0.0000e+00
   30.65		0.0000e+00
   30.66		0.0000e+00
   30.67		0.0000e+00
   30.68		0.0000e+00
   30.69		0.0000e+00
   30.70		0.0000e+00
   30.71		0.0000e+00
   30.72		0.0000e+00
   30.73		0.0000e+00
   30.74		0.0000e+00
   30.75		0.0000e+00
   30.76		0.0000e+00
   30.77		0.0000e+00
   30.78		0.0000e+00
   30.79		0.0000e+00
   30.80		0.0000e+00
   30.81		0.0000e+00
   30.82		0.0000e+00
   30.83		0.0000e+00
   30.84		0.0000e+00
   30.85		0.0000e+00
   30.86		0.0000e+00
   30.87		0.0000e+00
   30.88		0.0000e+00
   30.89		0.0000e+00
   30.90		0.0000e+00
   30.91		0.0000e+00
   30.92		0.0000e+00
   30.93		0.0000e+00
   30.94		0.0000e+00
   30.95		0.0000e+00
   30.96		0.0000e+00
   30.97		0.0000e+00
   30.98		0.0000e+00
   30.99		0.0000e+00
   31.00		0.0000e+00
   31.01		0.0000e+00
   31.02		0.0000e+00
   31.03		0.0000e+00
   31.04		0.0000e+00
   31.05		0.0000e+00
   31.06		0.0000e+00
   31.07		0.0000e+00
   31.08		0.0000e+00
   31.09		0.0000e+00
   31.10		0.0000e+00
   31.11		0.0000e+00
   31.12		0.0000e+00
   31.13		0.0000e+00
   31.14		0.0000e+00
   31.15		0.0000e+00
   31.16		0.0000e+00
   31.17		0.0000e+00
   31.18		0.0000e+00
   31.19		0.0000e+00
   31.20		0.0000e+00
   31.21		0.0000e+00
   31.22		0.0000e+00
   31.23		0.0000e+00
   31.24		0.0000e+00
   31.25		0.0000e+00
   31.26		0.0000e+00
   31.27		0.0000e+00
   31.28		0.0000e+00
   31.29		0.0000e+00
   31.30		0.0000e+00
   31.31		0.0000e+00
   31.32		0.0000e+00
   31.33		0.0000e+00
   31.34		0.0000e+00
   31.35		0.0000e+00
   31.36		0.0000e+00
   31.37		0.0000e+00
   31.38		0.0000e+00
   31.39		0.0000e+00
   31.40		0.0000e+00
   31.41		0.0000e+00
   31.42		0.0000e+00
   31.43		0.0000e+00
   31.44		0.0000e+00
   31.45		0.0000e+00
   31.46		0.0000e+00
   31.47		0.0000e+00
   31.48		0.0000e+00
   31.49		0.0000e+00
   31.50		0.0000e+00
   31.51		0.0000e+00
   31.52		0.0000e+00
   31.53		0.0000e+00
   31.54		0.0000e+00
   31.55		0.0000e+00
   31.56		0.0000e+00
   31.57		0.0000e+00
   31.58		0.0000e+00
   31.59		0.0000e+00
   31.60		0.0000e+00
   31.61		0.0000e+00
   31.62		0.0000e+00
   31.63		0.0000e+00
   31.64		0.0000e+00
   31.65		0.0000e+00
   31.66		0.0000e+00
   31.67		0.0000e+00
   31.68		0.0000e+00
   31.69		0.0000e+00
   31.70		0.0000e+00
   31.71		0.0000e+00
   31.72		0.0000e+00
   31.73		0.0000e+00
   31.74		0.0000e+00
   31.75		0.0000e+00
   31.76		0.0000e+00
   31.77		0.0000e+00
   31.78		0.0000e+00
   31.79		0.0000e+00
   31.80		0.0000e+00
   31.81		0.0000e+00
   31.82		0.0000e+00
   31.83		0.0000e+00
   31.84		0.0000e+00
   31.85		0.0000e+00
   31.86		0.0000e+00
   31.87		0.0000e+00
   31.88		0.0000e+00
   31.89		0.0000e+00
   31.90		0.0000e+00
   31.91		0.0000e+00
   31.92		0.0000e+00
   31.93		0.0000e+00
   31.94		0.0000e+00
   31.95		0.0000e+00
   31.96		0.0000e+00
   31.97		0.0000e+00
   31.98		0.0000e+00
   31.99		0.0000e+00
   32.00		0.0000e+00
   32.01		0.0000e+00
   32.02		0.0000e+00
   32.03		0.0000e+00
   32.04		0.0000e+00
   32.05		0.0000e+00
   32.06		0.0000e+00
   32.07		0.0000e+00
   32.08		0.0000e+00
   32.09		0.0000e+00
   32.10		0.0000e+00
   32.11		0.0000e+00
   32.12		0.0000e+00
   32.13		0.0000e+00
   32.14		0.0000e+00
   32.15		0.0000e+00
   32.16		0.0000e+00
   32.17		0.0000e+00
   32.18		0.0000e+00
   32.19		0.0000e+00
   32.20		0.0000e+00
   32.21		0.0000e+00
   32.22		0.0000e+00
   32.23		0.0000e+00
   32.24		0.0000e+00
   32.25		0.0000e+00
   32.26		0.0000e+00
   32.27		0.0000e+00
   32.28		0.0000e+00
   32.29		0.0000e+00
   32.30		0.0000e+00
   32.31		0.0000e+00
   32.32		0.0000e+00
   32.33		0.0000e+00
   32.34		0.0000e+00
   32.35		0.0000e+00
   32.36		0.0000e+00
   32.37		0.0000e+00
   32.38		0.0000e+00
   32.39		0.0000e+00
   32.40		0.0000e+00
   32.41		0.0000e+00
   32.42		0.0000e+00
   32.43		0.0000e+00
   32.44		0.0000e+00
   32.45		0.0000e+00
   32.46		0.0000e+00
   32.47		0.0000e+00
   32.48		0.0000e+00
   32.49		0.0000e+00
   32.50		0.0000e+00
   32.51		0.0000e+00
   32.52		0.0000e+00
   32.53		0.0000e+00
   32.54		0.0000e+00
   32.55		0.0000e+00
   32.56		0.0000e+00
   32.57		0.0000e+00
   32.58		0.0000e+00
   32.59		0.0000e+00
   32.60		0.0000e+00
   32.61		0.0000e+00
   32.62		0.0000e+00
   32.63		0.0000e+00
   32.64		0.0000e+00
   32.65		0.0000e+00
   32.66		0.0000e+00
   32.67		0.0000e+00
   32.68		0.0000e+00
   32.69		0.0000e+00
   32.70		0.0000e+00
   32.71		0.0000e+00
   32.72		0.0000e+00
   32.73		0.0000e+00
   32.74		0.0000e+00
   32.75		0.0000e+00
   32.76		0.0000e+00
   32.77		0.0000e+00
   32.78		0.0000e+00
   32.79		0.0000e+00
   32.80		0.0000e+00
   32.81		0.0000e+00
   32.82		0.0000e+00
   32.83		0.0000e+00
   32.84		0.0000e+00
   32.85		0.0000e+00
   32.86		0.0000e+00
   32.87		0.0000e+00
   32.88		0.0000e+00
   32.89		0.0000e+00
   32.90		0.0000e+00
   32.91		0.0000e+00
   32.92		0.0000e+00
   32.93		0.0000e+00
   32.94		0.0000e+00
   32.95		0.0000e+00
   32.96		0.0000e+00
   32.97		0.0000e+00
   32.98		0.0000e+00
   32.99		0.0000e+00
   33.00		0.0000e+00
   33.01		0.0000e+00
   33.02		0.0000e+00
   33.03		0.0000e+00
   33.04		0.0000e+00
   33.05		0.0000e+00
   33.06		0.0000e+00
   33.07		0.0000e+00
   33.08		0.0000e+00
   33.09		0.0000e+00
   33.10		0.0000e+00
   33.11		0.0000e+00
   33.12		0.0000e+00
   33.13		0.0000e+00
   33.14		0.0000e+00
   33.15		0.0000e+00
   33.16		0.0000e+00
   33.17		0.0000e+00
   33.18		0.0000e+00
   33.19		0.0000e+00
   33.20		0.0000e+00
   33.21		0.0000e+00
   33.22		0.0000e+00
   33.23		0.0000e+00
   33.24		0.0000e+00
   33.25		0.0000e+00
   33.26		0.0000e+00
   33.27		0.0000e+00
   33.28		0.0000e+00
   33.29		0.0000e+00
   33.30		0.0000e+00
   33.31		0.0000e+00
   33.32		0.0000e+00
   33.33		0.0000e+00
   33.34		0.0000e+00
   33.35		0.0000e+00
   33.36		0.0000e+00
   33.37		0.0000e+00
   33.38		0.0000e+00
   33.39		0.0000e+00
   33.40		0.0000e+00
   33.41		0.0000e+00
   33.42		0.0000e+00
   33.43		0.0000e+00
   33.44		0.0000e+00
   33.45		0.0000e+00
   33.46		0.0000e+00
   33.47		0.0000e+00
   33.48		0.0000e+00
   33.49		0.0000e+00
   33.50		0.0000e+00
   33.51		0.0000e+00
   33.52		0.0000e+00
   33.53		0.0000e+00
   33.54		0.0000e+00
   33.55		0.0000e+00
   33.56		0.0000e+00
   33.57		0.0000e+00
   33.58		0.0000e+00
   33.59		0.0000e+00
   33.60		0.0000e+00
   33.61		0.0000e+00
   33.62		0.0000e+00
   33.63		0.0000e+00
   33.64		0.0000e+00
   33.65		0.0000e+00
   33.66		0.0000e+00
   33.67		0.0000e+00
   33.68		0.0000e+00
   33.69		0.0000e+00
   33.70		0.0000e+00
   33.71		0.0000e+00
   33.72		0.0000e+00
   33.73		0.0000e+00
   33.74		0.0000e+00
   33.75		0.0000e+00
   33.76		0.0000e+00
   33.77		0.0000e+00
   33.78		0.0000e+00
   33.79		0.0000e+00
   33.80		0.0000e+00
   33.81		0.0000e+00
   33.82		0.0000e+00
   33.83		0.0000e+00
   33.84		0.0000e+00
   33.85		0.0000e+00
   33.86		0.0000e+00
   33.87		0.0000e+00
   33.88		0.0000e+00
   33.89		0.0000e+00
   33.90		0.0000e+00
   33.91		0.0000e+00
   33.92		0.0000e+00
   33.93		0.0000e+00
   33.94		0.0000e+00
   33.95		0.0000e+00
   33.96		0.0000e+00
   33.97		0.0000e+00
   33.98		0.0000e+00
   33.99		0.0000e+00
   34.00		0.0000e+00
   34.01		0.0000e+00
   34.02		0.0000e+00
   34.03		0.0000e+00
   34.04		0.0000e+00
   34.05		0.0000e+00
   34.06		0.0000e+00
   34.07		0.0000e+00
   34.08		0.0000e+00
   34.09		0.0000e+00
   34.10		0.0000e+00
   34.11		0.0000e+00
   34.12		0.0000e+00
   34.13		0.0000e+00
   34.14		0.0000e+00
   34.15		0.0000e+00
   34.16		0.0000e+00
   34.17		0.0000e+00
   34.18		0.0000e+00
   34.19		0.0000e+00
   34.20		0.0000e+00
   34.21		0.0000e+00
   34.22		0.0000e+00
   34.23		0.0000e+00
   34.24		0.0000e+00
   34.25		0.0000e+00
   34.26		0.0000e+00
   34.27		0.0000e+00
   34.28		0.0000e+00
   34.29		0.0000e+00
   34.30		0.0000e+00
   34.31		0.0000e+00
   34.32		0.0000e+00
   34.33		0.0000e+00
   34.34		0.0000e+00
   34.35		0.0000e+00
   34.36		0.0000e+00
   34.37		0.0000e+00
   34.38		0.0000e+00
   34.39		0.0000e+00
   34.40		0.0000e+00
   34.41		0.0000e+00
   34.42		0.0000e+00
   34.43		0.0000e+00
   34.44		0.0000e+00
   34.45		0.0000e+00
   34.46		0.0000e+00
   34.47		0.0000e+00
   34.48		0.0000e+00
   34.49		0.0000e+00
   34.50		0.0000e+00
   34.51		0.0000e+00
   34.52		0.0000e+00
   34.53		0.0000e+00
   34.54		0.0000e+00
   34.55		0.0000e+00
   34.56		0.0000e+00
   34.57		0.0000e+00
   34.58		0.0000e+00
   34.59		0.0000e+00
   34.60		0.0000e+00
   34.61		0.0000e+00
   34.62		0.0000e+00
   34.63		0.0000e+00
   34.64		0.0000e+00
   34.65		0.0000e+00
   34.66		0.0000e+00
   34.67		0.0000e+00
   34.68		0.0000e+00
   34.69		0.0000e+00
   34.70		0.0000e+00
   34.71		0.0000e+00
   34.72		0.0000e+00
   34.73		0.0000e+00
   34.74		0.0000e+00
   34.75		0.0000e+00
   34.76		0.0000e+00
   34.77		0.0000e+00
   34.78		0.0000e+00
   34.79		0.0000e+00
   34.80		0.0000e+00
   34.81		0.0000e+00
   34.82		0.0000e+00
   34.83		0.0000e+00
   34.84		0.0000e+00
   34.85		0.0000e+00
   34.86		0.0000e+00
   34.87		0.0000e+00
   34.88		0.0000e+00
   34.89		0.0000e+00
   34.90		0.0000e+00
   34.91		0.0000e+00
   34.92		0.0000e+00
   34.93		0.0000e+00
   34.94		0.0000e+00
   34.95		0.0000e+00
   34.96		0.0000e+00
   34.97		0.0000e+00
   34.98		0.0000e+00
   34.99		0.0000e+00
   35.00		0.0000e+00
   35.01		0.0000e+00
   35.02		0.0000e+00
   35.03		0.0000e+00
   35.04		0.0000e+00
   35.05		0.0000e+00
   35.06		0.0000e+00
   35.07		0.0000e+00
   35.08		0.0000e+00
   35.09		0.0000e+00
   35.10		0.0000e+00
   35.11		0.0000e+00
   35.12		0.0000e+00
   35.13		0.0000e+00
   35.14		0.0000e+00
   35.15		0.0000e+00
   35.16		0.0000e+00
   35.17		0.0000e+00
   35.18		0.0000e+00
   35.19		0.0000e+00
   35.20		0.0000e+00
   35.21		0.0000e+00
   35.22		0.0000e+00
   35.23		0.0000e+00
   35.24		0.0000e+00
   35.25		0.0000e+00
   35.26		0.0000e+00
   35.27		0.0000e+00
   35.28		0.0000e+00
   35.29		0.0000e+00
   35.30		0.0000e+00
   35.31		0.0000e+00
   35.32		0.0000e+00
   35.33		0.0000e+00
   35.34		0.0000e+00
   35.35		0.0000e+00
   35.36		0.0000e+00
   35.37		0.0000e+00
   35.38		0.0000e+00
   35.39		0.0000e+00
   35.40		0.0000e+00
   35.41		0.0000e+00
   35.42		0.0000e+00
   35.43		0.0000e+00
   35.44		0.0000e+00
   35.45		0.0000e+00
   35.46		0.0000e+00
   35.47		0.0000e+00
   35.48		0.0000e+00
   35.49		0.0000e+00
   35.50		0.0000e+00
   35.51		0.0000e+00
   35.52		0.0000e+00
   35.53		0.0000e+00
   35.54		0.0000e+00
   35.55		0.0000e+00
   35.56		0.0000e+00
   35.57		0.0000e+00
   35.58		0.0000e+00
   35.59		0.0000e+00
   35.60		0.0000e+00
   35.61		0.0000e+00
   35.62		0.0000e+00
   35.63		0.0000e+00
   35.64		0.0000e+00
   35.65		0.0000e+00
   35.66		0.0000e+00
   35.67		0.0000e+00
   35.68		0.0000e+00
   35.69		0.0000e+00
   35.70		0.0000e+00
   35.71		0.0000e+00
   35.72		0.0000e+00
   35.73		0.0000e+00
   35.74		0.0000e+00
   35.75		0.0000e+00
   35.76		0.0000e+00
   35.77		0.0000e+00
   35.78		0.0000e+00
   35.79		0.0000e+00
   35.80		0.0000e+00
   35.81		0.0000e+00
   35.82		0.0000e+00
   35.83		0.0000e+00
   35.84		0.0000e+00
   35.85		0.0000e+00
   35.86		0.0000e+00
   35.87		0.0000e+00
   35.88		0.0000e+00
   35.89		0.0000e+00
   35.90		0.0000e+00
   35.91		0.0000e+00
   35.92		0.0000e+00
   35.93		0.0000e+00
   35.94		0.0000e+00
   35.95		0.0000e+00
   35.96		0.0000e+00
   35.97		0.0000e+00
   35.98		0.0000e+00
   35.99		0.0000e+00
   36.00		0.0000e+00
   36.01		0.0000e+00
   36.02		0.0000e+00
   36.03		0.0000e+00
   36.04		0.0000e+00
   36.05		0.0000e+00
   36.06		0.0000e+00
   36.07		0.0000e+00
   36.08		0.0000e+00
   36.09		0.0000e+00
   36.10		0.0000e+00
   36.11		0.0000e+00
   36.12		0.0000e+00
   36.13		0.0000e+00
   36.14		0.0000e+00
   36.15		0.0000e+00
   36.16		0.0000e+00
   36.17		0.0000e+00
   36.18		0.0000e+00
   36.19		0.0000e+00
   36.20		0.0000e+00
   36.21		0.0000e+00
   36.22		0.0000e+00
   36.23		0.0000e+00
   36.24		0.0000e+00
   36.25		0.0000e+00
   36.26		0.0000e+00
   36.27		0.0000e+00
   36.28		0.0000e+00
   36.29		0.0000e+00
   36.30		0.0000e+00
   36.31		0.0000e+00
   36.32		0.0000e+00
   36.33		0.0000e+00
   36.34		0.0000e+00
   36.35		0.0000e+00
   36.36		0.0000e+00
   36.37		0.0000e+00
   36.38		0.0000e+00
   36.39		0.0000e+00
   36.40		0.0000e+00
   36.41		0.0000e+00
   36.42		0.0000e+00
   36.43		0.0000e+00
   36.44		0.0000e+00
   36.45		0.0000e+00
   36.46		0.0000e+00
   36.47		0.0000e+00
   36.48		0.0000e+00
   36.49		0.0000e+00
   36.50		0.0000e+00
   36.51		0.0000e+00
   36.52		0.0000e+00
   36.53		0.0000e+00
   36.54		0.0000e+00
   36.55		0.0000e+00
   36.56		0.0000e+00
   36.57		0.0000e+00
   36.58		0.0000e+00
   36.59		0.0000e+00
   36.60		0.0000e+00
   36.61		0.0000e+00
   36.62		0.0000e+00
   36.63		0.0000e+00
   36.64		0.0000e+00
   36.65		0.0000e+00
   36.66		0.0000e+00
   36.67		0.0000e+00
   36.68		0.0000e+00
   36.69		0.0000e+00
   36.70		0.0000e+00
   36.71		0.0000e+00
   36.72		0.0000e+00
   36.73		0.0000e+00
   36.74		0.0000e+00
   36.75		0.0000e+00
   36.76		0.0000e+00
   36.77		0.0000e+00
   36.78		0.0000e+00
   36.79		0.0000e+00
   36.80		0.0000e+00
   36.81		0.0000e+00
   36.82		0.0000e+00
   36.83		0.0000e+00
   36.84		0.0000e+00
   36.85		0.0000e+00
   36.86		0.0000e+00
   36.87		0.0000e+00
   36.88		0.0000e+00
   36.89		0.0000e+00
   36.90		0.0000e+00
   36.91		0.0000e+00
   36.92		0.0000e+00
   36.93		0.0000e+00
   36.94		0.0000e+00
   36.95		0.0000e+00
   36.96		0.0000e+00
   36.97		0.0000e+00
   36.98		0.0000e+00
   36.99		0.0000e+00
   37.00		0.0000e+00
   37.01		0.0000e+00
   37.02		0.0000e+00
   37.03		0.0000e+00
   37.04		0.0000e+00
   37.05		0.0000e+00
   37.06		0.0000e+00
   37.07		0.0000e+00
   37.08		0.0000e+00
   37.09		0.0000e+00
   37.10		0.0000e+00
   37.11		0.0000e+00
   37.12		0.0000e+00
   37.13		0.0000e+00
   37.14		0.0000e+00
   37.15		0.0000e+00
   37.16		0.0000e+00
   37.17		0.0000e+00
   37.18		0.0000e+00
   37.19		0.0000e+00
   37.20		0.0000e+00
   37.21		0.0000e+00
   37.22		0.0000e+00
   37.23		0.0000e+00
   37.24		0.0000e+00
   37.25		0.0000e+00
   37.26		0.0000e+00
   37.27		0.0000e+00
   37.28		0.0000e+00
   37.29		0.0000e+00
   37.30		0.0000e+00
   37.31		0.0000e+00
   37.32		0.0000e+00
   37.33		0.0000e+00
   37.34		0.0000e+00
   37.35		0.0000e+00
   37.36		0.0000e+00
   37.37		0.0000e+00
   37.38		0.0000e+00
   37.39		0.0000e+00
   37.40		0.0000e+00
   37.41		0.0000e+00
   37.42		0.0000e+00
   37.43		0.0000e+00
   37.44		0.0000e+00
   37.45		0.0000e+00
   37.46		0.0000e+00
   37.47		0.0000e+00
   37.48		0.0000e+00
   37.49		0.0000e+00
   37.50		0.0000e+00
   37.51		0.0000e+00
   37.52		0.0000e+00
   37.53		0.0000e+00
   37.54		0.0000e+00
   37.55		0.0000e+00
   37.56		0.0000e+00
   37.57		0.0000e+00
   37.58		0.0000e+00
   37.59		0.0000e+00
   37.60		0.0000e+00
   37.61		0.0000e+00
   37.62		0.0000e+00
   37.63		0.0000e+00
   37.64		0.0000e+00
   37.65		0.0000e+00
   37.66		0.0000e+00
   37.67		0.0000e+00
   37.68		0.0000e+00
   37.69		0.0000e+00
   37.70		0.0000e+00
   37.71		0.0000e+00
   37.72		0.0000e+00
   37.73		0.0000e+00
   37.74		0.0000e+00
   37.75		0.0000e+00
   37.76		0.0000e+00
   37.77		0.0000e+00
   37.78		0.0000e+00
   37.79		0.0000e+00
   37.80		0.0000e+00
   37.81		0.0000e+00
   37.82		0.0000e+00
   37.83		0.0000e+00
   37.84		0.0000e+00
   37.85		0.0000e+00
   37.86		0.0000e+00
   37.87		0.0000e+00
   37.88		0.0000e+00
   37.89		0.0000e+00
   37.90		0.0000e+00
   37.91		0.0000e+00
   37.92		0.0000e+00
   37.93		0.0000e+00
   37.94		0.0000e+00
   37.95		0.0000e+00
   37.96		0.0000e+00
   37.97		0.0000e+00
   37.98		0.0000e+00
   37.99		0.0000e+00
   38.00		0.0000e+00
   38.01		0.0000e+00
   38.02		0.0000e+00
   38.03		0.0000e+00
   38.04		0.0000e+00
   38.05		0.0000e+00
   38.06		0.0000e+00
   38.07		0.0000e+00
   38.08		0.0000e+00
   38.09		0.0000e+00
   38.10		0.0000e+00
   38.11		0.0000e+00
   38.12		0.0000e+00
   38.13		0.0000e+00
   38.14		0.0000e+00
   38.15		0.0000e+00
   38.16		0.0000e+00
   38.17		0.0000e+00
   38.18		0.0000e+00
   38.19		0.0000e+00
   38.20		0.0000e+00
   38.21		0.0000e+00
   38.22		0.0000e+00
   38.23		0.0000e+00
   38.24		0.0000e+00
   38.25		0.0000e+00
   38.26		0.0000e+00
   38.27		0.0000e+00
   38.28		0.0000e+00
   38.29		0.0000e+00
   38.30		0.0000e+00
   38.31		0.0000e+00
   38.32		0.0000e+00
   38.33		0.0000e+00
   38.34		0.0000e+00
   38.35		0.0000e+00
   38.36		0.0000e+00
   38.37		0.0000e+00
   38.38		0.0000e+00
   38.39		0.0000e+00
   38.40		0.0000e+00
   38.41		0.0000e+00
   38.42		0.0000e+00
   38.43		0.0000e+00
   38.44		0.0000e+00
   38.45		0.0000e+00
