  0.0000000E+00  0.0000000E+00
  0.2000000      6.0420185E+22
  0.4000000      2.3441495E+23
  0.6000000      8.6777123E+23
  0.8000000      2.0558419E+24
   1.000000      3.2720446E+24
   1.200000      4.4634584E+24
   1.400000      5.6331652E+24
   1.600000      7.1087635E+24
   1.800000      9.2709906E+24
   2.000000      1.2145046E+25
   2.200000      1.4721252E+25
   2.400000      1.6083359E+25
   2.600000      1.6152075E+25
   2.800000      1.4942846E+25
   3.000000      1.3061602E+25
   3.200000      1.1151618E+25
   3.400000      9.5693488E+24
   3.600000      8.4160163E+24
   3.800000      7.8927346E+24
   4.000000      7.9642791E+24
   4.200000      8.3617142E+24
   4.400000      8.8296614E+24
   4.600000      9.1618475E+24
   4.800000      9.0653751E+24
   5.000000      8.3208414E+24
   5.200000      7.1961244E+24
   5.400000      6.0469759E+24
   5.600000      5.0347327E+24
   5.800000      4.2310011E+24
   6.000000      3.6595406E+24
   6.200000      3.2010675E+24
   6.400000      2.8556641E+24
   6.600000      2.6711038E+24
   6.800000      2.6415152E+24
   7.000000      2.6896318E+24
   7.200000      2.7670681E+24
   7.400000      2.8619452E+24
   7.600000      2.9932970E+24
   7.800000      3.1690685E+24
   8.000000      3.3964459E+24
   8.200000      3.6650896E+24
   8.400001      3.9258833E+24
   8.600000      4.1113483E+24
   8.800000      4.1499375E+24
   9.000000      3.9916379E+24
   9.200000      3.6365168E+24
   9.400001      3.1507307E+24
   9.600000      2.6362029E+24
   9.800000      2.1668417E+24
   10.00000      1.7674882E+24
   10.20000      1.4435121E+24
   10.40000      1.1864777E+24
   10.60000      9.8258341E+23
   10.80000      8.2574198E+23
   11.00000      7.1245743E+23
   11.20000      6.3459531E+23
   11.40000      5.7808626E+23
   11.60000      5.3356746E+23
   11.80000      4.9673209E+23
   12.00000      4.6223650E+23
   12.20000      4.2226838E+23
   12.40000      3.7906189E+23
   12.60000      3.3989329E+23
   12.80000      3.0969309E+23
   13.00000      2.8600452E+23
   13.20000      2.6485630E+23
   13.40000      2.4323099E+23
   13.60000      2.2079259E+23
   13.80000      1.9809108E+23
   14.00000      1.7558432E+23
   14.20000      1.5354070E+23
   14.40000      1.3226155E+23
   14.60000      1.1203530E+23
   14.80000      9.3105581E+22
   15.00000      7.5841338E+22
   15.20000      6.0539539E+22
   15.40000      4.7373180E+22
   15.60000      3.6331804E+22
   15.80000      2.7234609E+22
   16.00000      1.9822220E+22
   16.20000      1.3832729E+22
   16.40000      9.0859087E+21
   16.60000      5.4684204E+21
   16.80000      2.9229324E+21
   17.00000      1.3375477E+21
   17.20000      4.8919503E+20
   17.40000      1.3232840E+20
   17.60000      1.9029600E+19
   17.80000      0.0000000E+00
   18.00000      0.0000000E+00
   18.20000      0.0000000E+00
   18.40000      0.0000000E+00
   18.60000      0.0000000E+00
   18.80000      0.0000000E+00
   19.00000      0.0000000E+00
   19.20000      0.0000000E+00
   19.40000      0.0000000E+00
   19.60000      0.0000000E+00
   19.80000      0.0000000E+00
   20.00000      0.0000000E+00
   20.20000      0.0000000E+00
   20.40000      0.0000000E+00
   20.60000      0.0000000E+00
   20.80000      0.0000000E+00
   21.00000      0.0000000E+00
   21.20000      0.0000000E+00
   21.40000      0.0000000E+00
   21.60000      0.0000000E+00
   21.80000      0.0000000E+00
   22.00000      0.0000000E+00
   22.20000      0.0000000E+00
   22.40000      0.0000000E+00
   22.60000      0.0000000E+00
   22.80000      0.0000000E+00
   23.00000      0.0000000E+00
   23.20000      0.0000000E+00
   23.40000      0.0000000E+00
   23.60000      0.0000000E+00
   23.80000      0.0000000E+00
   24.00000      0.0000000E+00
   24.20000      0.0000000E+00
   24.40000      0.0000000E+00
   24.60000      0.0000000E+00
   24.80000      0.0000000E+00
   25.00000      0.0000000E+00
   25.20000      0.0000000E+00
   25.40000      0.0000000E+00
   25.60000      0.0000000E+00
   25.80000      0.0000000E+00
   26.00000      0.0000000E+00
   26.20000      0.0000000E+00
   26.40000      0.0000000E+00
   26.60000      0.0000000E+00
   26.80000      0.0000000E+00
   27.00000      0.0000000E+00
   27.20000      0.0000000E+00
   27.40000      0.0000000E+00
   27.60000      0.0000000E+00
   27.80000      0.0000000E+00
   28.00000      0.0000000E+00
   28.20000      0.0000000E+00
   28.40000      0.0000000E+00
   28.60000      0.0000000E+00
   28.80000      0.0000000E+00
   29.00000      0.0000000E+00
   29.20000      0.0000000E+00
   29.40000      0.0000000E+00
   29.60000      0.0000000E+00
   29.80000      0.0000000E+00
   30.00000      0.0000000E+00
   30.20000      0.0000000E+00
   30.40000      0.0000000E+00
   30.60000      0.0000000E+00
   30.80000      0.0000000E+00
   31.00000      0.0000000E+00
   31.20000      0.0000000E+00
   31.40000      0.0000000E+00
   31.60000      0.0000000E+00
   31.80000      0.0000000E+00
   32.00000      0.0000000E+00
   32.20000      0.0000000E+00
   32.40000      0.0000000E+00
   32.60000      0.0000000E+00
   32.80000      0.0000000E+00
   33.00000      0.0000000E+00
   33.20000      0.0000000E+00
   33.40000      0.0000000E+00
   33.60000      0.0000000E+00
   33.80000      0.0000000E+00
   34.00000      0.0000000E+00
   34.20000      0.0000000E+00
   34.40000      0.0000000E+00
   34.60000      0.0000000E+00
   34.80000      0.0000000E+00
   35.00000      0.0000000E+00
   35.20000      0.0000000E+00
   35.40000      0.0000000E+00
   35.60000      0.0000000E+00
   35.80000      0.0000000E+00
   36.00000      0.0000000E+00
   36.20000      0.0000000E+00
   36.40000      0.0000000E+00
   36.60000      0.0000000E+00
   36.80000      0.0000000E+00
   37.00000      0.0000000E+00
   37.20000      0.0000000E+00
   37.40000      0.0000000E+00
   37.60000      0.0000000E+00
   37.80000      0.0000000E+00
   38.00000      0.0000000E+00
   38.20000      0.0000000E+00
   38.40000      0.0000000E+00
   38.60000      0.0000000E+00
   38.80000      0.0000000E+00
   39.00000      0.0000000E+00
   39.20000      0.0000000E+00
   39.40000      0.0000000E+00
   39.60000      0.0000000E+00
   39.80000      0.0000000E+00
   40.00000      0.0000000E+00
   40.20000      0.0000000E+00
   40.40000      0.0000000E+00
   40.60000      0.0000000E+00
   40.80000      0.0000000E+00
   41.00000      0.0000000E+00
   41.20000      0.0000000E+00
   41.40000      0.0000000E+00
   41.60000      0.0000000E+00
   41.80000      0.0000000E+00
   42.00000      0.0000000E+00
   42.20000      0.0000000E+00
   42.40000      0.0000000E+00
   42.60000      0.0000000E+00
   42.80000      0.0000000E+00
   43.00000      0.0000000E+00
   43.20000      0.0000000E+00
   43.40000      0.0000000E+00
   43.60000      0.0000000E+00
   43.80000      0.0000000E+00
   44.00000      0.0000000E+00
   44.20000      0.0000000E+00
   44.40000      0.0000000E+00
   44.60000      0.0000000E+00
   44.80000      0.0000000E+00
   45.00000      0.0000000E+00
   45.20000      0.0000000E+00
   45.40000      0.0000000E+00
   45.60000      0.0000000E+00
   45.80000      0.0000000E+00
   46.00000      0.0000000E+00
   46.20000      0.0000000E+00
   46.40000      0.0000000E+00
   46.60000      0.0000000E+00
   46.80000      0.0000000E+00
   47.00000      0.0000000E+00
   47.20000      0.0000000E+00
   47.40000      0.0000000E+00
   47.60000      0.0000000E+00
   47.80000      0.0000000E+00
   48.00000      0.0000000E+00
   48.20000      0.0000000E+00
   48.40000      0.0000000E+00
   48.60000      0.0000000E+00
   48.80000      0.0000000E+00
   49.00000      0.0000000E+00
   49.20000      0.0000000E+00
   49.40000      0.0000000E+00
   49.60000      0.0000000E+00
   49.80000      0.0000000E+00
   50.00000      0.0000000E+00
   50.20000      0.0000000E+00
   50.40000      0.0000000E+00
   50.60000      0.0000000E+00
   50.80000      0.0000000E+00
   51.00000      0.0000000E+00
   51.20000      0.0000000E+00
   51.40000      0.0000000E+00
   51.60000      0.0000000E+00
   51.80000      0.0000000E+00
   52.00000      0.0000000E+00
   52.20000      0.0000000E+00
   52.40000      0.0000000E+00
   52.60000      0.0000000E+00
   52.80000      0.0000000E+00
   53.00000      0.0000000E+00
   53.20000      0.0000000E+00
   53.40000      0.0000000E+00
   53.60000      0.0000000E+00
   53.80000      0.0000000E+00
   54.00000      0.0000000E+00
   54.20000      0.0000000E+00
   54.40000      0.0000000E+00
   54.60000      0.0000000E+00
   54.80000      0.0000000E+00
   55.00000      0.0000000E+00
   55.20000      0.0000000E+00
   55.40000      0.0000000E+00
   55.60000      0.0000000E+00
   55.80000      0.0000000E+00
   56.00000      0.0000000E+00
   56.20000      0.0000000E+00
   56.40000      0.0000000E+00
   56.60000      0.0000000E+00
   56.80000      0.0000000E+00
   57.00000      0.0000000E+00
   57.20000      0.0000000E+00
   57.40000      0.0000000E+00
   57.60000      0.0000000E+00
   57.80000      0.0000000E+00
   58.00000      0.0000000E+00
   58.20000      0.0000000E+00
   58.40000      0.0000000E+00
   58.60000      0.0000000E+00
   58.80000      0.0000000E+00
   59.00000      0.0000000E+00
   59.20000      0.0000000E+00
   59.40000      0.0000000E+00
   59.60000      0.0000000E+00
   59.80000      0.0000000E+00
   60.00000      0.0000000E+00
   60.20000      0.0000000E+00
   60.40000      0.0000000E+00
   60.60000      0.0000000E+00
   60.80000      0.0000000E+00
   61.00000      0.0000000E+00
   61.20000      0.0000000E+00
   61.40000      0.0000000E+00
   61.60000      0.0000000E+00
   61.80000      0.0000000E+00
   62.00000      0.0000000E+00
   62.20000      0.0000000E+00
   62.40000      0.0000000E+00
   62.60000      0.0000000E+00
   62.80000      0.0000000E+00
   63.00000      0.0000000E+00
   63.20000      0.0000000E+00
   63.40000      0.0000000E+00
   63.60000      0.0000000E+00
   63.80000      0.0000000E+00
   64.00000      0.0000000E+00
   64.20000      0.0000000E+00
   64.40000      0.0000000E+00
   64.60000      0.0000000E+00
   64.80000      0.0000000E+00
   65.00000      0.0000000E+00
   65.20000      0.0000000E+00
   65.40000      0.0000000E+00
   65.60000      0.0000000E+00
   65.80000      0.0000000E+00
   66.00000      0.0000000E+00
   66.20000      0.0000000E+00
   66.40000      0.0000000E+00
   66.60000      0.0000000E+00
   66.80000      0.0000000E+00
   67.00000      0.0000000E+00
   67.20000      0.0000000E+00
   67.40000      0.0000000E+00
   67.60000      0.0000000E+00
   67.80000      0.0000000E+00
   68.00000      0.0000000E+00
   68.20000      0.0000000E+00
   68.40000      0.0000000E+00
   68.60000      0.0000000E+00
   68.80000      0.0000000E+00
   69.00000      0.0000000E+00
   69.20000      0.0000000E+00
   69.40000      0.0000000E+00
   69.60000      0.0000000E+00
   69.80000      0.0000000E+00
   70.00000      0.0000000E+00
   70.20000      0.0000000E+00
   70.40000      0.0000000E+00
   70.60000      0.0000000E+00
   70.80000      0.0000000E+00
   71.00000      0.0000000E+00
   71.20000      0.0000000E+00
   71.40000      0.0000000E+00
   71.60000      0.0000000E+00
   71.80000      0.0000000E+00
   72.00000      0.0000000E+00
   72.20000      0.0000000E+00
   72.40000      0.0000000E+00
   72.60000      0.0000000E+00
   72.80000      0.0000000E+00
   73.00000      0.0000000E+00
   73.20000      0.0000000E+00
   73.40000      0.0000000E+00
   73.60000      0.0000000E+00
   73.80000      0.0000000E+00
   74.00000      0.0000000E+00
   74.20000      0.0000000E+00
   74.40000      0.0000000E+00
   74.60000      0.0000000E+00
   74.80000      0.0000000E+00
   75.00000      0.0000000E+00
   75.20000      0.0000000E+00
   75.40000      0.0000000E+00
   75.60000      0.0000000E+00
   75.80000      0.0000000E+00
   76.00000      0.0000000E+00
   76.20000      0.0000000E+00
   76.40000      0.0000000E+00
   76.60000      0.0000000E+00
   76.80000      0.0000000E+00
   77.00000      0.0000000E+00
   77.20000      0.0000000E+00
   77.40000      0.0000000E+00
   77.60000      0.0000000E+00
   77.80000      0.0000000E+00
   78.00000      0.0000000E+00
   78.20000      0.0000000E+00
   78.40000      0.0000000E+00
   78.60000      0.0000000E+00
   78.80000      0.0000000E+00
   79.00000      0.0000000E+00
   79.20000      0.0000000E+00
   79.40000      0.0000000E+00
   79.60000      0.0000000E+00
   79.80000      0.0000000E+00
   80.00000      0.0000000E+00
   80.20000      0.0000000E+00
   80.40000      0.0000000E+00
   80.60000      0.0000000E+00
   80.80000      0.0000000E+00
   81.00000      0.0000000E+00
   81.20000      0.0000000E+00
   81.40000      0.0000000E+00
   81.60000      0.0000000E+00
   81.80000      0.0000000E+00
   82.00000      0.0000000E+00
   82.20000      0.0000000E+00
   82.40000      0.0000000E+00
   82.60000      0.0000000E+00
   82.80000      0.0000000E+00
   83.00000      0.0000000E+00
   83.20000      0.0000000E+00
   83.40000      0.0000000E+00
   83.60000      0.0000000E+00
   83.80000      0.0000000E+00
   84.00000      0.0000000E+00
   84.20000      0.0000000E+00
   84.40000      0.0000000E+00
   84.60000      0.0000000E+00
   84.80000      0.0000000E+00
   85.00000      0.0000000E+00
   85.20000      0.0000000E+00
   85.40000      0.0000000E+00
   85.60000      0.0000000E+00
   85.80000      0.0000000E+00
   86.00000      0.0000000E+00
   86.20000      0.0000000E+00
   86.40000      0.0000000E+00
   86.60000      0.0000000E+00
   86.80000      0.0000000E+00
   87.00000      0.0000000E+00
   87.20000      0.0000000E+00
   87.40000      0.0000000E+00
   87.60000      0.0000000E+00
   87.80000      0.0000000E+00
   88.00000      0.0000000E+00
   88.20000      0.0000000E+00
   88.40000      0.0000000E+00
   88.60000      0.0000000E+00
   88.80000      0.0000000E+00
   89.00000      0.0000000E+00
   89.20000      0.0000000E+00
   89.40000      0.0000000E+00
   89.60000      0.0000000E+00
   89.80000      0.0000000E+00
   90.00000      0.0000000E+00
   90.20000      0.0000000E+00
   90.40000      0.0000000E+00
   90.60000      0.0000000E+00
   90.80000      0.0000000E+00
   91.00000      0.0000000E+00
   91.20000      0.0000000E+00
   91.40000      0.0000000E+00
   91.60000      0.0000000E+00
   91.80000      0.0000000E+00
   92.00000      0.0000000E+00
   92.20000      0.0000000E+00
   92.40000      0.0000000E+00
   92.60000      0.0000000E+00
   92.80000      0.0000000E+00
   93.00000      0.0000000E+00
   93.20000      0.0000000E+00
   93.40000      0.0000000E+00
   93.60000      0.0000000E+00
   93.80000      0.0000000E+00
   94.00000      0.0000000E+00
   94.20000      0.0000000E+00
   94.40000      0.0000000E+00
   94.60000      0.0000000E+00
   94.80000      0.0000000E+00
   95.00000      0.0000000E+00
   95.20000      0.0000000E+00
   95.40000      0.0000000E+00
   95.60000      0.0000000E+00
   95.80000      0.0000000E+00
   96.00000      0.0000000E+00
   96.20000      0.0000000E+00
   96.40000      0.0000000E+00
   96.60000      0.0000000E+00
   96.80000      0.0000000E+00
   97.00000      0.0000000E+00
   97.20000      0.0000000E+00
   97.40000      0.0000000E+00
   97.60000      0.0000000E+00
   97.80000      0.0000000E+00
   98.00000      0.0000000E+00
   98.20000      0.0000000E+00
   98.40000      0.0000000E+00
   98.60000      0.0000000E+00
   98.80000      0.0000000E+00
   99.00000      0.0000000E+00
   99.20000      0.0000000E+00
   99.40000      0.0000000E+00
   99.60000      0.0000000E+00
   99.80000      0.0000000E+00
   100.0000      0.0000000E+00
   100.2000      0.0000000E+00
   100.4000      0.0000000E+00
   100.6000      0.0000000E+00
   100.8000      0.0000000E+00
   101.0000      0.0000000E+00
   101.2000      0.0000000E+00
   101.4000      0.0000000E+00
   101.6000      0.0000000E+00
   101.8000      0.0000000E+00
   102.0000      0.0000000E+00
   102.2000      0.0000000E+00
   102.4000      0.0000000E+00
   102.6000      0.0000000E+00
   102.8000      0.0000000E+00
   103.0000      0.0000000E+00
   103.2000      0.0000000E+00
   103.4000      0.0000000E+00
   103.6000      0.0000000E+00
   103.8000      0.0000000E+00
   104.0000      0.0000000E+00
   104.2000      0.0000000E+00
   104.4000      0.0000000E+00
   104.6000      0.0000000E+00
   104.8000      0.0000000E+00
   105.0000      0.0000000E+00
   105.2000      0.0000000E+00
   105.4000      0.0000000E+00
   105.6000      0.0000000E+00
   105.8000      0.0000000E+00
   106.0000      0.0000000E+00
   106.2000      0.0000000E+00
   106.4000      0.0000000E+00
   106.6000      0.0000000E+00
   106.8000      0.0000000E+00
   107.0000      0.0000000E+00
   107.2000      0.0000000E+00
   107.4000      0.0000000E+00
   107.6000      0.0000000E+00
   107.8000      0.0000000E+00
   108.0000      0.0000000E+00
   108.2000      0.0000000E+00
   108.4000      0.0000000E+00
   108.6000      0.0000000E+00
   108.8000      0.0000000E+00
   109.0000      0.0000000E+00
   109.2000      0.0000000E+00
   109.4000      0.0000000E+00
   109.6000      0.0000000E+00
   109.8000      0.0000000E+00
   110.0000      0.0000000E+00
   110.2000      0.0000000E+00
   110.4000      0.0000000E+00
   110.6000      0.0000000E+00
   110.8000      0.0000000E+00
   111.0000      0.0000000E+00
   111.2000      0.0000000E+00
   111.4000      0.0000000E+00
   111.6000      0.0000000E+00
   111.8000      0.0000000E+00
   112.0000      0.0000000E+00
   112.2000      0.0000000E+00
   112.4000      0.0000000E+00
   112.6000      0.0000000E+00
   112.8000      0.0000000E+00
   113.0000      0.0000000E+00
   113.2000      0.0000000E+00
   113.4000      0.0000000E+00
   113.6000      0.0000000E+00
   113.8000      0.0000000E+00
   114.0000      0.0000000E+00
   114.2000      0.0000000E+00
   114.4000      0.0000000E+00
   114.6000      0.0000000E+00
   114.8000      0.0000000E+00
   115.0000      0.0000000E+00
   115.2000      0.0000000E+00
   115.4000      0.0000000E+00
   115.6000      0.0000000E+00
   115.8000      0.0000000E+00
   116.0000      0.0000000E+00
   116.2000      0.0000000E+00
   116.4000      0.0000000E+00
   116.6000      0.0000000E+00
   116.8000      0.0000000E+00
   117.0000      0.0000000E+00
   117.2000      0.0000000E+00
   117.4000      0.0000000E+00
   117.6000      0.0000000E+00
   117.8000      0.0000000E+00
   118.0000      0.0000000E+00
   118.2000      0.0000000E+00
   118.4000      0.0000000E+00
   118.6000      0.0000000E+00
   118.8000      0.0000000E+00
   119.0000      0.0000000E+00
   119.2000      0.0000000E+00
   119.4000      0.0000000E+00
   119.6000      0.0000000E+00
   119.8000      0.0000000E+00
   120.0000      0.0000000E+00
   120.2000      0.0000000E+00
   120.4000      0.0000000E+00
   120.6000      0.0000000E+00
   120.8000      0.0000000E+00
   121.0000      0.0000000E+00
   121.2000      0.0000000E+00
   121.4000      0.0000000E+00
   121.6000      0.0000000E+00
   121.8000      0.0000000E+00
   122.0000      0.0000000E+00
   122.2000      0.0000000E+00
   122.4000      0.0000000E+00
   122.6000      0.0000000E+00
   122.8000      0.0000000E+00
   123.0000      0.0000000E+00
   123.2000      0.0000000E+00
   123.4000      0.0000000E+00
   123.6000      0.0000000E+00
   123.8000      0.0000000E+00
   124.0000      0.0000000E+00
   124.2000      0.0000000E+00
   124.4000      0.0000000E+00
   124.6000      0.0000000E+00
   124.8000      0.0000000E+00
   125.0000      0.0000000E+00
   125.2000      0.0000000E+00
   125.4000      0.0000000E+00
   125.6000      0.0000000E+00
   125.8000      0.0000000E+00
   126.0000      0.0000000E+00
   126.2000      0.0000000E+00
   126.4000      0.0000000E+00
   126.6000      0.0000000E+00
   126.8000      0.0000000E+00
   127.0000      0.0000000E+00
   127.2000      0.0000000E+00
   127.4000      0.0000000E+00
   127.6000      0.0000000E+00
   127.8000      0.0000000E+00
   128.0000      0.0000000E+00
   128.2000      0.0000000E+00
   128.4000      0.0000000E+00
   128.6000      0.0000000E+00
   128.8000      0.0000000E+00
   129.0000      0.0000000E+00
   129.2000      0.0000000E+00
   129.4000      0.0000000E+00
   129.6000      0.0000000E+00
   129.8000      0.0000000E+00
   130.0000      0.0000000E+00
   130.2000      0.0000000E+00
   130.4000      0.0000000E+00
   130.6000      0.0000000E+00
   130.8000      0.0000000E+00
   131.0000      0.0000000E+00
   131.2000      0.0000000E+00
   131.4000      0.0000000E+00
   131.6000      0.0000000E+00
   131.8000      0.0000000E+00
   132.0000      0.0000000E+00
   132.2000      0.0000000E+00
   132.4000      0.0000000E+00
   132.6000      0.0000000E+00
   132.8000      0.0000000E+00
   133.0000      0.0000000E+00
   133.2000      0.0000000E+00
   133.4000      0.0000000E+00
   133.6000      0.0000000E+00
   133.8000      0.0000000E+00
   134.0000      0.0000000E+00
   134.2000      0.0000000E+00
   134.4000      0.0000000E+00
   134.6000      0.0000000E+00
   134.8000      0.0000000E+00
   135.0000      0.0000000E+00
   135.2000      0.0000000E+00
   135.4000      0.0000000E+00
   135.6000      0.0000000E+00
   135.8000      0.0000000E+00
   136.0000      0.0000000E+00
   136.2000      0.0000000E+00
   136.4000      0.0000000E+00
   136.6000      0.0000000E+00
   136.8000      0.0000000E+00
   137.0000      0.0000000E+00
   137.2000      0.0000000E+00
   137.4000      0.0000000E+00
   137.6000      0.0000000E+00
   137.8000      0.0000000E+00
   138.0000      0.0000000E+00
   138.2000      0.0000000E+00
   138.4000      0.0000000E+00
   138.6000      0.0000000E+00
   138.8000      0.0000000E+00
   139.0000      0.0000000E+00
   139.2000      0.0000000E+00
   139.4000      0.0000000E+00
   139.6000      0.0000000E+00
   139.8000      0.0000000E+00
   140.0000      0.0000000E+00
   140.2000      0.0000000E+00
   140.4000      0.0000000E+00
   140.6000      0.0000000E+00
   140.8000      0.0000000E+00
   141.0000      0.0000000E+00
   141.2000      0.0000000E+00
   141.4000      0.0000000E+00
   141.6000      0.0000000E+00
   141.8000      0.0000000E+00
   142.0000      0.0000000E+00
   142.2000      0.0000000E+00
   142.4000      0.0000000E+00
   142.6000      0.0000000E+00
   142.8000      0.0000000E+00
   143.0000      0.0000000E+00
   143.2000      0.0000000E+00
   143.4000      0.0000000E+00
   143.6000      0.0000000E+00
   143.8000      0.0000000E+00
   144.0000      0.0000000E+00
   144.2000      0.0000000E+00
   144.4000      0.0000000E+00
   144.6000      0.0000000E+00
   144.8000      0.0000000E+00
   145.0000      0.0000000E+00
   145.2000      0.0000000E+00
   145.4000      0.0000000E+00
   145.6000      0.0000000E+00
   145.8000      0.0000000E+00
   146.0000      0.0000000E+00
   146.2000      0.0000000E+00
   146.4000      0.0000000E+00
   146.6000      0.0000000E+00
   146.8000      0.0000000E+00
   147.0000      0.0000000E+00
   147.2000      0.0000000E+00
   147.4000      0.0000000E+00
   147.6000      0.0000000E+00
   147.8000      0.0000000E+00
   148.0000      0.0000000E+00
   148.2000      0.0000000E+00
   148.4000      0.0000000E+00
   148.6000      0.0000000E+00
   148.8000      0.0000000E+00
   149.0000      0.0000000E+00
   149.2000      0.0000000E+00
   149.4000      0.0000000E+00
   149.6000      0.0000000E+00
   149.8000      0.0000000E+00
   150.0000      0.0000000E+00
   150.2000      0.0000000E+00
   150.4000      0.0000000E+00
   150.6000      0.0000000E+00
   150.8000      0.0000000E+00
   151.0000      0.0000000E+00
   151.2000      0.0000000E+00
   151.4000      0.0000000E+00
   151.6000      0.0000000E+00
   151.8000      0.0000000E+00
   152.0000      0.0000000E+00
   152.2000      0.0000000E+00
   152.4000      0.0000000E+00
   152.6000      0.0000000E+00
   152.8000      0.0000000E+00
   153.0000      0.0000000E+00
   153.2000      0.0000000E+00
   153.4000      0.0000000E+00
   153.6000      0.0000000E+00
   153.8000      0.0000000E+00
   154.0000      0.0000000E+00
   154.2000      0.0000000E+00
   154.4000      0.0000000E+00
   154.6000      0.0000000E+00
   154.8000      0.0000000E+00
   155.0000      0.0000000E+00
   155.2000      0.0000000E+00
   155.4000      0.0000000E+00
   155.6000      0.0000000E+00
   155.8000      0.0000000E+00
   156.0000      0.0000000E+00
   156.2000      0.0000000E+00
   156.4000      0.0000000E+00
   156.6000      0.0000000E+00
   156.8000      0.0000000E+00
   157.0000      0.0000000E+00
   157.2000      0.0000000E+00
   157.4000      0.0000000E+00
   157.6000      0.0000000E+00
   157.8000      0.0000000E+00
   158.0000      0.0000000E+00
   158.2000      0.0000000E+00
   158.4000      0.0000000E+00
   158.6000      0.0000000E+00
   158.8000      0.0000000E+00
   159.0000      0.0000000E+00
   159.2000      0.0000000E+00
   159.4000      0.0000000E+00
   159.6000      0.0000000E+00
   159.8000      0.0000000E+00
   160.0000      0.0000000E+00
   160.2000      0.0000000E+00
   160.4000      0.0000000E+00
   160.6000      0.0000000E+00
   160.8000      0.0000000E+00
   161.0000      0.0000000E+00
   161.2000      0.0000000E+00
   161.4000      0.0000000E+00
   161.6000      0.0000000E+00
   161.8000      0.0000000E+00
   162.0000      0.0000000E+00
   162.2000      0.0000000E+00
   162.4000      0.0000000E+00
   162.6000      0.0000000E+00
   162.8000      0.0000000E+00
   163.0000      0.0000000E+00
   163.2000      0.0000000E+00
   163.4000      0.0000000E+00
   163.6000      0.0000000E+00
   163.8000      0.0000000E+00
   164.0000      0.0000000E+00
   164.2000      0.0000000E+00
   164.4000      0.0000000E+00
   164.6000      0.0000000E+00
   164.8000      0.0000000E+00
   165.0000      0.0000000E+00
   165.2000      0.0000000E+00
   165.4000      0.0000000E+00
   165.6000      0.0000000E+00
   165.8000      0.0000000E+00
   166.0000      0.0000000E+00
   166.2000      0.0000000E+00
   166.4000      0.0000000E+00
   166.6000      0.0000000E+00
   166.8000      0.0000000E+00
   167.0000      0.0000000E+00
   167.2000      0.0000000E+00
   167.4000      0.0000000E+00
   167.6000      0.0000000E+00
   167.8000      0.0000000E+00
   168.0000      0.0000000E+00
   168.2000      0.0000000E+00
   168.4000      0.0000000E+00
   168.6000      0.0000000E+00
   168.8000      0.0000000E+00
   169.0000      0.0000000E+00
   169.2000      0.0000000E+00
   169.4000      0.0000000E+00
   169.6000      0.0000000E+00
   169.8000      0.0000000E+00
   170.0000      0.0000000E+00
   170.2000      0.0000000E+00
   170.4000      0.0000000E+00
   170.6000      0.0000000E+00
   170.8000      0.0000000E+00
   171.0000      0.0000000E+00
   171.2000      0.0000000E+00
   171.4000      0.0000000E+00
   171.6000      0.0000000E+00
   171.8000      0.0000000E+00
   172.0000      0.0000000E+00
   172.2000      0.0000000E+00
   172.4000      0.0000000E+00
   172.6000      0.0000000E+00
   172.8000      0.0000000E+00
   173.0000      0.0000000E+00
   173.2000      0.0000000E+00
   173.4000      0.0000000E+00
   173.6000      0.0000000E+00
   173.8000      0.0000000E+00
   174.0000      0.0000000E+00
   174.2000      0.0000000E+00
   174.4000      0.0000000E+00
   174.6000      0.0000000E+00
   174.8000      0.0000000E+00
   175.0000      0.0000000E+00
   175.2000      0.0000000E+00
   175.4000      0.0000000E+00
   175.6000      0.0000000E+00
   175.8000      0.0000000E+00
   176.0000      0.0000000E+00
   176.2000      0.0000000E+00
   176.4000      0.0000000E+00
   176.6000      0.0000000E+00
   176.8000      0.0000000E+00
   177.0000      0.0000000E+00
   177.2000      0.0000000E+00
   177.4000      0.0000000E+00
   177.6000      0.0000000E+00
   177.8000      0.0000000E+00
   178.0000      0.0000000E+00
   178.2000      0.0000000E+00
   178.4000      0.0000000E+00
   178.6000      0.0000000E+00
   178.8000      0.0000000E+00
   179.0000      0.0000000E+00
   179.2000      0.0000000E+00
   179.4000      0.0000000E+00
   179.6000      0.0000000E+00
   179.8000      0.0000000E+00
   180.0000      0.0000000E+00
   180.2000      0.0000000E+00
   180.4000      0.0000000E+00
   180.6000      0.0000000E+00
   180.8000      0.0000000E+00
   181.0000      0.0000000E+00
   181.2000      0.0000000E+00
   181.4000      0.0000000E+00
   181.6000      0.0000000E+00
   181.8000      0.0000000E+00
   182.0000      0.0000000E+00
   182.2000      0.0000000E+00
   182.4000      0.0000000E+00
   182.6000      0.0000000E+00
   182.8000      0.0000000E+00
   183.0000      0.0000000E+00
   183.2000      0.0000000E+00
   183.4000      0.0000000E+00
   183.6000      0.0000000E+00
   183.8000      0.0000000E+00
   184.0000      0.0000000E+00
   184.2000      0.0000000E+00
   184.4000      0.0000000E+00
   184.6000      0.0000000E+00
   184.8000      0.0000000E+00
   185.0000      0.0000000E+00
   185.2000      0.0000000E+00
   185.4000      0.0000000E+00
   185.6000      0.0000000E+00
   185.8000      0.0000000E+00
   186.0000      0.0000000E+00
   186.2000      0.0000000E+00
   186.4000      0.0000000E+00
   186.6000      0.0000000E+00
   186.8000      0.0000000E+00
   187.0000      0.0000000E+00
   187.2000      0.0000000E+00
   187.4000      0.0000000E+00
   187.6000      0.0000000E+00
   187.8000      0.0000000E+00
   188.0000      0.0000000E+00
   188.2000      0.0000000E+00
   188.4000      0.0000000E+00
   188.6000      0.0000000E+00
   188.8000      0.0000000E+00
   189.0000      0.0000000E+00
   189.2000      0.0000000E+00
   189.4000      0.0000000E+00
   189.6000      0.0000000E+00
   189.8000      0.0000000E+00
   190.0000      0.0000000E+00
   190.2000      0.0000000E+00
   190.4000      0.0000000E+00
   190.6000      0.0000000E+00
   190.8000      0.0000000E+00
   191.0000      0.0000000E+00
   191.2000      0.0000000E+00
   191.4000      0.0000000E+00
   191.6000      0.0000000E+00
   191.8000      0.0000000E+00
   192.0000      0.0000000E+00
   192.2000      0.0000000E+00
   192.4000      0.0000000E+00
   192.6000      0.0000000E+00
   192.8000      0.0000000E+00
   193.0000      0.0000000E+00
   193.2000      0.0000000E+00
   193.4000      0.0000000E+00
   193.6000      0.0000000E+00
   193.8000      0.0000000E+00
   194.0000      0.0000000E+00
   194.2000      0.0000000E+00
   194.4000      0.0000000E+00
   194.6000      0.0000000E+00
   194.8000      0.0000000E+00
   195.0000      0.0000000E+00
   195.2000      0.0000000E+00
   195.4000      0.0000000E+00
   195.6000      0.0000000E+00
   195.8000      0.0000000E+00
   196.0000      0.0000000E+00
   196.2000      0.0000000E+00
   196.4000      0.0000000E+00
   196.6000      0.0000000E+00
   196.8000      0.0000000E+00
   197.0000      0.0000000E+00
   197.2000      0.0000000E+00
   197.4000      0.0000000E+00
   197.6000      0.0000000E+00
   197.8000      0.0000000E+00
   198.0000      0.0000000E+00
   198.2000      0.0000000E+00
   198.4000      0.0000000E+00
   198.6000      0.0000000E+00
   198.8000      0.0000000E+00
   199.0000      0.0000000E+00
   199.2000      0.0000000E+00
   199.4000      0.0000000E+00
   199.6000      0.0000000E+00
   199.8000      0.0000000E+00
   200.0000      0.0000000E+00
   200.2000      0.0000000E+00
   200.4000      0.0000000E+00
   200.6000      0.0000000E+00
   200.8000      0.0000000E+00
   201.0000      0.0000000E+00
   201.2000      0.0000000E+00
   201.4000      0.0000000E+00
   201.6000      0.0000000E+00
   201.8000      0.0000000E+00
   202.0000      0.0000000E+00
   202.2000      0.0000000E+00
   202.4000      0.0000000E+00
   202.6000      0.0000000E+00
   202.8000      0.0000000E+00
   203.0000      0.0000000E+00
   203.2000      0.0000000E+00
   203.4000      0.0000000E+00
   203.6000      0.0000000E+00
   203.8000      0.0000000E+00
   204.0000      0.0000000E+00
   204.2000      0.0000000E+00
   204.4000      0.0000000E+00
   204.6000      0.0000000E+00
