dt: 0.01
Time[s]     Moment_Rate [Nm]
    0.00		0.0000e+00
    0.01		6.1193e+11
    0.02		3.0590e+12
    0.03		8.5627e+12
    0.04		1.8341e+13
    0.05		3.3609e+13
    0.06		5.5575e+13
    0.07		8.5442e+13
    0.08		1.2440e+14
    0.09		1.7364e+14
    0.10		2.3434e+14
    0.11		3.0765e+14
    0.12		3.9474e+14
    0.13		4.9673e+14
    0.14		6.1476e+14
    0.15		7.4992e+14
    0.16		9.0332e+14
    0.17		1.0760e+15
    0.18		1.2691e+15
    0.19		1.4835e+15
    0.20		1.7204e+15
    0.21		1.9806e+15
    0.22		2.2652e+15
    0.23		2.5751e+15
    0.24		2.9112e+15
    0.25		3.2744e+15
    0.26		3.6656e+15
    0.27		4.0856e+15
    0.28		4.5353e+15
    0.29		5.0153e+15
    0.30		5.5265e+15
    0.31		6.0696e+15
    0.32		6.6452e+15
    0.33		7.2540e+15
    0.34		7.8967e+15
    0.35		8.5739e+15
    0.36		9.2860e+15
    0.37		1.0034e+16
    0.38		1.0817e+16
    0.39		1.1637e+16
    0.40		1.2494e+16
    0.41		1.3388e+16
    0.42		1.4320e+16
    0.43		1.5290e+16
    0.44		1.6297e+16
    0.45		1.7343e+16
    0.46		1.8428e+16
    0.47		1.9552e+16
    0.48		2.0714e+16
    0.49		2.1915e+16
    0.50		2.3155e+16
    0.51		2.4434e+16
    0.52		2.5752e+16
    0.53		2.7109e+16
    0.54		2.8505e+16
    0.55		2.9939e+16
    0.56		3.1411e+16
    0.57		3.2922e+16
    0.58		3.4470e+16
    0.59		3.6056e+16
    0.60		3.7680e+16
    0.61		3.9340e+16
    0.62		4.1037e+16
    0.63		4.2769e+16
    0.64		4.4537e+16
    0.65		4.6340e+16
    0.66		4.8178e+16
    0.67		5.0049e+16
    0.68		5.1954e+16
    0.69		5.3891e+16
    0.70		5.5860e+16
    0.71		5.7860e+16
    0.72		5.9891e+16
    0.73		6.1951e+16
    0.74		6.4040e+16
    0.75		6.6157e+16
    0.76		6.8302e+16
    0.77		7.0472e+16
    0.78		7.2668e+16
    0.79		7.4888e+16
    0.80		7.7131e+16
    0.81		7.9397e+16
    0.82		8.1684e+16
    0.83		8.3992e+16
    0.84		8.6319e+16
    0.85		8.8664e+16
    0.86		9.1027e+16
    0.87		9.3406e+16
    0.88		9.5801e+16
    0.89		9.8209e+16
    0.90		1.0063e+17
    0.91		1.0306e+17
    0.92		1.0551e+17
    0.93		1.0796e+17
    0.94		1.1042e+17
    0.95		1.1289e+17
    0.96		1.1537e+17
    0.97		1.1785e+17
    0.98		1.2033e+17
    0.99		1.2282e+17
    1.00		1.2530e+17
    1.01		1.2779e+17
    1.02		1.3028e+17
    1.03		1.3278e+17
    1.04		1.3527e+17
    1.05		1.3778e+17
    1.06		1.4029e+17
    1.07		1.4280e+17
    1.08		1.4532e+17
    1.09		1.4786e+17
    1.10		1.5040e+17
    1.11		1.5295e+17
    1.12		1.5551e+17
    1.13		1.5809e+17
    1.14		1.6068e+17
    1.15		1.6328e+17
    1.16		1.6590e+17
    1.17		1.6854e+17
    1.18		1.7120e+17
    1.19		1.7387e+17
    1.20		1.7657e+17
    1.21		1.7929e+17
    1.22		1.8203e+17
    1.23		1.8480e+17
    1.24		1.8760e+17
    1.25		1.9042e+17
    1.26		1.9326e+17
    1.27		1.9614e+17
    1.28		1.9905e+17
    1.29		2.0199e+17
    1.30		2.0496e+17
    1.31		2.0797e+17
    1.32		2.1100e+17
    1.33		2.1408e+17
    1.34		2.1719e+17
    1.35		2.2034e+17
    1.36		2.2353e+17
    1.37		2.2676e+17
    1.38		2.3003e+17
    1.39		2.3336e+17
    1.40		2.3673e+17
    1.41		2.4015e+17
    1.42		2.4362e+17
    1.43		2.4714e+17
    1.44		2.5072e+17
    1.45		2.5436e+17
    1.46		2.5806e+17
    1.47		2.6181e+17
    1.48		2.6563e+17
    1.49		2.6951e+17
    1.50		2.7345e+17
    1.51		2.7746e+17
    1.52		2.8153e+17
    1.53		2.8567e+17
    1.54		2.8988e+17
    1.55		2.9416e+17
    1.56		2.9851e+17
    1.57		3.0294e+17
    1.58		3.0743e+17
    1.59		3.1200e+17
    1.60		3.1664e+17
    1.61		3.2136e+17
    1.62		3.2615e+17
    1.63		3.3101e+17
    1.64		3.3595e+17
    1.65		3.4096e+17
    1.66		3.4603e+17
    1.67		3.5118e+17
    1.68		3.5640e+17
    1.69		3.6168e+17
    1.70		3.6703e+17
    1.71		3.7245e+17
    1.72		3.7793e+17
    1.73		3.8347e+17
    1.74		3.8907e+17
    1.75		3.9473e+17
    1.76		4.0045e+17
    1.77		4.0623e+17
    1.78		4.1206e+17
    1.79		4.1794e+17
    1.80		4.2388e+17
    1.81		4.2986e+17
    1.82		4.3589e+17
    1.83		4.4197e+17
    1.84		4.4808e+17
    1.85		4.5422e+17
    1.86		4.6040e+17
    1.87		4.6661e+17
    1.88		4.7284e+17
    1.89		4.7909e+17
    1.90		4.8536e+17
    1.91		4.9164e+17
    1.92		4.9793e+17
    1.93		5.0423e+17
    1.94		5.1053e+17
    1.95		5.1683e+17
    1.96		5.2312e+17
    1.97		5.2941e+17
    1.98		5.3568e+17
    1.99		5.4193e+17
    2.00		5.4816e+17
    2.01		5.5436e+17
    2.02		5.6054e+17
    2.03		5.6667e+17
    2.04		5.7277e+17
    2.05		5.7882e+17
    2.06		5.8482e+17
    2.07		5.9077e+17
    2.08		5.9666e+17
    2.09		6.0248e+17
    2.10		6.0823e+17
    2.11		6.1391e+17
    2.12		6.1951e+17
    2.13		6.2504e+17
    2.14		6.3047e+17
    2.15		6.3582e+17
    2.16		6.4106e+17
    2.17		6.4621e+17
    2.18		6.5124e+17
    2.19		6.5617e+17
    2.20		6.6098e+17
    2.21		6.6566e+17
    2.22		6.7022e+17
    2.23		6.7466e+17
    2.24		6.7896e+17
    2.25		6.8312e+17
    2.26		6.8714e+17
    2.27		6.9103e+17
    2.28		6.9476e+17
    2.29		6.9834e+17
    2.30		7.0178e+17
    2.31		7.0505e+17
    2.32		7.0817e+17
    2.33		7.1113e+17
    2.34		7.1392e+17
    2.35		7.1656e+17
    2.36		7.1902e+17
    2.37		7.2131e+17
    2.38		7.2344e+17
    2.39		7.2539e+17
    2.40		7.2717e+17
    2.41		7.2877e+17
    2.42		7.3020e+17
    2.43		7.3145e+17
    2.44		7.3252e+17
    2.45		7.3342e+17
    2.46		7.3413e+17
    2.47		7.3467e+17
    2.48		7.3503e+17
    2.49		7.3521e+17
    2.50		7.3521e+17
    2.51		7.3503e+17
    2.52		7.3468e+17
    2.53		7.3415e+17
    2.54		7.3345e+17
    2.55		7.3257e+17
    2.56		7.3152e+17
    2.57		7.3030e+17
    2.58		7.2892e+17
    2.59		7.2736e+17
    2.60		7.2564e+17
    2.61		7.2375e+17
    2.62		7.2171e+17
    2.63		7.1951e+17
    2.64		7.1714e+17
    2.65		7.1463e+17
    2.66		7.1196e+17
    2.67		7.0914e+17
    2.68		7.0618e+17
    2.69		7.0307e+17
    2.70		6.9982e+17
    2.71		6.9643e+17
    2.72		6.9290e+17
    2.73		6.8925e+17
    2.74		6.8547e+17
    2.75		6.8156e+17
    2.76		6.7753e+17
    2.77		6.7339e+17
    2.78		6.6913e+17
    2.79		6.6477e+17
    2.80		6.6030e+17
    2.81		6.5573e+17
    2.82		6.5107e+17
    2.83		6.4632e+17
    2.84		6.4148e+17
    2.85		6.3656e+17
    2.86		6.3156e+17
    2.87		6.2650e+17
    2.88		6.2137e+17
    2.89		6.1617e+17
    2.90		6.1093e+17
    2.91		6.0563e+17
    2.92		6.0028e+17
    2.93		5.9490e+17
    2.94		5.8949e+17
    2.95		5.8404e+17
    2.96		5.7857e+17
    2.97		5.7309e+17
    2.98		5.6759e+17
    2.99		5.6209e+17
    3.00		5.5658e+17
    3.01		5.5108e+17
    3.02		5.4558e+17
    3.03		5.4009e+17
    3.04		5.3462e+17
    3.05		5.2915e+17
    3.06		5.2371e+17
    3.07		5.1828e+17
    3.08		5.1287e+17
    3.09		5.0749e+17
    3.10		5.0214e+17
    3.11		4.9682e+17
    3.12		4.9153e+17
    3.13		4.8627e+17
    3.14		4.8106e+17
    3.15		4.7588e+17
    3.16		4.7075e+17
    3.17		4.6566e+17
    3.18		4.6061e+17
    3.19		4.5561e+17
    3.20		4.5066e+17
    3.21		4.4577e+17
    3.22		4.4092e+17
    3.23		4.3613e+17
    3.24		4.3140e+17
    3.25		4.2673e+17
    3.26		4.2211e+17
    3.27		4.1756e+17
    3.28		4.1306e+17
    3.29		4.0864e+17
    3.30		4.0427e+17
    3.31		3.9998e+17
    3.32		3.9575e+17
    3.33		3.9159e+17
    3.34		3.8750e+17
    3.35		3.8347e+17
    3.36		3.7952e+17
    3.37		3.7563e+17
    3.38		3.7181e+17
    3.39		3.6806e+17
    3.40		3.6438e+17
    3.41		3.6075e+17
    3.42		3.5720e+17
    3.43		3.5371e+17
    3.44		3.5028e+17
    3.45		3.4691e+17
    3.46		3.4360e+17
    3.47		3.4036e+17
    3.48		3.3717e+17
    3.49		3.3404e+17
    3.50		3.3097e+17
    3.51		3.2795e+17
    3.52		3.2498e+17
    3.53		3.2207e+17
    3.54		3.1921e+17
    3.55		3.1639e+17
    3.56		3.1362e+17
    3.57		3.1090e+17
    3.58		3.0822e+17
    3.59		3.0557e+17
    3.60		3.0297e+17
    3.61		3.0040e+17
    3.62		2.9786e+17
    3.63		2.9536e+17
    3.64		2.9289e+17
    3.65		2.9045e+17
    3.66		2.8803e+17
    3.67		2.8564e+17
    3.68		2.8328e+17
    3.69		2.8093e+17
    3.70		2.7861e+17
    3.71		2.7631e+17
    3.72		2.7402e+17
    3.73		2.7175e+17
    3.74		2.6949e+17
    3.75		2.6724e+17
    3.76		2.6500e+17
    3.77		2.6277e+17
    3.78		2.6055e+17
    3.79		2.5833e+17
    3.80		2.5611e+17
    3.81		2.5389e+17
    3.82		2.5168e+17
    3.83		2.4946e+17
    3.84		2.4725e+17
    3.85		2.4503e+17
    3.86		2.4282e+17
    3.87		2.4061e+17
    3.88		2.3839e+17
    3.89		2.3618e+17
    3.90		2.3397e+17
    3.91		2.3176e+17
    3.92		2.2954e+17
    3.93		2.2733e+17
    3.94		2.2512e+17
    3.95		2.2291e+17
    3.96		2.2070e+17
    3.97		2.1849e+17
    3.98		2.1628e+17
    3.99		2.1407e+17
    4.00		2.1187e+17
    4.01		2.0967e+17
    4.02		2.0747e+17
    4.03		2.0527e+17
    4.04		2.0308e+17
    4.05		2.0089e+17
    4.06		1.9870e+17
    4.07		1.9651e+17
    4.08		1.9433e+17
    4.09		1.9214e+17
    4.10		1.8996e+17
    4.11		1.8779e+17
    4.12		1.8561e+17
    4.13		1.8344e+17
    4.14		1.8127e+17
    4.15		1.7911e+17
    4.16		1.7695e+17
    4.17		1.7480e+17
    4.18		1.7266e+17
    4.19		1.7053e+17
    4.20		1.6840e+17
    4.21		1.6629e+17
    4.22		1.6419e+17
    4.23		1.6211e+17
    4.24		1.6004e+17
    4.25		1.5798e+17
    4.26		1.5594e+17
    4.27		1.5391e+17
    4.28		1.5190e+17
    4.29		1.4991e+17
    4.30		1.4793e+17
    4.31		1.4598e+17
    4.32		1.4404e+17
    4.33		1.4212e+17
    4.34		1.4023e+17
    4.35		1.3835e+17
    4.36		1.3650e+17
    4.37		1.3467e+17
    4.38		1.3286e+17
    4.39		1.3108e+17
    4.40		1.2933e+17
    4.41		1.2761e+17
    4.42		1.2591e+17
    4.43		1.2424e+17
    4.44		1.2260e+17
    4.45		1.2099e+17
    4.46		1.1941e+17
    4.47		1.1787e+17
    4.48		1.1636e+17
    4.49		1.1488e+17
    4.50		1.1343e+17
    4.51		1.1202e+17
    4.52		1.1065e+17
    4.53		1.0931e+17
    4.54		1.0800e+17
    4.55		1.0673e+17
    4.56		1.0550e+17
    4.57		1.0431e+17
    4.58		1.0314e+17
    4.59		1.0202e+17
    4.60		1.0092e+17
    4.61		9.9862e+16
    4.62		9.8837e+16
    4.63		9.7845e+16
    4.64		9.6888e+16
    4.65		9.5963e+16
    4.66		9.5073e+16
    4.67		9.4215e+16
    4.68		9.3390e+16
    4.69		9.2597e+16
    4.70		9.1837e+16
    4.71		9.1109e+16
    4.72		9.0412e+16
    4.73		8.9745e+16
    4.74		8.9110e+16
    4.75		8.8504e+16
    4.76		8.7928e+16
    4.77		8.7381e+16
    4.78		8.6862e+16
    4.79		8.6370e+16
    4.80		8.5906e+16
    4.81		8.5469e+16
    4.82		8.5058e+16
    4.83		8.4673e+16
    4.84		8.4313e+16
    4.85		8.3978e+16
    4.86		8.3668e+16
    4.87		8.3381e+16
    4.88		8.3118e+16
    4.89		8.2877e+16
    4.90		8.2659e+16
    4.91		8.2462e+16
    4.92		8.2285e+16
    4.93		8.2129e+16
    4.94		8.1992e+16
    4.95		8.1874e+16
    4.96		8.1774e+16
    4.97		8.1691e+16
    4.98		8.1624e+16
    4.99		8.1573e+16
    5.00		8.1537e+16
    5.01		8.1515e+16
    5.02		8.1507e+16
    5.03		8.1512e+16
    5.04		8.1531e+16
    5.05		8.1563e+16
    5.06		8.1606e+16
    5.07		8.1662e+16
    5.08		8.1729e+16
    5.09		8.1806e+16
    5.10		8.1895e+16
    5.11		8.1993e+16
    5.12		8.2101e+16
    5.13		8.2217e+16
    5.14		8.2342e+16
    5.15		8.2475e+16
    5.16		8.2615e+16
    5.17		8.2761e+16
    5.18		8.2914e+16
    5.19		8.3072e+16
    5.20		8.3235e+16
    5.21		8.3403e+16
    5.22		8.3574e+16
    5.23		8.3748e+16
    5.24		8.3925e+16
    5.25		8.4104e+16
    5.26		8.4283e+16
    5.27		8.4464e+16
    5.28		8.4644e+16
    5.29		8.4824e+16
    5.30		8.5002e+16
    5.31		8.5179e+16
    5.32		8.5353e+16
    5.33		8.5523e+16
    5.34		8.5690e+16
    5.35		8.5854e+16
    5.36		8.6014e+16
    5.37		8.6170e+16
    5.38		8.6323e+16
    5.39		8.6472e+16
    5.40		8.6618e+16
    5.41		8.6760e+16
    5.42		8.6898e+16
    5.43		8.7033e+16
    5.44		8.7165e+16
    5.45		8.7292e+16
    5.46		8.7416e+16
    5.47		8.7537e+16
    5.48		8.7654e+16
    5.49		8.7767e+16
    5.50		8.7877e+16
    5.51		8.7984e+16
    5.52		8.8086e+16
    5.53		8.8185e+16
    5.54		8.8281e+16
    5.55		8.8373e+16
    5.56		8.8461e+16
    5.57		8.8546e+16
    5.58		8.8627e+16
    5.59		8.8704e+16
    5.60		8.8778e+16
    5.61		8.8848e+16
    5.62		8.8915e+16
    5.63		8.8978e+16
    5.64		8.9037e+16
    5.65		8.9093e+16
    5.66		8.9145e+16
    5.67		8.9194e+16
    5.68		8.9239e+16
    5.69		8.9280e+16
    5.70		8.9317e+16
    5.71		8.9351e+16
    5.72		8.9382e+16
    5.73		8.9408e+16
    5.74		8.9431e+16
    5.75		8.9450e+16
    5.76		8.9466e+16
    5.77		8.9478e+16
    5.78		8.9486e+16
    5.79		8.9491e+16
    5.80		8.9492e+16
    5.81		8.9489e+16
    5.82		8.9483e+16
    5.83		8.9473e+16
    5.84		8.9459e+16
    5.85		8.9441e+16
    5.86		8.9420e+16
    5.87		8.9396e+16
    5.88		8.9367e+16
    5.89		8.9335e+16
    5.90		8.9299e+16
    5.91		8.9260e+16
    5.92		8.9217e+16
    5.93		8.9170e+16
    5.94		8.9120e+16
    5.95		8.9066e+16
    5.96		8.9008e+16
    5.97		8.8947e+16
    5.98		8.8882e+16
    5.99		8.8813e+16
    6.00		8.8741e+16
    6.01		8.8665e+16
    6.02		8.8586e+16
    6.03		8.8502e+16
    6.04		8.8416e+16
    6.05		8.8326e+16
    6.06		8.8232e+16
    6.07		8.8134e+16
    6.08		8.8033e+16
    6.09		8.7929e+16
    6.10		8.7820e+16
    6.11		8.7709e+16
    6.12		8.7593e+16
    6.13		8.7474e+16
    6.14		8.7352e+16
    6.15		8.7226e+16
    6.16		8.7096e+16
    6.17		8.6963e+16
    6.18		8.6826e+16
    6.19		8.6686e+16
    6.20		8.6542e+16
    6.21		8.6394e+16
    6.22		8.6243e+16
    6.23		8.6089e+16
    6.24		8.5931e+16
    6.25		8.5769e+16
    6.26		8.5604e+16
    6.27		8.5435e+16
    6.28		8.5263e+16
    6.29		8.5087e+16
    6.30		8.4908e+16
    6.31		8.4725e+16
    6.32		8.4538e+16
    6.33		8.4348e+16
    6.34		8.4155e+16
    6.35		8.3958e+16
    6.36		8.3758e+16
    6.37		8.3554e+16
    6.38		8.3346e+16
    6.39		8.3135e+16
    6.40		8.2921e+16
    6.41		8.2703e+16
    6.42		8.2481e+16
    6.43		8.2256e+16
    6.44		8.2028e+16
    6.45		8.1796e+16
    6.46		8.1561e+16
    6.47		8.1323e+16
    6.48		8.1081e+16
    6.49		8.0836e+16
    6.50		8.0587e+16
    6.51		8.0335e+16
    6.52		8.0080e+16
    6.53		7.9822e+16
    6.54		7.9561e+16
    6.55		7.9296e+16
    6.56		7.9028e+16
    6.57		7.8758e+16
    6.58		7.8484e+16
    6.59		7.8207e+16
    6.60		7.7927e+16
    6.61		7.7644e+16
    6.62		7.7358e+16
    6.63		7.7069e+16
    6.64		7.6778e+16
    6.65		7.6483e+16
    6.66		7.6186e+16
    6.67		7.5886e+16
    6.68		7.5583e+16
    6.69		7.5278e+16
    6.70		7.4970e+16
    6.71		7.4659e+16
    6.72		7.4346e+16
    6.73		7.4030e+16
    6.74		7.3712e+16
    6.75		7.3391e+16
    6.76		7.3068e+16
    6.77		7.2742e+16
    6.78		7.2414e+16
    6.79		7.2084e+16
    6.80		7.1752e+16
    6.81		7.1417e+16
    6.82		7.1081e+16
    6.83		7.0742e+16
    6.84		7.0401e+16
    6.85		7.0058e+16
    6.86		6.9713e+16
    6.87		6.9367e+16
    6.88		6.9018e+16
    6.89		6.8668e+16
    6.90		6.8316e+16
    6.91		6.7962e+16
    6.92		6.7606e+16
    6.93		6.7249e+16
    6.94		6.6890e+16
    6.95		6.6530e+16
    6.96		6.6168e+16
    6.97		6.5805e+16
    6.98		6.5441e+16
    6.99		6.5075e+16
    7.00		6.4708e+16
    7.01		6.4340e+16
    7.02		6.3970e+16
    7.03		6.3600e+16
    7.04		6.3229e+16
    7.05		6.2857e+16
    7.06		6.2484e+16
    7.07		6.2110e+16
    7.08		6.1735e+16
    7.09		6.1360e+16
    7.10		6.0985e+16
    7.11		6.0609e+16
    7.12		6.0232e+16
    7.13		5.9855e+16
    7.14		5.9478e+16
    7.15		5.9101e+16
    7.16		5.8723e+16
    7.17		5.8346e+16
    7.18		5.7968e+16
    7.19		5.7591e+16
    7.20		5.7214e+16
    7.21		5.6837e+16
    7.22		5.6460e+16
    7.23		5.6084e+16
    7.24		5.5708e+16
    7.25		5.5333e+16
    7.26		5.4958e+16
    7.27		5.4584e+16
    7.28		5.4210e+16
    7.29		5.3838e+16
    7.30		5.3466e+16
    7.31		5.3095e+16
    7.32		5.2725e+16
    7.33		5.2356e+16
    7.34		5.1989e+16
    7.35		5.1622e+16
    7.36		5.1257e+16
    7.37		5.0893e+16
    7.38		5.0530e+16
    7.39		5.0169e+16
    7.40		4.9809e+16
    7.41		4.9450e+16
    7.42		4.9094e+16
    7.43		4.8739e+16
    7.44		4.8385e+16
    7.45		4.8034e+16
    7.46		4.7684e+16
    7.47		4.7337e+16
    7.48		4.6991e+16
    7.49		4.6647e+16
    7.50		4.6306e+16
    7.51		4.5966e+16
    7.52		4.5629e+16
    7.53		4.5295e+16
    7.54		4.4962e+16
    7.55		4.4632e+16
    7.56		4.4305e+16
    7.57		4.3980e+16
    7.58		4.3658e+16
    7.59		4.3339e+16
    7.60		4.3022e+16
    7.61		4.2709e+16
    7.62		4.2398e+16
    7.63		4.2090e+16
    7.64		4.1785e+16
    7.65		4.1483e+16
    7.66		4.1184e+16
    7.67		4.0889e+16
    7.68		4.0597e+16
    7.69		4.0308e+16
    7.70		4.0022e+16
    7.71		3.9740e+16
    7.72		3.9461e+16
    7.73		3.9186e+16
    7.74		3.8914e+16
    7.75		3.8646e+16
    7.76		3.8381e+16
    7.77		3.8121e+16
    7.78		3.7864e+16
    7.79		3.7610e+16
    7.80		3.7361e+16
    7.81		3.7115e+16
    7.82		3.6874e+16
    7.83		3.6636e+16
    7.84		3.6403e+16
    7.85		3.6173e+16
    7.86		3.5948e+16
    7.87		3.5726e+16
    7.88		3.5509e+16
    7.89		3.5296e+16
    7.90		3.5088e+16
    7.91		3.4884e+16
    7.92		3.4684e+16
    7.93		3.4489e+16
    7.94		3.4299e+16
    7.95		3.4113e+16
    7.96		3.3931e+16
    7.97		3.3755e+16
    7.98		3.3583e+16
    7.99		3.3416e+16
    8.00		3.3254e+16
    8.01		3.3097e+16
    8.02		3.2945e+16
    8.03		3.2798e+16
    8.04		3.2657e+16
    8.05		3.2520e+16
    8.06		3.2389e+16
    8.07		3.2263e+16
    8.08		3.2142e+16
    8.09		3.2027e+16
    8.10		3.1917e+16
    8.11		3.1813e+16
    8.12		3.1714e+16
    8.13		3.1621e+16
    8.14		3.1533e+16
    8.15		3.1451e+16
    8.16		3.1375e+16
    8.17		3.1304e+16
    8.18		3.1239e+16
    8.19		3.1180e+16
    8.20		3.1127e+16
    8.21		3.1079e+16
    8.22		3.1038e+16
    8.23		3.1002e+16
    8.24		3.0972e+16
    8.25		3.0948e+16
    8.26		3.0931e+16
    8.27		3.0919e+16
    8.28		3.0913e+16
    8.29		3.0913e+16
    8.30		3.0919e+16
    8.31		3.0932e+16
    8.32		3.0950e+16
    8.33		3.0975e+16
    8.34		3.1006e+16
    8.35		3.1043e+16
    8.36		3.1086e+16
    8.37		3.1135e+16
    8.38		3.1191e+16
    8.39		3.1252e+16
    8.40		3.1320e+16
    8.41		3.1395e+16
    8.42		3.1475e+16
    8.43		3.1562e+16
    8.44		3.1655e+16
    8.45		3.1754e+16
    8.46		3.1859e+16
    8.47		3.1971e+16
    8.48		3.2088e+16
    8.49		3.2212e+16
    8.50		3.2342e+16
    8.51		3.2479e+16
    8.52		3.2621e+16
    8.53		3.2769e+16
    8.54		3.2924e+16
    8.55		3.3085e+16
    8.56		3.3252e+16
    8.57		3.3425e+16
    8.58		3.3604e+16
    8.59		3.3789e+16
    8.60		3.3980e+16
    8.61		3.4178e+16
    8.62		3.4381e+16
    8.63		3.4590e+16
    8.64		3.4805e+16
    8.65		3.5026e+16
    8.66		3.5252e+16
    8.67		3.5484e+16
    8.68		3.5722e+16
    8.69		3.5966e+16
    8.70		3.6215e+16
    8.71		3.6469e+16
    8.72		3.6729e+16
    8.73		3.6994e+16
    8.74		3.7265e+16
    8.75		3.7540e+16
    8.76		3.7821e+16
    8.77		3.8106e+16
    8.78		3.8397e+16
    8.79		3.8692e+16
    8.80		3.8993e+16
    8.81		3.9297e+16
    8.82		3.9607e+16
    8.83		3.9921e+16
    8.84		4.0239e+16
    8.85		4.0563e+16
    8.86		4.0891e+16
    8.87		4.1224e+16
    8.88		4.1563e+16
    8.89		4.1906e+16
    8.90		4.2255e+16
    8.91		4.2609e+16
    8.92		4.2968e+16
    8.93		4.3333e+16
    8.94		4.3703e+16
    8.95		4.4079e+16
    8.96		4.4461e+16
    8.97		4.4849e+16
    8.98		4.5242e+16
    8.99		4.5643e+16
    9.00		4.6050e+16
    9.01		4.6465e+16
    9.02		4.6888e+16
    9.03		4.7318e+16
    9.04		4.7757e+16
    9.05		4.8204e+16
    9.06		4.8660e+16
    9.07		4.9125e+16
    9.08		4.9600e+16
    9.09		5.0085e+16
    9.10		5.0580e+16
    9.11		5.1085e+16
    9.12		5.1600e+16
    9.13		5.2127e+16
    9.14		5.2665e+16
    9.15		5.3214e+16
    9.16		5.3775e+16
    9.17		5.4347e+16
    9.18		5.4932e+16
    9.19		5.5529e+16
    9.20		5.6138e+16
    9.21		5.6760e+16
    9.22		5.7395e+16
    9.23		5.8042e+16
    9.24		5.8703e+16
    9.25		5.9378e+16
    9.26		6.0066e+16
    9.27		6.0767e+16
    9.28		6.1482e+16
    9.29		6.2211e+16
    9.30		6.2954e+16
    9.31		6.3711e+16
    9.32		6.4482e+16
    9.33		6.5267e+16
    9.34		6.6066e+16
    9.35		6.6880e+16
    9.36		6.7707e+16
    9.37		6.8549e+16
    9.38		6.9405e+16
    9.39		7.0276e+16
    9.40		7.1160e+16
    9.41		7.2059e+16
    9.42		7.2971e+16
    9.43		7.3898e+16
    9.44		7.4839e+16
    9.45		7.5793e+16
    9.46		7.6762e+16
    9.47		7.7744e+16
    9.48		7.8739e+16
    9.49		7.9749e+16
    9.50		8.0771e+16
    9.51		8.1807e+16
    9.52		8.2855e+16
    9.53		8.3917e+16
    9.54		8.4991e+16
    9.55		8.6078e+16
    9.56		8.7177e+16
    9.57		8.8288e+16
    9.58		8.9410e+16
    9.59		9.0544e+16
    9.60		9.1690e+16
    9.61		9.2846e+16
    9.62		9.4013e+16
    9.63		9.5191e+16
    9.64		9.6378e+16
    9.65		9.7575e+16
    9.66		9.8781e+16
    9.67		9.9995e+16
    9.68		1.0122e+17
    9.69		1.0245e+17
    9.70		1.0368e+17
    9.71		1.0493e+17
    9.72		1.0617e+17
    9.73		1.0743e+17
    9.74		1.0868e+17
    9.75		1.0995e+17
    9.76		1.1121e+17
    9.77		1.1248e+17
    9.78		1.1375e+17
    9.79		1.1502e+17
    9.80		1.1630e+17
    9.81		1.1757e+17
    9.82		1.1884e+17
    9.83		1.2010e+17
    9.84		1.2137e+17
    9.85		1.2263e+17
    9.86		1.2388e+17
    9.87		1.2513e+17
    9.88		1.2638e+17
    9.89		1.2761e+17
    9.90		1.2884e+17
    9.91		1.3006e+17
    9.92		1.3127e+17
    9.93		1.3247e+17
    9.94		1.3366e+17
    9.95		1.3483e+17
    9.96		1.3599e+17
    9.97		1.3714e+17
    9.98		1.3827e+17
    9.99		1.3939e+17
   10.00		1.4049e+17
   10.01		1.4158e+17
   10.02		1.4264e+17
   10.03		1.4369e+17
   10.04		1.4472e+17
   10.05		1.4574e+17
   10.06		1.4673e+17
   10.07		1.4770e+17
   10.08		1.4865e+17
   10.09		1.4958e+17
   10.10		1.5048e+17
   10.11		1.5136e+17
   10.12		1.5222e+17
   10.13		1.5306e+17
   10.14		1.5387e+17
   10.15		1.5466e+17
   10.16		1.5542e+17
   10.17		1.5615e+17
   10.18		1.5686e+17
   10.19		1.5755e+17
   10.20		1.5820e+17
   10.21		1.5883e+17
   10.22		1.5944e+17
   10.23		1.6001e+17
   10.24		1.6056e+17
   10.25		1.6108e+17
   10.26		1.6157e+17
   10.27		1.6203e+17
   10.28		1.6247e+17
   10.29		1.6288e+17
   10.30		1.6325e+17
   10.31		1.6360e+17
   10.32		1.6393e+17
   10.33		1.6422e+17
   10.34		1.6448e+17
   10.35		1.6472e+17
   10.36		1.6493e+17
   10.37		1.6510e+17
   10.38		1.6525e+17
   10.39		1.6538e+17
   10.40		1.6547e+17
   10.41		1.6554e+17
   10.42		1.6558e+17
   10.43		1.6559e+17
   10.44		1.6557e+17
   10.45		1.6553e+17
   10.46		1.6546e+17
   10.47		1.6537e+17
   10.48		1.6525e+17
   10.49		1.6510e+17
   10.50		1.6493e+17
   10.51		1.6474e+17
   10.52		1.6452e+17
   10.53		1.6428e+17
   10.54		1.6401e+17
   10.55		1.6372e+17
   10.56		1.6341e+17
   10.57		1.6308e+17
   10.58		1.6273e+17
   10.59		1.6236e+17
   10.60		1.6197e+17
   10.61		1.6155e+17
   10.62		1.6112e+17
   10.63		1.6068e+17
   10.64		1.6021e+17
   10.65		1.5973e+17
   10.66		1.5924e+17
   10.67		1.5872e+17
   10.68		1.5820e+17
   10.69		1.5766e+17
   10.70		1.5711e+17
   10.71		1.5655e+17
   10.72		1.5597e+17
   10.73		1.5539e+17
   10.74		1.5479e+17
   10.75		1.5419e+17
   10.76		1.5358e+17
   10.77		1.5297e+17
   10.78		1.5234e+17
   10.79		1.5171e+17
   10.80		1.5108e+17
   10.81		1.5044e+17
   10.82		1.4981e+17
   10.83		1.4916e+17
   10.84		1.4852e+17
   10.85		1.4788e+17
   10.86		1.4724e+17
   10.87		1.4659e+17
   10.88		1.4595e+17
   10.89		1.4531e+17
   10.90		1.4468e+17
   10.91		1.4404e+17
   10.92		1.4341e+17
   10.93		1.4279e+17
   10.94		1.4217e+17
   10.95		1.4155e+17
   10.96		1.4095e+17
   10.97		1.4035e+17
   10.98		1.3975e+17
   10.99		1.3917e+17
   11.00		1.3859e+17
   11.01		1.3802e+17
   11.02		1.3746e+17
   11.03		1.3690e+17
   11.04		1.3636e+17
   11.05		1.3582e+17
   11.06		1.3530e+17
   11.07		1.3478e+17
   11.08		1.3428e+17
   11.09		1.3378e+17
   11.10		1.3330e+17
   11.11		1.3282e+17
   11.12		1.3236e+17
   11.13		1.3190e+17
   11.14		1.3146e+17
   11.15		1.3103e+17
   11.16		1.3061e+17
   11.17		1.3020e+17
   11.18		1.2980e+17
   11.19		1.2942e+17
   11.20		1.2904e+17
   11.21		1.2868e+17
   11.22		1.2833e+17
   11.23		1.2799e+17
   11.24		1.2767e+17
   11.25		1.2735e+17
   11.26		1.2705e+17
   11.27		1.2676e+17
   11.28		1.2648e+17
   11.29		1.2622e+17
   11.30		1.2596e+17
   11.31		1.2572e+17
   11.32		1.2549e+17
   11.33		1.2527e+17
   11.34		1.2507e+17
   11.35		1.2487e+17
   11.36		1.2469e+17
   11.37		1.2452e+17
   11.38		1.2436e+17
   11.39		1.2420e+17
   11.40		1.2406e+17
   11.41		1.2393e+17
   11.42		1.2382e+17
   11.43		1.2371e+17
   11.44		1.2361e+17
   11.45		1.2351e+17
   11.46		1.2343e+17
   11.47		1.2336e+17
   11.48		1.2330e+17
   11.49		1.2324e+17
   11.50		1.2319e+17
   11.51		1.2315e+17
   11.52		1.2312e+17
   11.53		1.2309e+17
   11.54		1.2307e+17
   11.55		1.2305e+17
   11.56		1.2305e+17
   11.57		1.2304e+17
   11.58		1.2304e+17
   11.59		1.2305e+17
   11.60		1.2306e+17
   11.61		1.2307e+17
   11.62		1.2309e+17
   11.63		1.2311e+17
   11.64		1.2314e+17
   11.65		1.2316e+17
   11.66		1.2319e+17
   11.67		1.2322e+17
   11.68		1.2325e+17
   11.69		1.2328e+17
   11.70		1.2332e+17
   11.71		1.2335e+17
   11.72		1.2339e+17
   11.73		1.2343e+17
   11.74		1.2346e+17
   11.75		1.2350e+17
   11.76		1.2353e+17
   11.77		1.2357e+17
   11.78		1.2360e+17
   11.79		1.2364e+17
   11.80		1.2367e+17
   11.81		1.2370e+17
   11.82		1.2373e+17
   11.83		1.2376e+17
   11.84		1.2379e+17
   11.85		1.2382e+17
   11.86		1.2385e+17
   11.87		1.2387e+17
   11.88		1.2390e+17
   11.89		1.2393e+17
   11.90		1.2395e+17
   11.91		1.2397e+17
   11.92		1.2399e+17
   11.93		1.2402e+17
   11.94		1.2404e+17
   11.95		1.2405e+17
   11.96		1.2407e+17
   11.97		1.2409e+17
   11.98		1.2410e+17
   11.99		1.2412e+17
   12.00		1.2413e+17
   12.01		1.2414e+17
   12.02		1.2415e+17
   12.03		1.2416e+17
   12.04		1.2416e+17
   12.05		1.2417e+17
   12.06		1.2417e+17
   12.07		1.2417e+17
   12.08		1.2417e+17
   12.09		1.2417e+17
   12.10		1.2417e+17
   12.11		1.2416e+17
   12.12		1.2415e+17
   12.13		1.2414e+17
   12.14		1.2413e+17
   12.15		1.2412e+17
   12.16		1.2410e+17
   12.17		1.2408e+17
   12.18		1.2406e+17
   12.19		1.2404e+17
   12.20		1.2401e+17
   12.21		1.2399e+17
   12.22		1.2396e+17
   12.23		1.2393e+17
   12.24		1.2390e+17
   12.25		1.2386e+17
   12.26		1.2383e+17
   12.27		1.2379e+17
   12.28		1.2374e+17
   12.29		1.2370e+17
   12.30		1.2366e+17
   12.31		1.2361e+17
   12.32		1.2356e+17
   12.33		1.2351e+17
   12.34		1.2345e+17
   12.35		1.2339e+17
   12.36		1.2334e+17
   12.37		1.2327e+17
   12.38		1.2321e+17
   12.39		1.2315e+17
   12.40		1.2308e+17
   12.41		1.2301e+17
   12.42		1.2293e+17
   12.43		1.2286e+17
   12.44		1.2278e+17
   12.45		1.2270e+17
   12.46		1.2262e+17
   12.47		1.2253e+17
   12.48		1.2245e+17
   12.49		1.2236e+17
   12.50		1.2227e+17
   12.51		1.2217e+17
   12.52		1.2208e+17
   12.53		1.2198e+17
   12.54		1.2187e+17
   12.55		1.2177e+17
   12.56		1.2166e+17
   12.57		1.2155e+17
   12.58		1.2144e+17
   12.59		1.2133e+17
   12.60		1.2121e+17
   12.61		1.2109e+17
   12.62		1.2097e+17
   12.63		1.2085e+17
   12.64		1.2072e+17
   12.65		1.2059e+17
   12.66		1.2046e+17
   12.67		1.2032e+17
   12.68		1.2019e+17
   12.69		1.2005e+17
   12.70		1.1990e+17
   12.71		1.1976e+17
   12.72		1.1961e+17
   12.73		1.1946e+17
   12.74		1.1931e+17
   12.75		1.1915e+17
   12.76		1.1899e+17
   12.77		1.1883e+17
   12.78		1.1867e+17
   12.79		1.1850e+17
   12.80		1.1833e+17
   12.81		1.1816e+17
   12.82		1.1798e+17
   12.83		1.1781e+17
   12.84		1.1763e+17
   12.85		1.1745e+17
   12.86		1.1726e+17
   12.87		1.1707e+17
   12.88		1.1688e+17
   12.89		1.1669e+17
   12.90		1.1649e+17
   12.91		1.1630e+17
   12.92		1.1610e+17
   12.93		1.1589e+17
   12.94		1.1569e+17
   12.95		1.1548e+17
   12.96		1.1527e+17
   12.97		1.1505e+17
   12.98		1.1484e+17
   12.99		1.1462e+17
   13.00		1.1440e+17
   13.01		1.1417e+17
   13.02		1.1394e+17
   13.03		1.1372e+17
   13.04		1.1348e+17
   13.05		1.1325e+17
   13.06		1.1301e+17
   13.07		1.1277e+17
   13.08		1.1253e+17
   13.09		1.1229e+17
   13.10		1.1204e+17
   13.11		1.1179e+17
   13.12		1.1154e+17
   13.13		1.1128e+17
   13.14		1.1102e+17
   13.15		1.1076e+17
   13.16		1.1050e+17
   13.17		1.1024e+17
   13.18		1.0997e+17
   13.19		1.0970e+17
   13.20		1.0943e+17
   13.21		1.0915e+17
   13.22		1.0888e+17
   13.23		1.0860e+17
   13.24		1.0832e+17
   13.25		1.0803e+17
   13.26		1.0774e+17
   13.27		1.0746e+17
   13.28		1.0716e+17
   13.29		1.0687e+17
   13.30		1.0657e+17
   13.31		1.0628e+17
   13.32		1.0598e+17
   13.33		1.0567e+17
   13.34		1.0537e+17
   13.35		1.0506e+17
   13.36		1.0475e+17
   13.37		1.0444e+17
   13.38		1.0412e+17
   13.39		1.0380e+17
   13.40		1.0348e+17
   13.41		1.0316e+17
   13.42		1.0284e+17
   13.43		1.0251e+17
   13.44		1.0218e+17
   13.45		1.0185e+17
   13.46		1.0151e+17
   13.47		1.0118e+17
   13.48		1.0084e+17
   13.49		1.0049e+17
   13.50		1.0015e+17
   13.51		9.9802e+16
   13.52		9.9453e+16
   13.53		9.9101e+16
   13.54		9.8747e+16
   13.55		9.8390e+16
   13.56		9.8031e+16
   13.57		9.7670e+16
   13.58		9.7305e+16
   13.59		9.6939e+16
   13.60		9.6570e+16
   13.61		9.6198e+16
   13.62		9.5824e+16
   13.63		9.5447e+16
   13.64		9.5068e+16
   13.65		9.4687e+16
   13.66		9.4303e+16
   13.67		9.3917e+16
   13.68		9.3528e+16
   13.69		9.3137e+16
   13.70		9.2743e+16
   13.71		9.2347e+16
   13.72		9.1948e+16
   13.73		9.1547e+16
   13.74		9.1144e+16
   13.75		9.0739e+16
   13.76		9.0331e+16
   13.77		8.9920e+16
   13.78		8.9508e+16
   13.79		8.9093e+16
   13.80		8.8675e+16
   13.81		8.8256e+16
   13.82		8.7834e+16
   13.83		8.7410e+16
   13.84		8.6983e+16
   13.85		8.6555e+16
   13.86		8.6124e+16
   13.87		8.5691e+16
   13.88		8.5256e+16
   13.89		8.4819e+16
   13.90		8.4379e+16
   13.91		8.3938e+16
   13.92		8.3494e+16
   13.93		8.3048e+16
   13.94		8.2601e+16
   13.95		8.2151e+16
   13.96		8.1699e+16
   13.97		8.1245e+16
   13.98		8.0789e+16
   13.99		8.0331e+16
   14.00		7.9871e+16
   14.01		7.9408e+16
   14.02		7.8944e+16
   14.03		7.8478e+16
   14.04		7.8010e+16
   14.05		7.7540e+16
   14.06		7.7069e+16
   14.07		7.6595e+16
   14.08		7.6119e+16
   14.09		7.5642e+16
   14.10		7.5163e+16
   14.11		7.4682e+16
   14.12		7.4199e+16
   14.13		7.3715e+16
   14.14		7.3229e+16
   14.15		7.2741e+16
   14.16		7.2252e+16
   14.17		7.1762e+16
   14.18		7.1270e+16
   14.19		7.0777e+16
   14.20		7.0282e+16
   14.21		6.9786e+16
   14.22		6.9289e+16
   14.23		6.8791e+16
   14.24		6.8291e+16
   14.25		6.7791e+16
   14.26		6.7289e+16
   14.27		6.6787e+16
   14.28		6.6283e+16
   14.29		6.5779e+16
   14.30		6.5274e+16
   14.31		6.4768e+16
   14.32		6.4261e+16
   14.33		6.3754e+16
   14.34		6.3246e+16
   14.35		6.2738e+16
   14.36		6.2229e+16
   14.37		6.1720e+16
   14.38		6.1210e+16
   14.39		6.0700e+16
   14.40		6.0190e+16
   14.41		5.9679e+16
   14.42		5.9169e+16
   14.43		5.8658e+16
   14.44		5.8147e+16
   14.45		5.7637e+16
   14.46		5.7126e+16
   14.47		5.6615e+16
   14.48		5.6105e+16
   14.49		5.5594e+16
   14.50		5.5084e+16
   14.51		5.4574e+16
   14.52		5.4065e+16
   14.53		5.3555e+16
   14.54		5.3047e+16
   14.55		5.2538e+16
   14.56		5.2030e+16
   14.57		5.1523e+16
   14.58		5.1016e+16
   14.59		5.0510e+16
   14.60		5.0004e+16
   14.61		4.9499e+16
   14.62		4.8995e+16
   14.63		4.8492e+16
   14.64		4.7990e+16
   14.65		4.7488e+16
   14.66		4.6987e+16
   14.67		4.6488e+16
   14.68		4.5989e+16
   14.69		4.5491e+16
   14.70		4.4995e+16
   14.71		4.4500e+16
   14.72		4.4006e+16
   14.73		4.3513e+16
   14.74		4.3022e+16
   14.75		4.2532e+16
   14.76		4.2043e+16
   14.77		4.1556e+16
   14.78		4.1071e+16
   14.79		4.0587e+16
   14.80		4.0105e+16
   14.81		3.9625e+16
   14.82		3.9146e+16
   14.83		3.8670e+16
   14.84		3.8195e+16
   14.85		3.7723e+16
   14.86		3.7252e+16
   14.87		3.6783e+16
   14.88		3.6317e+16
   14.89		3.5852e+16
   14.90		3.5390e+16
   14.91		3.4931e+16
   14.92		3.4473e+16
   14.93		3.4018e+16
   14.94		3.3566e+16
   14.95		3.3115e+16
   14.96		3.2668e+16
   14.97		3.2223e+16
   14.98		3.1781e+16
   14.99		3.1341e+16
   15.00		3.0904e+16
   15.01		3.0470e+16
   15.02		3.0039e+16
   15.03		2.9611e+16
   15.04		2.9185e+16
   15.05		2.8763e+16
   15.06		2.8343e+16
   15.07		2.7927e+16
   15.08		2.7514e+16
   15.09		2.7104e+16
   15.10		2.6697e+16
   15.11		2.6293e+16
   15.12		2.5893e+16
   15.13		2.5496e+16
   15.14		2.5102e+16
   15.15		2.4711e+16
   15.16		2.4324e+16
   15.17		2.3941e+16
   15.18		2.3560e+16
   15.19		2.3184e+16
   15.20		2.2811e+16
   15.21		2.2441e+16
   15.22		2.2075e+16
   15.23		2.1713e+16
   15.24		2.1355e+16
   15.25		2.1000e+16
   15.26		2.0649e+16
   15.27		2.0302e+16
   15.28		1.9959e+16
   15.29		1.9619e+16
   15.30		1.9284e+16
   15.31		1.8952e+16
   15.32		1.8625e+16
   15.33		1.8301e+16
   15.34		1.7982e+16
   15.35		1.7666e+16
   15.36		1.7354e+16
   15.37		1.7046e+16
   15.38		1.6742e+16
   15.39		1.6442e+16
   15.40		1.6146e+16
   15.41		1.5854e+16
   15.42		1.5566e+16
   15.43		1.5282e+16
   15.44		1.5001e+16
   15.45		1.4725e+16
   15.46		1.4452e+16
   15.47		1.4184e+16
   15.48		1.3919e+16
   15.49		1.3658e+16
   15.50		1.3401e+16
   15.51		1.3147e+16
   15.52		1.2898e+16
   15.53		1.2652e+16
   15.54		1.2410e+16
   15.55		1.2172e+16
   15.56		1.1937e+16
   15.57		1.1706e+16
   15.58		1.1479e+16
   15.59		1.1255e+16
   15.60		1.1035e+16
   15.61		1.0818e+16
   15.62		1.0605e+16
   15.63		1.0395e+16
   15.64		1.0189e+16
   15.65		9.9864e+15
   15.66		9.7871e+15
   15.67		9.5913e+15
   15.68		9.3987e+15
   15.69		9.2095e+15
   15.70		9.0236e+15
   15.71		8.8409e+15
   15.72		8.6615e+15
   15.73		8.4853e+15
   15.74		8.3122e+15
   15.75		8.1422e+15
   15.76		7.9754e+15
   15.77		7.8115e+15
   15.78		7.6508e+15
   15.79		7.4929e+15
   15.80		7.3381e+15
   15.81		7.1861e+15
   15.82		7.0371e+15
   15.83		6.8908e+15
   15.84		6.7474e+15
   15.85		6.6067e+15
   15.86		6.4688e+15
   15.87		6.3335e+15
   15.88		6.2008e+15
   15.89		6.0707e+15
   15.90		5.9432e+15
   15.91		5.8182e+15
   15.92		5.6957e+15
   15.93		5.5755e+15
   15.94		5.4578e+15
   15.95		5.3423e+15
   15.96		5.2292e+15
   15.97		5.1183e+15
   15.98		5.0095e+15
   15.99		4.9030e+15
   16.00		4.7985e+15
   16.01		4.6960e+15
   16.02		4.5955e+15
   16.03		4.4969e+15
   16.04		4.4002e+15
   16.05		4.3052e+15
   16.06		4.2120e+15
   16.07		4.1205e+15
   16.08		4.0306e+15
   16.09		3.9423e+15
   16.10		3.8555e+15
   16.11		3.7703e+15
   16.12		3.6866e+15
   16.13		3.6043e+15
   16.14		3.5235e+15
   16.15		3.4442e+15
   16.16		3.3663e+15
   16.17		3.2897e+15
   16.18		3.2145e+15
   16.19		3.1407e+15
   16.20		3.0682e+15
   16.21		2.9969e+15
   16.22		2.9270e+15
   16.23		2.8583e+15
   16.24		2.7908e+15
   16.25		2.7245e+15
   16.26		2.6594e+15
   16.27		2.5954e+15
   16.28		2.5327e+15
   16.29		2.4711e+15
   16.30		2.4106e+15
   16.31		2.3513e+15
   16.32		2.2931e+15
   16.33		2.2359e+15
   16.34		2.1799e+15
   16.35		2.1249e+15
   16.36		2.0710e+15
   16.37		2.0182e+15
   16.38		1.9664e+15
   16.39		1.9156e+15
   16.40		1.8658e+15
   16.41		1.8170e+15
   16.42		1.7692e+15
   16.43		1.7223e+15
   16.44		1.6764e+15
   16.45		1.6315e+15
   16.46		1.5874e+15
   16.47		1.5443e+15
   16.48		1.5021e+15
   16.49		1.4607e+15
   16.50		1.4202e+15
   16.51		1.3805e+15
   16.52		1.3417e+15
   16.53		1.3037e+15
   16.54		1.2665e+15
   16.55		1.2301e+15
   16.56		1.1945e+15
   16.57		1.1596e+15
   16.58		1.1255e+15
   16.59		1.0920e+15
   16.60		1.0593e+15
   16.61		1.0273e+15
   16.62		9.9598e+14
   16.63		9.6531e+14
   16.64		9.3528e+14
   16.65		9.0589e+14
   16.66		8.7712e+14
   16.67		8.4897e+14
   16.68		8.2143e+14
   16.69		7.9450e+14
   16.70		7.6817e+14
   16.71		7.4242e+14
   16.72		7.1725e+14
   16.73		6.9266e+14
   16.74		6.6863e+14
   16.75		6.4516e+14
   16.76		6.2224e+14
   16.77		5.9986e+14
   16.78		5.7800e+14
   16.79		5.5667e+14
   16.80		5.3585e+14
   16.81		5.1554e+14
   16.82		4.9573e+14
   16.83		4.7642e+14
   16.84		4.5761e+14
   16.85		4.3928e+14
   16.86		4.2143e+14
   16.87		4.0406e+14
   16.88		3.8716e+14
   16.89		3.7073e+14
   16.90		3.5476e+14
   16.91		3.3924e+14
   16.92		3.2417e+14
   16.93		3.0954e+14
   16.94		2.9535e+14
   16.95		2.8159e+14
   16.96		2.6825e+14
   16.97		2.5534e+14
   16.98		2.4283e+14
   16.99		2.3074e+14
   17.00		2.1904e+14
   17.01		2.0775e+14
   17.02		1.9684e+14
   17.03		1.8631e+14
   17.04		1.7616e+14
   17.05		1.6638e+14
   17.06		1.5696e+14
   17.07		1.4790e+14
   17.08		1.3919e+14
   17.09		1.3082e+14
   17.10		1.2280e+14
   17.11		1.1510e+14
   17.12		1.0773e+14
   17.13		1.0068e+14
   17.14		9.3936e+13
   17.15		8.7499e+13
   17.16		8.1361e+13
   17.17		7.5515e+13
   17.18		6.9953e+13
   17.19		6.4669e+13
   17.20		5.9655e+13
   17.21		5.4906e+13
   17.22		5.0415e+13
   17.23		4.6173e+13
   17.24		4.2175e+13
   17.25		3.8414e+13
   17.26		3.4881e+13
   17.27		3.1571e+13
   17.28		2.8477e+13
   17.29		2.5591e+13
   17.30		2.2905e+13
   17.31		2.0414e+13
   17.32		1.8110e+13
   17.33		1.5985e+13
   17.34		1.4033e+13
   17.35		1.2246e+13
   17.36		1.0618e+13
   17.37		9.1398e+12
   17.38		7.8056e+12
   17.39		6.6078e+12
   17.40		5.5390e+12
   17.41		4.5919e+12
   17.42		3.7593e+12
   17.43		3.0339e+12
   17.44		2.4082e+12
   17.45		1.8749e+12
   17.46		1.4267e+12
   17.47		1.0563e+12
   17.48		7.5615e+11
   17.49		5.1897e+11
   17.50		3.3736e+11
   17.51		2.0391e+11
   17.52		1.1123e+11
   17.53		5.1909e+10
   17.54		1.8540e+10
   17.55		3.7080e+09
   17.56		0.0000e+00
   17.57		0.0000e+00
   17.58		0.0000e+00
   17.59		0.0000e+00
   17.60		0.0000e+00
   17.61		0.0000e+00
   17.62		0.0000e+00
   17.63		0.0000e+00
   17.64		0.0000e+00
   17.65		0.0000e+00
   17.66		0.0000e+00
   17.67		0.0000e+00
   17.68		0.0000e+00
   17.69		0.0000e+00
   17.70		0.0000e+00
   17.71		0.0000e+00
   17.72		0.0000e+00
   17.73		0.0000e+00
   17.74		0.0000e+00
   17.75		0.0000e+00
   17.76		0.0000e+00
   17.77		0.0000e+00
   17.78		0.0000e+00
   17.79		0.0000e+00
   17.80		0.0000e+00
   17.81		0.0000e+00
   17.82		0.0000e+00
   17.83		0.0000e+00
   17.84		0.0000e+00
   17.85		0.0000e+00
   17.86		0.0000e+00
   17.87		0.0000e+00
   17.88		0.0000e+00
   17.89		0.0000e+00
   17.90		0.0000e+00
   17.91		0.0000e+00
   17.92		0.0000e+00
   17.93		0.0000e+00
   17.94		0.0000e+00
   17.95		0.0000e+00
   17.96		0.0000e+00
   17.97		0.0000e+00
   17.98		0.0000e+00
   17.99		0.0000e+00
   18.00		0.0000e+00
   18.01		0.0000e+00
   18.02		0.0000e+00
   18.03		0.0000e+00
   18.04		0.0000e+00
   18.05		0.0000e+00
   18.06		0.0000e+00
   18.07		0.0000e+00
   18.08		0.0000e+00
   18.09		0.0000e+00
   18.10		0.0000e+00
   18.11		0.0000e+00
   18.12		0.0000e+00
   18.13		0.0000e+00
   18.14		0.0000e+00
   18.15		0.0000e+00
   18.16		0.0000e+00
   18.17		0.0000e+00
   18.18		0.0000e+00
   18.19		0.0000e+00
   18.20		0.0000e+00
   18.21		0.0000e+00
   18.22		0.0000e+00
   18.23		0.0000e+00
   18.24		0.0000e+00
   18.25		0.0000e+00
   18.26		0.0000e+00
   18.27		0.0000e+00
   18.28		0.0000e+00
   18.29		0.0000e+00
   18.30		0.0000e+00
   18.31		0.0000e+00
   18.32		0.0000e+00
   18.33		0.0000e+00
   18.34		0.0000e+00
   18.35		0.0000e+00
   18.36		0.0000e+00
   18.37		0.0000e+00
   18.38		0.0000e+00
   18.39		0.0000e+00
   18.40		0.0000e+00
   18.41		0.0000e+00
   18.42		0.0000e+00
   18.43		0.0000e+00
   18.44		0.0000e+00
   18.45		0.0000e+00
   18.46		0.0000e+00
   18.47		0.0000e+00
   18.48		0.0000e+00
   18.49		0.0000e+00
   18.50		0.0000e+00
   18.51		0.0000e+00
   18.52		0.0000e+00
   18.53		0.0000e+00
   18.54		0.0000e+00
   18.55		0.0000e+00
   18.56		0.0000e+00
   18.57		0.0000e+00
   18.58		0.0000e+00
   18.59		0.0000e+00
   18.60		0.0000e+00
   18.61		0.0000e+00
   18.62		0.0000e+00
   18.63		0.0000e+00
   18.64		0.0000e+00
   18.65		0.0000e+00
   18.66		0.0000e+00
   18.67		0.0000e+00
   18.68		0.0000e+00
   18.69		0.0000e+00
   18.70		0.0000e+00
   18.71		0.0000e+00
   18.72		0.0000e+00
   18.73		0.0000e+00
   18.74		0.0000e+00
   18.75		0.0000e+00
   18.76		0.0000e+00
   18.77		0.0000e+00
   18.78		0.0000e+00
   18.79		0.0000e+00
   18.80		0.0000e+00
   18.81		0.0000e+00
   18.82		0.0000e+00
   18.83		0.0000e+00
   18.84		0.0000e+00
   18.85		0.0000e+00
   18.86		0.0000e+00
   18.87		0.0000e+00
   18.88		0.0000e+00
   18.89		0.0000e+00
   18.90		0.0000e+00
   18.91		0.0000e+00
   18.92		0.0000e+00
   18.93		0.0000e+00
   18.94		0.0000e+00
   18.95		0.0000e+00
   18.96		0.0000e+00
   18.97		0.0000e+00
   18.98		0.0000e+00
   18.99		0.0000e+00
   19.00		0.0000e+00
   19.01		0.0000e+00
   19.02		0.0000e+00
   19.03		0.0000e+00
   19.04		0.0000e+00
   19.05		0.0000e+00
   19.06		0.0000e+00
   19.07		0.0000e+00
   19.08		0.0000e+00
   19.09		0.0000e+00
   19.10		0.0000e+00
   19.11		0.0000e+00
   19.12		0.0000e+00
   19.13		0.0000e+00
   19.14		0.0000e+00
   19.15		0.0000e+00
   19.16		0.0000e+00
   19.17		0.0000e+00
   19.18		0.0000e+00
   19.19		0.0000e+00
   19.20		0.0000e+00
   19.21		0.0000e+00
   19.22		0.0000e+00
   19.23		0.0000e+00
   19.24		0.0000e+00
   19.25		0.0000e+00
   19.26		0.0000e+00
   19.27		0.0000e+00
   19.28		0.0000e+00
   19.29		0.0000e+00
   19.30		0.0000e+00
   19.31		0.0000e+00
   19.32		0.0000e+00
   19.33		0.0000e+00
   19.34		0.0000e+00
   19.35		0.0000e+00
   19.36		0.0000e+00
   19.37		0.0000e+00
   19.38		0.0000e+00
   19.39		0.0000e+00
   19.40		0.0000e+00
   19.41		0.0000e+00
   19.42		0.0000e+00
   19.43		0.0000e+00
   19.44		0.0000e+00
   19.45		0.0000e+00
   19.46		0.0000e+00
   19.47		0.0000e+00
   19.48		0.0000e+00
   19.49		0.0000e+00
   19.50		0.0000e+00
   19.51		0.0000e+00
   19.52		0.0000e+00
   19.53		0.0000e+00
   19.54		0.0000e+00
   19.55		0.0000e+00
   19.56		0.0000e+00
   19.57		0.0000e+00
   19.58		0.0000e+00
   19.59		0.0000e+00
   19.60		0.0000e+00
   19.61		0.0000e+00
   19.62		0.0000e+00
   19.63		0.0000e+00
   19.64		0.0000e+00
   19.65		0.0000e+00
   19.66		0.0000e+00
   19.67		0.0000e+00
   19.68		0.0000e+00
   19.69		0.0000e+00
   19.70		0.0000e+00
   19.71		0.0000e+00
   19.72		0.0000e+00
   19.73		0.0000e+00
   19.74		0.0000e+00
   19.75		0.0000e+00
   19.76		0.0000e+00
   19.77		0.0000e+00
   19.78		0.0000e+00
   19.79		0.0000e+00
   19.80		0.0000e+00
   19.81		0.0000e+00
   19.82		0.0000e+00
   19.83		0.0000e+00
   19.84		0.0000e+00
   19.85		0.0000e+00
   19.86		0.0000e+00
   19.87		0.0000e+00
   19.88		0.0000e+00
   19.89		0.0000e+00
   19.90		0.0000e+00
   19.91		0.0000e+00
   19.92		0.0000e+00
   19.93		0.0000e+00
   19.94		0.0000e+00
   19.95		0.0000e+00
   19.96		0.0000e+00
   19.97		0.0000e+00
   19.98		0.0000e+00
   19.99		0.0000e+00
   20.00		0.0000e+00
   20.01		0.0000e+00
   20.02		0.0000e+00
   20.03		0.0000e+00
   20.04		0.0000e+00
   20.05		0.0000e+00
   20.06		0.0000e+00
   20.07		0.0000e+00
   20.08		0.0000e+00
   20.09		0.0000e+00
   20.10		0.0000e+00
   20.11		0.0000e+00
   20.12		0.0000e+00
   20.13		0.0000e+00
   20.14		0.0000e+00
   20.15		0.0000e+00
   20.16		0.0000e+00
   20.17		0.0000e+00
   20.18		0.0000e+00
   20.19		0.0000e+00
   20.20		0.0000e+00
   20.21		0.0000e+00
   20.22		0.0000e+00
   20.23		0.0000e+00
   20.24		0.0000e+00
   20.25		0.0000e+00
   20.26		0.0000e+00
   20.27		0.0000e+00
   20.28		0.0000e+00
   20.29		0.0000e+00
   20.30		0.0000e+00
   20.31		0.0000e+00
   20.32		0.0000e+00
   20.33		0.0000e+00
   20.34		0.0000e+00
   20.35		0.0000e+00
   20.36		0.0000e+00
   20.37		0.0000e+00
   20.38		0.0000e+00
   20.39		0.0000e+00
   20.40		0.0000e+00
   20.41		0.0000e+00
   20.42		0.0000e+00
   20.43		0.0000e+00
   20.44		0.0000e+00
   20.45		0.0000e+00
   20.46		0.0000e+00
   20.47		0.0000e+00
   20.48		0.0000e+00
   20.49		0.0000e+00
   20.50		0.0000e+00
   20.51		0.0000e+00
   20.52		0.0000e+00
   20.53		0.0000e+00
   20.54		0.0000e+00
   20.55		0.0000e+00
   20.56		0.0000e+00
   20.57		0.0000e+00
   20.58		0.0000e+00
   20.59		0.0000e+00
   20.60		0.0000e+00
   20.61		0.0000e+00
   20.62		0.0000e+00
   20.63		0.0000e+00
   20.64		0.0000e+00
   20.65		0.0000e+00
   20.66		0.0000e+00
   20.67		0.0000e+00
   20.68		0.0000e+00
   20.69		0.0000e+00
   20.70		0.0000e+00
   20.71		0.0000e+00
   20.72		0.0000e+00
   20.73		0.0000e+00
   20.74		0.0000e+00
   20.75		0.0000e+00
   20.76		0.0000e+00
   20.77		0.0000e+00
   20.78		0.0000e+00
   20.79		0.0000e+00
   20.80		0.0000e+00
   20.81		0.0000e+00
   20.82		0.0000e+00
   20.83		0.0000e+00
   20.84		0.0000e+00
   20.85		0.0000e+00
   20.86		0.0000e+00
   20.87		0.0000e+00
   20.88		0.0000e+00
   20.89		0.0000e+00
   20.90		0.0000e+00
   20.91		0.0000e+00
   20.92		0.0000e+00
   20.93		0.0000e+00
   20.94		0.0000e+00
   20.95		0.0000e+00
   20.96		0.0000e+00
   20.97		0.0000e+00
   20.98		0.0000e+00
   20.99		0.0000e+00
   21.00		0.0000e+00
   21.01		0.0000e+00
   21.02		0.0000e+00
   21.03		0.0000e+00
   21.04		0.0000e+00
   21.05		0.0000e+00
   21.06		0.0000e+00
   21.07		0.0000e+00
   21.08		0.0000e+00
   21.09		0.0000e+00
   21.10		0.0000e+00
   21.11		0.0000e+00
   21.12		0.0000e+00
   21.13		0.0000e+00
   21.14		0.0000e+00
   21.15		0.0000e+00
   21.16		0.0000e+00
   21.17		0.0000e+00
   21.18		0.0000e+00
   21.19		0.0000e+00
   21.20		0.0000e+00
   21.21		0.0000e+00
   21.22		0.0000e+00
   21.23		0.0000e+00
   21.24		0.0000e+00
   21.25		0.0000e+00
   21.26		0.0000e+00
   21.27		0.0000e+00
   21.28		0.0000e+00
   21.29		0.0000e+00
   21.30		0.0000e+00
   21.31		0.0000e+00
   21.32		0.0000e+00
   21.33		0.0000e+00
   21.34		0.0000e+00
   21.35		0.0000e+00
   21.36		0.0000e+00
   21.37		0.0000e+00
   21.38		0.0000e+00
   21.39		0.0000e+00
   21.40		0.0000e+00
   21.41		0.0000e+00
   21.42		0.0000e+00
   21.43		0.0000e+00
   21.44		0.0000e+00
   21.45		0.0000e+00
   21.46		0.0000e+00
   21.47		0.0000e+00
   21.48		0.0000e+00
   21.49		0.0000e+00
   21.50		0.0000e+00
   21.51		0.0000e+00
   21.52		0.0000e+00
   21.53		0.0000e+00
   21.54		0.0000e+00
   21.55		0.0000e+00
   21.56		0.0000e+00
   21.57		0.0000e+00
   21.58		0.0000e+00
   21.59		0.0000e+00
   21.60		0.0000e+00
   21.61		0.0000e+00
   21.62		0.0000e+00
   21.63		0.0000e+00
   21.64		0.0000e+00
   21.65		0.0000e+00
   21.66		0.0000e+00
   21.67		0.0000e+00
   21.68		0.0000e+00
   21.69		0.0000e+00
   21.70		0.0000e+00
   21.71		0.0000e+00
   21.72		0.0000e+00
   21.73		0.0000e+00
   21.74		0.0000e+00
   21.75		0.0000e+00
   21.76		0.0000e+00
   21.77		0.0000e+00
   21.78		0.0000e+00
   21.79		0.0000e+00
   21.80		0.0000e+00
   21.81		0.0000e+00
   21.82		0.0000e+00
   21.83		0.0000e+00
   21.84		0.0000e+00
   21.85		0.0000e+00
   21.86		0.0000e+00
   21.87		0.0000e+00
   21.88		0.0000e+00
   21.89		0.0000e+00
   21.90		0.0000e+00
   21.91		0.0000e+00
   21.92		0.0000e+00
   21.93		0.0000e+00
   21.94		0.0000e+00
   21.95		0.0000e+00
   21.96		0.0000e+00
   21.97		0.0000e+00
   21.98		0.0000e+00
   21.99		0.0000e+00
   22.00		0.0000e+00
   22.01		0.0000e+00
   22.02		0.0000e+00
   22.03		0.0000e+00
   22.04		0.0000e+00
   22.05		0.0000e+00
   22.06		0.0000e+00
   22.07		0.0000e+00
   22.08		0.0000e+00
   22.09		0.0000e+00
   22.10		0.0000e+00
   22.11		0.0000e+00
   22.12		0.0000e+00
   22.13		0.0000e+00
   22.14		0.0000e+00
   22.15		0.0000e+00
   22.16		0.0000e+00
   22.17		0.0000e+00
   22.18		0.0000e+00
   22.19		0.0000e+00
   22.20		0.0000e+00
   22.21		0.0000e+00
   22.22		0.0000e+00
   22.23		0.0000e+00
   22.24		0.0000e+00
   22.25		0.0000e+00
   22.26		0.0000e+00
   22.27		0.0000e+00
   22.28		0.0000e+00
   22.29		0.0000e+00
   22.30		0.0000e+00
   22.31		0.0000e+00
   22.32		0.0000e+00
   22.33		0.0000e+00
   22.34		0.0000e+00
   22.35		0.0000e+00
   22.36		0.0000e+00
   22.37		0.0000e+00
   22.38		0.0000e+00
   22.39		0.0000e+00
   22.40		0.0000e+00
   22.41		0.0000e+00
   22.42		0.0000e+00
   22.43		0.0000e+00
   22.44		0.0000e+00
   22.45		0.0000e+00
   22.46		0.0000e+00
   22.47		0.0000e+00
   22.48		0.0000e+00
   22.49		0.0000e+00
   22.50		0.0000e+00
   22.51		0.0000e+00
   22.52		0.0000e+00
   22.53		0.0000e+00
   22.54		0.0000e+00
   22.55		0.0000e+00
   22.56		0.0000e+00
   22.57		0.0000e+00
   22.58		0.0000e+00
   22.59		0.0000e+00
   22.60		0.0000e+00
   22.61		0.0000e+00
   22.62		0.0000e+00
   22.63		0.0000e+00
   22.64		0.0000e+00
   22.65		0.0000e+00
   22.66		0.0000e+00
   22.67		0.0000e+00
   22.68		0.0000e+00
   22.69		0.0000e+00
   22.70		0.0000e+00
   22.71		0.0000e+00
   22.72		0.0000e+00
   22.73		0.0000e+00
   22.74		0.0000e+00
   22.75		0.0000e+00
   22.76		0.0000e+00
   22.77		0.0000e+00
   22.78		0.0000e+00
   22.79		0.0000e+00
   22.80		0.0000e+00
   22.81		0.0000e+00
   22.82		0.0000e+00
   22.83		0.0000e+00
   22.84		0.0000e+00
   22.85		0.0000e+00
   22.86		0.0000e+00
   22.87		0.0000e+00
   22.88		0.0000e+00
   22.89		0.0000e+00
   22.90		0.0000e+00
   22.91		0.0000e+00
   22.92		0.0000e+00
   22.93		0.0000e+00
   22.94		0.0000e+00
   22.95		0.0000e+00
   22.96		0.0000e+00
   22.97		0.0000e+00
   22.98		0.0000e+00
   22.99		0.0000e+00
   23.00		0.0000e+00
   23.01		0.0000e+00
   23.02		0.0000e+00
   23.03		0.0000e+00
   23.04		0.0000e+00
   23.05		0.0000e+00
   23.06		0.0000e+00
   23.07		0.0000e+00
   23.08		0.0000e+00
   23.09		0.0000e+00
   23.10		0.0000e+00
   23.11		0.0000e+00
   23.12		0.0000e+00
   23.13		0.0000e+00
   23.14		0.0000e+00
   23.15		0.0000e+00
   23.16		0.0000e+00
   23.17		0.0000e+00
   23.18		0.0000e+00
   23.19		0.0000e+00
   23.20		0.0000e+00
   23.21		0.0000e+00
   23.22		0.0000e+00
   23.23		0.0000e+00
   23.24		0.0000e+00
   23.25		0.0000e+00
   23.26		0.0000e+00
   23.27		0.0000e+00
   23.28		0.0000e+00
   23.29		0.0000e+00
   23.30		0.0000e+00
   23.31		0.0000e+00
   23.32		0.0000e+00
   23.33		0.0000e+00
   23.34		0.0000e+00
   23.35		0.0000e+00
   23.36		0.0000e+00
   23.37		0.0000e+00
   23.38		0.0000e+00
   23.39		0.0000e+00
   23.40		0.0000e+00
   23.41		0.0000e+00
   23.42		0.0000e+00
   23.43		0.0000e+00
   23.44		0.0000e+00
   23.45		0.0000e+00
   23.46		0.0000e+00
   23.47		0.0000e+00
   23.48		0.0000e+00
   23.49		0.0000e+00
   23.50		0.0000e+00
   23.51		0.0000e+00
   23.52		0.0000e+00
   23.53		0.0000e+00
   23.54		0.0000e+00
   23.55		0.0000e+00
   23.56		0.0000e+00
   23.57		0.0000e+00
   23.58		0.0000e+00
   23.59		0.0000e+00
   23.60		0.0000e+00
   23.61		0.0000e+00
   23.62		0.0000e+00
   23.63		0.0000e+00
   23.64		0.0000e+00
   23.65		0.0000e+00
   23.66		0.0000e+00
   23.67		0.0000e+00
   23.68		0.0000e+00
   23.69		0.0000e+00
   23.70		0.0000e+00
   23.71		0.0000e+00
   23.72		0.0000e+00
   23.73		0.0000e+00
   23.74		0.0000e+00
   23.75		0.0000e+00
   23.76		0.0000e+00
   23.77		0.0000e+00
   23.78		0.0000e+00
   23.79		0.0000e+00
   23.80		0.0000e+00
   23.81		0.0000e+00
   23.82		0.0000e+00
   23.83		0.0000e+00
   23.84		0.0000e+00
   23.85		0.0000e+00
   23.86		0.0000e+00
   23.87		0.0000e+00
   23.88		0.0000e+00
   23.89		0.0000e+00
   23.90		0.0000e+00
   23.91		0.0000e+00
   23.92		0.0000e+00
   23.93		0.0000e+00
   23.94		0.0000e+00
   23.95		0.0000e+00
   23.96		0.0000e+00
   23.97		0.0000e+00
   23.98		0.0000e+00
   23.99		0.0000e+00
   24.00		0.0000e+00
   24.01		0.0000e+00
   24.02		0.0000e+00
   24.03		0.0000e+00
   24.04		0.0000e+00
   24.05		0.0000e+00
   24.06		0.0000e+00
   24.07		0.0000e+00
   24.08		0.0000e+00
   24.09		0.0000e+00
   24.10		0.0000e+00
   24.11		0.0000e+00
   24.12		0.0000e+00
   24.13		0.0000e+00
   24.14		0.0000e+00
   24.15		0.0000e+00
   24.16		0.0000e+00
   24.17		0.0000e+00
   24.18		0.0000e+00
   24.19		0.0000e+00
   24.20		0.0000e+00
   24.21		0.0000e+00
   24.22		0.0000e+00
   24.23		0.0000e+00
   24.24		0.0000e+00
   24.25		0.0000e+00
   24.26		0.0000e+00
   24.27		0.0000e+00
   24.28		0.0000e+00
   24.29		0.0000e+00
   24.30		0.0000e+00
   24.31		0.0000e+00
   24.32		0.0000e+00
   24.33		0.0000e+00
   24.34		0.0000e+00
   24.35		0.0000e+00
   24.36		0.0000e+00
   24.37		0.0000e+00
   24.38		0.0000e+00
   24.39		0.0000e+00
   24.40		0.0000e+00
   24.41		0.0000e+00
   24.42		0.0000e+00
   24.43		0.0000e+00
   24.44		0.0000e+00
   24.45		0.0000e+00
   24.46		0.0000e+00
   24.47		0.0000e+00
   24.48		0.0000e+00
   24.49		0.0000e+00
   24.50		0.0000e+00
   24.51		0.0000e+00
   24.52		0.0000e+00
   24.53		0.0000e+00
   24.54		0.0000e+00
   24.55		0.0000e+00
   24.56		0.0000e+00
   24.57		0.0000e+00
   24.58		0.0000e+00
   24.59		0.0000e+00
   24.60		0.0000e+00
   24.61		0.0000e+00
   24.62		0.0000e+00
   24.63		0.0000e+00
   24.64		0.0000e+00
   24.65		0.0000e+00
   24.66		0.0000e+00
   24.67		0.0000e+00
   24.68		0.0000e+00
   24.69		0.0000e+00
   24.70		0.0000e+00
   24.71		0.0000e+00
   24.72		0.0000e+00
   24.73		0.0000e+00
   24.74		0.0000e+00
   24.75		0.0000e+00
   24.76		0.0000e+00
   24.77		0.0000e+00
   24.78		0.0000e+00
   24.79		0.0000e+00
   24.80		0.0000e+00
   24.81		0.0000e+00
   24.82		0.0000e+00
   24.83		0.0000e+00
   24.84		0.0000e+00
   24.85		0.0000e+00
   24.86		0.0000e+00
   24.87		0.0000e+00
   24.88		0.0000e+00
   24.89		0.0000e+00
   24.90		0.0000e+00
   24.91		0.0000e+00
   24.92		0.0000e+00
   24.93		0.0000e+00
   24.94		0.0000e+00
   24.95		0.0000e+00
   24.96		0.0000e+00
   24.97		0.0000e+00
   24.98		0.0000e+00
   24.99		0.0000e+00
   25.00		0.0000e+00
   25.01		0.0000e+00
   25.02		0.0000e+00
   25.03		0.0000e+00
   25.04		0.0000e+00
   25.05		0.0000e+00
   25.06		0.0000e+00
   25.07		0.0000e+00
   25.08		0.0000e+00
   25.09		0.0000e+00
   25.10		0.0000e+00
   25.11		0.0000e+00
   25.12		0.0000e+00
   25.13		0.0000e+00
   25.14		0.0000e+00
   25.15		0.0000e+00
   25.16		0.0000e+00
