dt: 0.01
Time[s]     Moment_Rate [Nm]
    0.00		0.0000e+00
    0.01		1.8729e+12
    0.02		9.3627e+12
    0.03		2.6208e+13
    0.04		5.6137e+13
    0.05		1.0287e+14
    0.06		1.7010e+14
    0.07		2.6151e+14
    0.08		3.8076e+14
    0.09		5.3147e+14
    0.10		7.1724e+14
    0.11		9.4163e+14
    0.12		1.2082e+15
    0.13		1.5203e+15
    0.14		1.8816e+15
    0.15		2.2953e+15
    0.16		2.7648e+15
    0.17		3.2933e+15
    0.18		3.8842e+15
    0.19		4.5406e+15
    0.20		5.2655e+15
    0.21		6.0619e+15
    0.22		6.9330e+15
    0.23		7.8815e+15
    0.24		8.9102e+15
    0.25		1.0022e+16
    0.26		1.1219e+16
    0.27		1.2505e+16
    0.28		1.3881e+16
    0.29		1.5350e+16
    0.30		1.6915e+16
    0.31		1.8577e+16
    0.32		2.0339e+16
    0.33		2.2202e+16
    0.34		2.4169e+16
    0.35		2.6242e+16
    0.36		2.8421e+16
    0.37		3.0710e+16
    0.38		3.3108e+16
    0.39		3.5618e+16
    0.40		3.8241e+16
    0.41		4.0977e+16
    0.42		4.3829e+16
    0.43		4.6797e+16
    0.44		4.9881e+16
    0.45		5.3083e+16
    0.46		5.6403e+16
    0.47		5.9841e+16
    0.48		6.3398e+16
    0.49		6.7075e+16
    0.50		7.0870e+16
    0.51		7.4785e+16
    0.52		7.8819e+16
    0.53		8.2972e+16
    0.54		8.7243e+16
    0.55		9.1633e+16
    0.56		9.6140e+16
    0.57		1.0076e+17
    0.58		1.0550e+17
    0.59		1.1036e+17
    0.60		1.1533e+17
    0.61		1.2041e+17
    0.62		1.2560e+17
    0.63		1.3090e+17
    0.64		1.3631e+17
    0.65		1.4183e+17
    0.66		1.4746e+17
    0.67		1.5319e+17
    0.68		1.5902e+17
    0.69		1.6494e+17
    0.70		1.7097e+17
    0.71		1.7709e+17
    0.72		1.8331e+17
    0.73		1.8961e+17
    0.74		1.9601e+17
    0.75		2.0249e+17
    0.76		2.0905e+17
    0.77		2.1569e+17
    0.78		2.2241e+17
    0.79		2.2921e+17
    0.80		2.3607e+17
    0.81		2.4301e+17
    0.82		2.5001e+17
    0.83		2.5707e+17
    0.84		2.6419e+17
    0.85		2.7137e+17
    0.86		2.7860e+17
    0.87		2.8587e+17
    0.88		2.9318e+17
    0.89		3.0052e+17
    0.90		3.0788e+17
    0.91		3.1525e+17
    0.92		3.2264e+17
    0.93		3.3003e+17
    0.94		3.3741e+17
    0.95		3.4477e+17
    0.96		3.5212e+17
    0.97		3.5944e+17
    0.98		3.6672e+17
    0.99		3.7397e+17
    1.00		3.8116e+17
    1.01		3.8831e+17
    1.02		3.9538e+17
    1.03		4.0239e+17
    1.04		4.0933e+17
    1.05		4.1618e+17
    1.06		4.2295e+17
    1.07		4.2961e+17
    1.08		4.3618e+17
    1.09		4.4264e+17
    1.10		4.4899e+17
    1.11		4.5521e+17
    1.12		4.6131e+17
    1.13		4.6728e+17
    1.14		4.7312e+17
    1.15		4.7881e+17
    1.16		4.8435e+17
    1.17		4.8974e+17
    1.18		4.9497e+17
    1.19		5.0004e+17
    1.20		5.0494e+17
    1.21		5.0967e+17
    1.22		5.1422e+17
    1.23		5.1859e+17
    1.24		5.2278e+17
    1.25		5.2679e+17
    1.26		5.3060e+17
    1.27		5.3421e+17
    1.28		5.3763e+17
    1.29		5.4086e+17
    1.30		5.4387e+17
    1.31		5.4669e+17
    1.32		5.4930e+17
    1.33		5.5170e+17
    1.34		5.5389e+17
    1.35		5.5587e+17
    1.36		5.5764e+17
    1.37		5.5919e+17
    1.38		5.6053e+17
    1.39		5.6165e+17
    1.40		5.6256e+17
    1.41		5.6326e+17
    1.42		5.6374e+17
    1.43		5.6400e+17
    1.44		5.6406e+17
    1.45		5.6389e+17
    1.46		5.6352e+17
    1.47		5.6294e+17
    1.48		5.6215e+17
    1.49		5.6115e+17
    1.50		5.5994e+17
    1.51		5.5854e+17
    1.52		5.5693e+17
    1.53		5.5513e+17
    1.54		5.5313e+17
    1.55		5.5094e+17
    1.56		5.4856e+17
    1.57		5.4600e+17
    1.58		5.4326e+17
    1.59		5.4034e+17
    1.60		5.3725e+17
    1.61		5.3399e+17
    1.62		5.3056e+17
    1.63		5.2698e+17
    1.64		5.2325e+17
    1.65		5.1936e+17
    1.66		5.1533e+17
    1.67		5.1117e+17
    1.68		5.0687e+17
    1.69		5.0244e+17
    1.70		4.9790e+17
    1.71		4.9324e+17
    1.72		4.8847e+17
    1.73		4.8360e+17
    1.74		4.7863e+17
    1.75		4.7357e+17
    1.76		4.6843e+17
    1.77		4.6322e+17
    1.78		4.5794e+17
    1.79		4.5259e+17
    1.80		4.4719e+17
    1.81		4.4174e+17
    1.82		4.3625e+17
    1.83		4.3072e+17
    1.84		4.2517e+17
    1.85		4.1961e+17
    1.86		4.1403e+17
    1.87		4.0844e+17
    1.88		4.0286e+17
    1.89		3.9729e+17
    1.90		3.9174e+17
    1.91		3.8622e+17
    1.92		3.8074e+17
    1.93		3.7530e+17
    1.94		3.6992e+17
    1.95		3.6460e+17
    1.96		3.5937e+17
    1.97		3.5423e+17
    1.98		3.4919e+17
    1.99		3.4426e+17
    2.00		3.3946e+17
    2.01		3.3479e+17
    2.02		3.3025e+17
    2.03		3.2587e+17
    2.04		3.2163e+17
    2.05		3.1755e+17
    2.06		3.1364e+17
    2.07		3.0990e+17
    2.08		3.0634e+17
    2.09		3.0296e+17
    2.10		2.9976e+17
    2.11		2.9677e+17
    2.12		2.9397e+17
    2.13		2.9138e+17
    2.14		2.8899e+17
    2.15		2.8683e+17
    2.16		2.8488e+17
    2.17		2.8316e+17
    2.18		2.8167e+17
    2.19		2.8041e+17
    2.20		2.7939e+17
    2.21		2.7861e+17
    2.22		2.7808e+17
    2.23		2.7779e+17
    2.24		2.7776e+17
    2.25		2.7799e+17
    2.26		2.7847e+17
    2.27		2.7922e+17
    2.28		2.8024e+17
    2.29		2.8152e+17
    2.30		2.8307e+17
    2.31		2.8489e+17
    2.32		2.8698e+17
    2.33		2.8936e+17
    2.34		2.9201e+17
    2.35		2.9495e+17
    2.36		2.9818e+17
    2.37		3.0170e+17
    2.38		3.0551e+17
    2.39		3.0962e+17
    2.40		3.1402e+17
    2.41		3.1872e+17
    2.42		3.2372e+17
    2.43		3.2903e+17
    2.44		3.3464e+17
    2.45		3.4056e+17
    2.46		3.4679e+17
    2.47		3.5332e+17
    2.48		3.6018e+17
    2.49		3.6734e+17
    2.50		3.7482e+17
    2.51		3.8261e+17
    2.52		3.9073e+17
    2.53		3.9915e+17
    2.54		4.0790e+17
    2.55		4.1696e+17
    2.56		4.2634e+17
    2.57		4.3603e+17
    2.58		4.4604e+17
    2.59		4.5636e+17
    2.60		4.6699e+17
    2.61		4.7794e+17
    2.62		4.8920e+17
    2.63		5.0076e+17
    2.64		5.1263e+17
    2.65		5.2481e+17
    2.66		5.3728e+17
    2.67		5.5005e+17
    2.68		5.6312e+17
    2.69		5.7648e+17
    2.70		5.9013e+17
    2.71		6.0406e+17
    2.72		6.1828e+17
    2.73		6.3277e+17
    2.74		6.4754e+17
    2.75		6.6257e+17
    2.76		6.7787e+17
    2.77		6.9343e+17
    2.78		7.0924e+17
    2.79		7.2529e+17
    2.80		7.4158e+17
    2.81		7.5809e+17
    2.82		7.7482e+17
    2.83		7.9175e+17
    2.84		8.0889e+17
    2.85		8.2622e+17
    2.86		8.4374e+17
    2.87		8.6143e+17
    2.88		8.7930e+17
    2.89		8.9734e+17
    2.90		9.1554e+17
    2.91		9.3390e+17
    2.92		9.5241e+17
    2.93		9.7108e+17
    2.94		9.8990e+17
    2.95		1.0089e+18
    2.96		1.0280e+18
    2.97		1.0473e+18
    2.98		1.0667e+18
    2.99		1.0863e+18
    3.00		1.1061e+18
    3.01		1.1260e+18
    3.02		1.1460e+18
    3.03		1.1662e+18
    3.04		1.1866e+18
    3.05		1.2071e+18
    3.06		1.2278e+18
    3.07		1.2486e+18
    3.08		1.2696e+18
    3.09		1.2907e+18
    3.10		1.3120e+18
    3.11		1.3334e+18
    3.12		1.3550e+18
    3.13		1.3767e+18
    3.14		1.3986e+18
    3.15		1.4207e+18
    3.16		1.4429e+18
    3.17		1.4652e+18
    3.18		1.4877e+18
    3.19		1.5104e+18
    3.20		1.5332e+18
    3.21		1.5561e+18
    3.22		1.5792e+18
    3.23		1.6024e+18
    3.24		1.6257e+18
    3.25		1.6492e+18
    3.26		1.6728e+18
    3.27		1.6965e+18
    3.28		1.7204e+18
    3.29		1.7443e+18
    3.30		1.7684e+18
    3.31		1.7926e+18
    3.32		1.8169e+18
    3.33		1.8412e+18
    3.34		1.8657e+18
    3.35		1.8904e+18
    3.36		1.9151e+18
    3.37		1.9399e+18
    3.38		1.9648e+18
    3.39		1.9898e+18
    3.40		2.0149e+18
    3.41		2.0401e+18
    3.42		2.0654e+18
    3.43		2.0908e+18
    3.44		2.1162e+18
    3.45		2.1418e+18
    3.46		2.1675e+18
    3.47		2.1932e+18
    3.48		2.2190e+18
    3.49		2.2449e+18
    3.50		2.2710e+18
    3.51		2.2970e+18
    3.52		2.3232e+18
    3.53		2.3495e+18
    3.54		2.3758e+18
    3.55		2.4022e+18
    3.56		2.4288e+18
    3.57		2.4554e+18
    3.58		2.4821e+18
    3.59		2.5089e+18
    3.60		2.5358e+18
    3.61		2.5628e+18
    3.62		2.5899e+18
    3.63		2.6171e+18
    3.64		2.6443e+18
    3.65		2.6717e+18
    3.66		2.6992e+18
    3.67		2.7268e+18
    3.68		2.7545e+18
    3.69		2.7822e+18
    3.70		2.8101e+18
    3.71		2.8381e+18
    3.72		2.8662e+18
    3.73		2.8944e+18
    3.74		2.9226e+18
    3.75		2.9510e+18
    3.76		2.9795e+18
    3.77		3.0081e+18
    3.78		3.0367e+18
    3.79		3.0655e+18
    3.80		3.0943e+18
    3.81		3.1232e+18
    3.82		3.1521e+18
    3.83		3.1812e+18
    3.84		3.2102e+18
    3.85		3.2393e+18
    3.86		3.2685e+18
    3.87		3.2977e+18
    3.88		3.3269e+18
    3.89		3.3561e+18
    3.90		3.3854e+18
    3.91		3.4146e+18
    3.92		3.4438e+18
    3.93		3.4731e+18
    3.94		3.5023e+18
    3.95		3.5314e+18
    3.96		3.5605e+18
    3.97		3.5895e+18
    3.98		3.6185e+18
    3.99		3.6474e+18
    4.00		3.6762e+18
    4.01		3.7049e+18
    4.02		3.7334e+18
    4.03		3.7619e+18
    4.04		3.7902e+18
    4.05		3.8183e+18
    4.06		3.8463e+18
    4.07		3.8742e+18
    4.08		3.9019e+18
    4.09		3.9294e+18
    4.10		3.9567e+18
    4.11		3.9838e+18
    4.12		4.0107e+18
    4.13		4.0374e+18
    4.14		4.0638e+18
    4.15		4.0900e+18
    4.16		4.1160e+18
    4.17		4.1418e+18
    4.18		4.1672e+18
    4.19		4.1924e+18
    4.20		4.2174e+18
    4.21		4.2420e+18
    4.22		4.2663e+18
    4.23		4.2903e+18
    4.24		4.3140e+18
    4.25		4.3374e+18
    4.26		4.3604e+18
    4.27		4.3830e+18
    4.28		4.4053e+18
    4.29		4.4272e+18
    4.30		4.4487e+18
    4.31		4.4698e+18
    4.32		4.4905e+18
    4.33		4.5108e+18
    4.34		4.5307e+18
    4.35		4.5501e+18
    4.36		4.5691e+18
    4.37		4.5877e+18
    4.38		4.6057e+18
    4.39		4.6234e+18
    4.40		4.6405e+18
    4.41		4.6572e+18
    4.42		4.6733e+18
    4.43		4.6890e+18
    4.44		4.7041e+18
    4.45		4.7188e+18
    4.46		4.7329e+18
    4.47		4.7465e+18
    4.48		4.7596e+18
    4.49		4.7722e+18
    4.50		4.7842e+18
    4.51		4.7957e+18
    4.52		4.8066e+18
    4.53		4.8170e+18
    4.54		4.8269e+18
    4.55		4.8363e+18
    4.56		4.8451e+18
    4.57		4.8534e+18
    4.58		4.8611e+18
    4.59		4.8684e+18
    4.60		4.8751e+18
    4.61		4.8814e+18
    4.62		4.8871e+18
    4.63		4.8923e+18
    4.64		4.8970e+18
    4.65		4.9012e+18
    4.66		4.9050e+18
    4.67		4.9083e+18
    4.68		4.9111e+18
    4.69		4.9134e+18
    4.70		4.9153e+18
    4.71		4.9168e+18
    4.72		4.9178e+18
    4.73		4.9184e+18
    4.74		4.9186e+18
    4.75		4.9184e+18
    4.76		4.9177e+18
    4.77		4.9167e+18
    4.78		4.9154e+18
    4.79		4.9136e+18
    4.80		4.9116e+18
    4.81		4.9092e+18
    4.82		4.9065e+18
    4.83		4.9035e+18
    4.84		4.9003e+18
    4.85		4.8968e+18
    4.86		4.8931e+18
    4.87		4.8891e+18
    4.88		4.8849e+18
    4.89		4.8805e+18
    4.90		4.8760e+18
    4.91		4.8713e+18
    4.92		4.8664e+18
    4.93		4.8614e+18
    4.94		4.8563e+18
    4.95		4.8510e+18
    4.96		4.8456e+18
    4.97		4.8401e+18
    4.98		4.8344e+18
    4.99		4.8287e+18
    5.00		4.8229e+18
    5.01		4.8169e+18
    5.02		4.8109e+18
    5.03		4.8048e+18
    5.04		4.7987e+18
    5.05		4.7924e+18
    5.06		4.7861e+18
    5.07		4.7798e+18
    5.08		4.7734e+18
    5.09		4.7670e+18
    5.10		4.7606e+18
    5.11		4.7541e+18
    5.12		4.7477e+18
    5.13		4.7412e+18
    5.14		4.7348e+18
    5.15		4.7284e+18
    5.16		4.7220e+18
    5.17		4.7157e+18
    5.18		4.7094e+18
    5.19		4.7032e+18
    5.20		4.6971e+18
    5.21		4.6910e+18
    5.22		4.6850e+18
    5.23		4.6791e+18
    5.24		4.6733e+18
    5.25		4.6676e+18
    5.26		4.6620e+18
    5.27		4.6565e+18
    5.28		4.6511e+18
    5.29		4.6458e+18
    5.30		4.6407e+18
    5.31		4.6357e+18
    5.32		4.6308e+18
    5.33		4.6260e+18
    5.34		4.6214e+18
    5.35		4.6169e+18
    5.36		4.6125e+18
    5.37		4.6082e+18
    5.38		4.6040e+18
    5.39		4.6000e+18
    5.40		4.5961e+18
    5.41		4.5922e+18
    5.42		4.5885e+18
    5.43		4.5849e+18
    5.44		4.5813e+18
    5.45		4.5779e+18
    5.46		4.5745e+18
    5.47		4.5712e+18
    5.48		4.5680e+18
    5.49		4.5649e+18
    5.50		4.5618e+18
    5.51		4.5588e+18
    5.52		4.5558e+18
    5.53		4.5529e+18
    5.54		4.5500e+18
    5.55		4.5471e+18
    5.56		4.5443e+18
    5.57		4.5415e+18
    5.58		4.5387e+18
    5.59		4.5358e+18
    5.60		4.5330e+18
    5.61		4.5302e+18
    5.62		4.5273e+18
    5.63		4.5244e+18
    5.64		4.5214e+18
    5.65		4.5184e+18
    5.66		4.5153e+18
    5.67		4.5122e+18
    5.68		4.5089e+18
    5.69		4.5056e+18
    5.70		4.5022e+18
    5.71		4.4986e+18
    5.72		4.4950e+18
    5.73		4.4912e+18
    5.74		4.4873e+18
    5.75		4.4832e+18
    5.76		4.4790e+18
    5.77		4.4747e+18
    5.78		4.4701e+18
    5.79		4.4655e+18
    5.80		4.4607e+18
    5.81		4.4557e+18
    5.82		4.4506e+18
    5.83		4.4453e+18
    5.84		4.4399e+18
    5.85		4.4344e+18
    5.86		4.4287e+18
    5.87		4.4228e+18
    5.88		4.4168e+18
    5.89		4.4107e+18
    5.90		4.4045e+18
    5.91		4.3981e+18
    5.92		4.3915e+18
    5.93		4.3849e+18
    5.94		4.3781e+18
    5.95		4.3711e+18
    5.96		4.3641e+18
    5.97		4.3569e+18
    5.98		4.3495e+18
    5.99		4.3420e+18
    6.00		4.3343e+18
    6.01		4.3265e+18
    6.02		4.3186e+18
    6.03		4.3105e+18
    6.04		4.3022e+18
    6.05		4.2938e+18
    6.06		4.2853e+18
    6.07		4.2766e+18
    6.08		4.2677e+18
    6.09		4.2587e+18
    6.10		4.2496e+18
    6.11		4.2403e+18
    6.12		4.2308e+18
    6.13		4.2212e+18
    6.14		4.2115e+18
    6.15		4.2016e+18
    6.16		4.1916e+18
    6.17		4.1814e+18
    6.18		4.1712e+18
    6.19		4.1608e+18
    6.20		4.1502e+18
    6.21		4.1396e+18
    6.22		4.1289e+18
    6.23		4.1180e+18
    6.24		4.1070e+18
    6.25		4.0960e+18
    6.26		4.0848e+18
    6.27		4.0736e+18
    6.28		4.0623e+18
    6.29		4.0509e+18
    6.30		4.0394e+18
    6.31		4.0279e+18
    6.32		4.0163e+18
    6.33		4.0046e+18
    6.34		3.9929e+18
    6.35		3.9811e+18
    6.36		3.9693e+18
    6.37		3.9574e+18
    6.38		3.9455e+18
    6.39		3.9335e+18
    6.40		3.9215e+18
    6.41		3.9094e+18
    6.42		3.8974e+18
    6.43		3.8852e+18
    6.44		3.8731e+18
    6.45		3.8610e+18
    6.46		3.8488e+18
    6.47		3.8366e+18
    6.48		3.8244e+18
    6.49		3.8123e+18
    6.50		3.8001e+18
    6.51		3.7879e+18
    6.52		3.7757e+18
    6.53		3.7635e+18
    6.54		3.7514e+18
    6.55		3.7392e+18
    6.56		3.7270e+18
    6.57		3.7149e+18
    6.58		3.7027e+18
    6.59		3.6905e+18
    6.60		3.6784e+18
    6.61		3.6662e+18
    6.62		3.6540e+18
    6.63		3.6418e+18
    6.64		3.6297e+18
    6.65		3.6175e+18
    6.66		3.6053e+18
    6.67		3.5931e+18
    6.68		3.5809e+18
    6.69		3.5687e+18
    6.70		3.5565e+18
    6.71		3.5443e+18
    6.72		3.5321e+18
    6.73		3.5199e+18
    6.74		3.5077e+18
    6.75		3.4955e+18
    6.76		3.4832e+18
    6.77		3.4710e+18
    6.78		3.4587e+18
    6.79		3.4464e+18
    6.80		3.4341e+18
    6.81		3.4218e+18
    6.82		3.4095e+18
    6.83		3.3971e+18
    6.84		3.3848e+18
    6.85		3.3724e+18
    6.86		3.3600e+18
    6.87		3.3476e+18
    6.88		3.3352e+18
    6.89		3.3227e+18
    6.90		3.3103e+18
    6.91		3.2978e+18
    6.92		3.2853e+18
    6.93		3.2727e+18
    6.94		3.2602e+18
    6.95		3.2476e+18
    6.96		3.2351e+18
    6.97		3.2224e+18
    6.98		3.2098e+18
    6.99		3.1971e+18
    7.00		3.1844e+18
    7.01		3.1717e+18
    7.02		3.1590e+18
    7.03		3.1462e+18
    7.04		3.1334e+18
    7.05		3.1206e+18
    7.06		3.1077e+18
    7.07		3.0949e+18
    7.08		3.0819e+18
    7.09		3.0690e+18
    7.10		3.0560e+18
    7.11		3.0430e+18
    7.12		3.0300e+18
    7.13		3.0169e+18
    7.14		3.0038e+18
    7.15		2.9907e+18
    7.16		2.9775e+18
    7.17		2.9643e+18
    7.18		2.9510e+18
    7.19		2.9377e+18
    7.20		2.9243e+18
    7.21		2.9110e+18
    7.22		2.8975e+18
    7.23		2.8841e+18
    7.24		2.8706e+18
    7.25		2.8570e+18
    7.26		2.8434e+18
    7.27		2.8298e+18
    7.28		2.8162e+18
    7.29		2.8025e+18
    7.30		2.7888e+18
    7.31		2.7751e+18
    7.32		2.7613e+18
    7.33		2.7475e+18
    7.34		2.7336e+18
    7.35		2.7198e+18
    7.36		2.7059e+18
    7.37		2.6920e+18
    7.38		2.6780e+18
    7.39		2.6641e+18
    7.40		2.6501e+18
    7.41		2.6362e+18
    7.42		2.6222e+18
    7.43		2.6082e+18
    7.44		2.5942e+18
    7.45		2.5802e+18
    7.46		2.5663e+18
    7.47		2.5523e+18
    7.48		2.5384e+18
    7.49		2.5244e+18
    7.50		2.5105e+18
    7.51		2.4966e+18
    7.52		2.4828e+18
    7.53		2.4689e+18
    7.54		2.4551e+18
    7.55		2.4414e+18
    7.56		2.4276e+18
    7.57		2.4139e+18
    7.58		2.4002e+18
    7.59		2.3865e+18
    7.60		2.3729e+18
    7.61		2.3593e+18
    7.62		2.3458e+18
    7.63		2.3323e+18
    7.64		2.3189e+18
    7.65		2.3055e+18
    7.66		2.2922e+18
    7.67		2.2789e+18
    7.68		2.2657e+18
    7.69		2.2526e+18
    7.70		2.2395e+18
    7.71		2.2266e+18
    7.72		2.2136e+18
    7.73		2.2008e+18
    7.74		2.1880e+18
    7.75		2.1753e+18
    7.76		2.1627e+18
    7.77		2.1502e+18
    7.78		2.1378e+18
    7.79		2.1254e+18
    7.80		2.1131e+18
    7.81		2.1010e+18
    7.82		2.0889e+18
    7.83		2.0769e+18
    7.84		2.0650e+18
    7.85		2.0532e+18
    7.86		2.0415e+18
    7.87		2.0298e+18
    7.88		2.0183e+18
    7.89		2.0069e+18
    7.90		1.9955e+18
    7.91		1.9843e+18
    7.92		1.9731e+18
    7.93		1.9621e+18
    7.94		1.9511e+18
    7.95		1.9403e+18
    7.96		1.9295e+18
    7.97		1.9189e+18
    7.98		1.9083e+18
    7.99		1.8978e+18
    8.00		1.8875e+18
    8.01		1.8772e+18
    8.02		1.8671e+18
    8.03		1.8570e+18
    8.04		1.8471e+18
    8.05		1.8372e+18
    8.06		1.8275e+18
    8.07		1.8178e+18
    8.08		1.8083e+18
    8.09		1.7989e+18
    8.10		1.7895e+18
    8.11		1.7803e+18
    8.12		1.7711e+18
    8.13		1.7621e+18
    8.14		1.7531e+18
    8.15		1.7442e+18
    8.16		1.7355e+18
    8.17		1.7268e+18
    8.18		1.7182e+18
    8.19		1.7097e+18
    8.20		1.7013e+18
    8.21		1.6929e+18
    8.22		1.6847e+18
    8.23		1.6765e+18
    8.24		1.6684e+18
    8.25		1.6604e+18
    8.26		1.6525e+18
    8.27		1.6447e+18
    8.28		1.6369e+18
    8.29		1.6293e+18
    8.30		1.6217e+18
    8.31		1.6141e+18
    8.32		1.6067e+18
    8.33		1.5993e+18
    8.34		1.5921e+18
    8.35		1.5848e+18
    8.36		1.5777e+18
    8.37		1.5706e+18
    8.38		1.5636e+18
    8.39		1.5567e+18
    8.40		1.5498e+18
    8.41		1.5430e+18
    8.42		1.5363e+18
    8.43		1.5297e+18
    8.44		1.5231e+18
    8.45		1.5166e+18
    8.46		1.5101e+18
    8.47		1.5037e+18
    8.48		1.4974e+18
    8.49		1.4911e+18
    8.50		1.4849e+18
    8.51		1.4788e+18
    8.52		1.4727e+18
    8.53		1.4667e+18
    8.54		1.4608e+18
    8.55		1.4549e+18
    8.56		1.4491e+18
    8.57		1.4433e+18
    8.58		1.4376e+18
    8.59		1.4319e+18
    8.60		1.4263e+18
    8.61		1.4208e+18
    8.62		1.4153e+18
    8.63		1.4099e+18
    8.64		1.4045e+18
    8.65		1.3992e+18
    8.66		1.3939e+18
    8.67		1.3887e+18
    8.68		1.3835e+18
    8.69		1.3784e+18
    8.70		1.3734e+18
    8.71		1.3684e+18
    8.72		1.3634e+18
    8.73		1.3585e+18
    8.74		1.3537e+18
    8.75		1.3489e+18
    8.76		1.3442e+18
    8.77		1.3395e+18
    8.78		1.3348e+18
    8.79		1.3302e+18
    8.80		1.3256e+18
    8.81		1.3211e+18
    8.82		1.3167e+18
    8.83		1.3122e+18
    8.84		1.3078e+18
    8.85		1.3035e+18
    8.86		1.2992e+18
    8.87		1.2949e+18
    8.88		1.2907e+18
    8.89		1.2864e+18
    8.90		1.2823e+18
    8.91		1.2781e+18
    8.92		1.2740e+18
    8.93		1.2699e+18
    8.94		1.2659e+18
    8.95		1.2618e+18
    8.96		1.2578e+18
    8.97		1.2538e+18
    8.98		1.2499e+18
    8.99		1.2460e+18
    9.00		1.2421e+18
    9.01		1.2382e+18
    9.02		1.2343e+18
    9.03		1.2305e+18
    9.04		1.2266e+18
    9.05		1.2228e+18
    9.06		1.2190e+18
    9.07		1.2152e+18
    9.08		1.2115e+18
    9.09		1.2077e+18
    9.10		1.2040e+18
    9.11		1.2002e+18
    9.12		1.1965e+18
    9.13		1.1928e+18
    9.14		1.1890e+18
    9.15		1.1853e+18
    9.16		1.1816e+18
    9.17		1.1779e+18
    9.18		1.1742e+18
    9.19		1.1705e+18
    9.20		1.1667e+18
    9.21		1.1630e+18
    9.22		1.1593e+18
    9.23		1.1556e+18
    9.24		1.1519e+18
    9.25		1.1482e+18
    9.26		1.1445e+18
    9.27		1.1408e+18
    9.28		1.1371e+18
    9.29		1.1333e+18
    9.30		1.1296e+18
    9.31		1.1259e+18
    9.32		1.1222e+18
    9.33		1.1184e+18
    9.34		1.1147e+18
    9.35		1.1110e+18
    9.36		1.1072e+18
    9.37		1.1035e+18
    9.38		1.0997e+18
    9.39		1.0960e+18
    9.40		1.0922e+18
    9.41		1.0884e+18
    9.42		1.0846e+18
    9.43		1.0808e+18
    9.44		1.0770e+18
    9.45		1.0732e+18
    9.46		1.0694e+18
    9.47		1.0656e+18
    9.48		1.0617e+18
    9.49		1.0579e+18
    9.50		1.0540e+18
    9.51		1.0501e+18
    9.52		1.0463e+18
    9.53		1.0424e+18
    9.54		1.0385e+18
    9.55		1.0346e+18
    9.56		1.0306e+18
    9.57		1.0267e+18
    9.58		1.0228e+18
    9.59		1.0188e+18
    9.60		1.0148e+18
    9.61		1.0109e+18
    9.62		1.0069e+18
    9.63		1.0029e+18
    9.64		9.9890e+17
    9.65		9.9490e+17
    9.66		9.9089e+17
    9.67		9.8687e+17
    9.68		9.8285e+17
    9.69		9.7882e+17
    9.70		9.7478e+17
    9.71		9.7074e+17
    9.72		9.6669e+17
    9.73		9.6264e+17
    9.74		9.5859e+17
    9.75		9.5453e+17
    9.76		9.5047e+17
    9.77		9.4641e+17
    9.78		9.4235e+17
    9.79		9.3829e+17
    9.80		9.3423e+17
    9.81		9.3017e+17
    9.82		9.2611e+17
    9.83		9.2205e+17
    9.84		9.1800e+17
    9.85		9.1395e+17
    9.86		9.0991e+17
    9.87		9.0587e+17
    9.88		9.0184e+17
    9.89		8.9781e+17
    9.90		8.9379e+17
    9.91		8.8977e+17
    9.92		8.8577e+17
    9.93		8.8177e+17
    9.94		8.7778e+17
    9.95		8.7380e+17
    9.96		8.6984e+17
    9.97		8.6588e+17
    9.98		8.6193e+17
    9.99		8.5799e+17
   10.00		8.5407e+17
   10.01		8.5016e+17
   10.02		8.4626e+17
   10.03		8.4238e+17
   10.04		8.3851e+17
   10.05		8.3465e+17
   10.06		8.3081e+17
   10.07		8.2698e+17
   10.08		8.2317e+17
   10.09		8.1937e+17
   10.10		8.1559e+17
   10.11		8.1183e+17
   10.12		8.0808e+17
   10.13		8.0434e+17
   10.14		8.0063e+17
   10.15		7.9693e+17
   10.16		7.9324e+17
   10.17		7.8958e+17
   10.18		7.8593e+17
   10.19		7.8230e+17
   10.20		7.7869e+17
   10.21		7.7509e+17
   10.22		7.7152e+17
   10.23		7.6796e+17
   10.24		7.6442e+17
   10.25		7.6090e+17
   10.26		7.5740e+17
   10.27		7.5391e+17
   10.28		7.5045e+17
   10.29		7.4701e+17
   10.30		7.4358e+17
   10.31		7.4018e+17
   10.32		7.3679e+17
   10.33		7.3342e+17
   10.34		7.3008e+17
   10.35		7.2675e+17
   10.36		7.2344e+17
   10.37		7.2014e+17
   10.38		7.1687e+17
   10.39		7.1361e+17
   10.40		7.1037e+17
   10.41		7.0715e+17
   10.42		7.0394e+17
   10.43		7.0075e+17
   10.44		6.9757e+17
   10.45		6.9441e+17
   10.46		6.9127e+17
   10.47		6.8814e+17
   10.48		6.8502e+17
   10.49		6.8192e+17
   10.50		6.7883e+17
   10.51		6.7575e+17
   10.52		6.7268e+17
   10.53		6.6963e+17
   10.54		6.6659e+17
   10.55		6.6355e+17
   10.56		6.6053e+17
   10.57		6.5752e+17
   10.58		6.5451e+17
   10.59		6.5152e+17
   10.60		6.4853e+17
   10.61		6.4555e+17
   10.62		6.4258e+17
   10.63		6.3961e+17
   10.64		6.3665e+17
   10.65		6.3370e+17
   10.66		6.3075e+17
   10.67		6.2780e+17
   10.68		6.2486e+17
   10.69		6.2192e+17
   10.70		6.1899e+17
   10.71		6.1605e+17
   10.72		6.1312e+17
   10.73		6.1019e+17
   10.74		6.0726e+17
   10.75		6.0433e+17
   10.76		6.0140e+17
   10.77		5.9847e+17
   10.78		5.9554e+17
   10.79		5.9260e+17
   10.80		5.8967e+17
   10.81		5.8674e+17
   10.82		5.8380e+17
   10.83		5.8086e+17
   10.84		5.7792e+17
   10.85		5.7498e+17
   10.86		5.7204e+17
   10.87		5.6909e+17
   10.88		5.6614e+17
   10.89		5.6319e+17
   10.90		5.6023e+17
   10.91		5.5727e+17
   10.92		5.5431e+17
   10.93		5.5134e+17
   10.94		5.4837e+17
   10.95		5.4539e+17
   10.96		5.4241e+17
   10.97		5.3942e+17
   10.98		5.3643e+17
   10.99		5.3344e+17
   11.00		5.3044e+17
   11.01		5.2744e+17
   11.02		5.2443e+17
   11.03		5.2141e+17
   11.04		5.1839e+17
   11.05		5.1537e+17
   11.06		5.1234e+17
   11.07		5.0930e+17
   11.08		5.0626e+17
   11.09		5.0321e+17
   11.10		5.0016e+17
   11.11		4.9710e+17
   11.12		4.9403e+17
   11.13		4.9096e+17
   11.14		4.8788e+17
   11.15		4.8480e+17
   11.16		4.8170e+17
   11.17		4.7861e+17
   11.18		4.7550e+17
   11.19		4.7239e+17
   11.20		4.6928e+17
   11.21		4.6615e+17
   11.22		4.6303e+17
   11.23		4.5990e+17
   11.24		4.5676e+17
   11.25		4.5362e+17
   11.26		4.5047e+17
   11.27		4.4732e+17
   11.28		4.4417e+17
   11.29		4.4101e+17
   11.30		4.3785e+17
   11.31		4.3469e+17
   11.32		4.3152e+17
   11.33		4.2835e+17
   11.34		4.2518e+17
   11.35		4.2200e+17
   11.36		4.1883e+17
   11.37		4.1565e+17
   11.38		4.1247e+17
   11.39		4.0928e+17
   11.40		4.0610e+17
   11.41		4.0291e+17
   11.42		3.9973e+17
   11.43		3.9654e+17
   11.44		3.9335e+17
   11.45		3.9017e+17
   11.46		3.8698e+17
   11.47		3.8380e+17
   11.48		3.8061e+17
   11.49		3.7743e+17
   11.50		3.7424e+17
   11.51		3.7106e+17
   11.52		3.6789e+17
   11.53		3.6471e+17
   11.54		3.6154e+17
   11.55		3.5837e+17
   11.56		3.5520e+17
   11.57		3.5204e+17
   11.58		3.4889e+17
   11.59		3.4574e+17
   11.60		3.4259e+17
   11.61		3.3945e+17
   11.62		3.3632e+17
   11.63		3.3320e+17
   11.64		3.3008e+17
   11.65		3.2697e+17
   11.66		3.2387e+17
   11.67		3.2078e+17
   11.68		3.1770e+17
   11.69		3.1462e+17
   11.70		3.1156e+17
   11.71		3.0850e+17
   11.72		3.0546e+17
   11.73		3.0243e+17
   11.74		2.9940e+17
   11.75		2.9639e+17
   11.76		2.9340e+17
   11.77		2.9041e+17
   11.78		2.8744e+17
   11.79		2.8449e+17
   11.80		2.8155e+17
   11.81		2.7862e+17
   11.82		2.7571e+17
   11.83		2.7281e+17
   11.84		2.6993e+17
   11.85		2.6707e+17
   11.86		2.6422e+17
   11.87		2.6140e+17
   11.88		2.5859e+17
   11.89		2.5580e+17
   11.90		2.5303e+17
   11.91		2.5027e+17
   11.92		2.4754e+17
   11.93		2.4483e+17
   11.94		2.4214e+17
   11.95		2.3947e+17
   11.96		2.3682e+17
   11.97		2.3419e+17
   11.98		2.3158e+17
   11.99		2.2900e+17
   12.00		2.2643e+17
   12.01		2.2389e+17
   12.02		2.2137e+17
   12.03		2.1888e+17
   12.04		2.1640e+17
   12.05		2.1395e+17
   12.06		2.1152e+17
   12.07		2.0911e+17
   12.08		2.0673e+17
   12.09		2.0436e+17
   12.10		2.0202e+17
   12.11		1.9971e+17
   12.12		1.9741e+17
   12.13		1.9514e+17
   12.14		1.9289e+17
   12.15		1.9066e+17
   12.16		1.8846e+17
   12.17		1.8628e+17
   12.18		1.8412e+17
   12.19		1.8198e+17
   12.20		1.7987e+17
   12.21		1.7777e+17
   12.22		1.7570e+17
   12.23		1.7366e+17
   12.24		1.7163e+17
   12.25		1.6963e+17
   12.26		1.6765e+17
   12.27		1.6569e+17
   12.28		1.6375e+17
   12.29		1.6184e+17
   12.30		1.5994e+17
   12.31		1.5807e+17
   12.32		1.5622e+17
   12.33		1.5439e+17
   12.34		1.5258e+17
   12.35		1.5079e+17
   12.36		1.4903e+17
   12.37		1.4728e+17
   12.38		1.4556e+17
   12.39		1.4385e+17
   12.40		1.4217e+17
   12.41		1.4050e+17
   12.42		1.3886e+17
   12.43		1.3723e+17
   12.44		1.3563e+17
   12.45		1.3404e+17
   12.46		1.3247e+17
   12.47		1.3092e+17
   12.48		1.2939e+17
   12.49		1.2788e+17
   12.50		1.2639e+17
   12.51		1.2491e+17
   12.52		1.2345e+17
   12.53		1.2200e+17
   12.54		1.2058e+17
   12.55		1.1917e+17
   12.56		1.1777e+17
   12.57		1.1639e+17
   12.58		1.1503e+17
   12.59		1.1369e+17
   12.60		1.1235e+17
   12.61		1.1104e+17
   12.62		1.0973e+17
   12.63		1.0845e+17
   12.64		1.0717e+17
   12.65		1.0591e+17
   12.66		1.0466e+17
   12.67		1.0343e+17
   12.68		1.0220e+17
   12.69		1.0099e+17
   12.70		9.9795e+16
   12.71		9.8609e+16
   12.72		9.7434e+16
   12.73		9.6270e+16
   12.74		9.5118e+16
   12.75		9.3977e+16
   12.76		9.2846e+16
   12.77		9.1725e+16
   12.78		9.0615e+16
   12.79		8.9515e+16
   12.80		8.8425e+16
   12.81		8.7344e+16
   12.82		8.6273e+16
   12.83		8.5212e+16
   12.84		8.4161e+16
   12.85		8.3118e+16
   12.86		8.2085e+16
   12.87		8.1061e+16
   12.88		8.0047e+16
   12.89		7.9042e+16
   12.90		7.8045e+16
   12.91		7.7058e+16
   12.92		7.6079e+16
   12.93		7.5110e+16
   12.94		7.4149e+16
   12.95		7.3197e+16
   12.96		7.2253e+16
   12.97		7.1318e+16
   12.98		7.0392e+16
   12.99		6.9474e+16
   13.00		6.8564e+16
   13.01		6.7663e+16
   13.02		6.6770e+16
   13.03		6.5885e+16
   13.04		6.5009e+16
   13.05		6.4141e+16
   13.06		6.3280e+16
   13.07		6.2428e+16
   13.08		6.1584e+16
   13.09		6.0748e+16
   13.10		5.9920e+16
   13.11		5.9100e+16
   13.12		5.8288e+16
   13.13		5.7483e+16
   13.14		5.6687e+16
   13.15		5.5898e+16
   13.16		5.5116e+16
   13.17		5.4343e+16
   13.18		5.3576e+16
   13.19		5.2818e+16
   13.20		5.2066e+16
   13.21		5.1323e+16
   13.22		5.0586e+16
   13.23		4.9856e+16
   13.24		4.9134e+16
   13.25		4.8419e+16
   13.26		4.7711e+16
   13.27		4.7009e+16
   13.28		4.6315e+16
   13.29		4.5627e+16
   13.30		4.4946e+16
   13.31		4.4272e+16
   13.32		4.3605e+16
   13.33		4.2944e+16
   13.34		4.2289e+16
   13.35		4.1641e+16
   13.36		4.1000e+16
   13.37		4.0365e+16
   13.38		3.9736e+16
   13.39		3.9114e+16
   13.40		3.8498e+16
   13.41		3.7888e+16
   13.42		3.7285e+16
   13.43		3.6688e+16
   13.44		3.6097e+16
   13.45		3.5512e+16
   13.46		3.4934e+16
   13.47		3.4361e+16
   13.48		3.3795e+16
   13.49		3.3235e+16
   13.50		3.2681e+16
   13.51		3.2133e+16
   13.52		3.1591e+16
   13.53		3.1055e+16
   13.54		3.0525e+16
   13.55		3.0001e+16
   13.56		2.9483e+16
   13.57		2.8971e+16
   13.58		2.8464e+16
   13.59		2.7964e+16
   13.60		2.7469e+16
   13.61		2.6980e+16
   13.62		2.6496e+16
   13.63		2.6019e+16
   13.64		2.5546e+16
   13.65		2.5080e+16
   13.66		2.4619e+16
   13.67		2.4164e+16
   13.68		2.3714e+16
   13.69		2.3270e+16
   13.70		2.2832e+16
   13.71		2.2399e+16
   13.72		2.1971e+16
   13.73		2.1549e+16
   13.74		2.1133e+16
   13.75		2.0722e+16
   13.76		2.0316e+16
   13.77		1.9916e+16
   13.78		1.9521e+16
   13.79		1.9132e+16
   13.80		1.8748e+16
   13.81		1.8370e+16
   13.82		1.7997e+16
   13.83		1.7630e+16
   13.84		1.7268e+16
   13.85		1.6911e+16
   13.86		1.6560e+16
   13.87		1.6214e+16
   13.88		1.5874e+16
   13.89		1.5539e+16
   13.90		1.5210e+16
   13.91		1.4885e+16
   13.92		1.4566e+16
   13.93		1.4253e+16
   13.94		1.3944e+16
   13.95		1.3641e+16
   13.96		1.3343e+16
   13.97		1.3050e+16
   13.98		1.2762e+16
   13.99		1.2479e+16
   14.00		1.2201e+16
   14.01		1.1928e+16
   14.02		1.1660e+16
   14.03		1.1396e+16
   14.04		1.1138e+16
   14.05		1.0884e+16
   14.06		1.0635e+16
   14.07		1.0391e+16
   14.08		1.0151e+16
   14.09		9.9156e+15
   14.10		9.6849e+15
   14.11		9.4587e+15
   14.12		9.2369e+15
   14.13		9.0195e+15
   14.14		8.8065e+15
   14.15		8.5978e+15
   14.16		8.3932e+15
   14.17		8.1929e+15
   14.18		7.9967e+15
   14.19		7.8045e+15
   14.20		7.6164e+15
   14.21		7.4322e+15
   14.22		7.2519e+15
   14.23		7.0754e+15
   14.24		6.9028e+15
   14.25		6.7338e+15
   14.26		6.5685e+15
   14.27		6.4069e+15
   14.28		6.2488e+15
   14.29		6.0942e+15
   14.30		5.9430e+15
   14.31		5.7953e+15
   14.32		5.6509e+15
   14.33		5.5098e+15
   14.34		5.3720e+15
   14.35		5.2374e+15
   14.36		5.1060e+15
   14.37		4.9778e+15
   14.38		4.8526e+15
   14.39		4.7305e+15
   14.40		4.6114e+15
   14.41		4.4953e+15
   14.42		4.3820e+15
   14.43		4.2716e+15
   14.44		4.1640e+15
   14.45		4.0591e+15
   14.46		3.9569e+15
   14.47		3.8572e+15
   14.48		3.7602e+15
   14.49		3.6657e+15
   14.50		3.5736e+15
   14.51		3.4840e+15
   14.52		3.3967e+15
   14.53		3.3117e+15
   14.54		3.2290e+15
   14.55		3.1485e+15
   14.56		3.0701e+15
   14.57		2.9938e+15
   14.58		2.9196e+15
   14.59		2.8473e+15
   14.60		2.7769e+15
   14.61		2.7084e+15
   14.62		2.6417e+15
   14.63		2.5768e+15
   14.64		2.5135e+15
   14.65		2.4519e+15
   14.66		2.3918e+15
   14.67		2.3332e+15
   14.68		2.2762e+15
   14.69		2.2205e+15
   14.70		2.1662e+15
   14.71		2.1133e+15
   14.72		2.0617e+15
   14.73		2.0114e+15
   14.74		1.9623e+15
   14.75		1.9144e+15
   14.76		1.8676e+15
   14.77		1.8220e+15
   14.78		1.7774e+15
   14.79		1.7340e+15
   14.80		1.6915e+15
   14.81		1.6501e+15
   14.82		1.6098e+15
   14.83		1.5704e+15
   14.84		1.5320e+15
   14.85		1.4946e+15
   14.86		1.4581e+15
   14.87		1.4226e+15
   14.88		1.3880e+15
   14.89		1.3543e+15
   14.90		1.3215e+15
   14.91		1.2895e+15
   14.92		1.2584e+15
   14.93		1.2281e+15
   14.94		1.1986e+15
   14.95		1.1699e+15
   14.96		1.1420e+15
   14.97		1.1148e+15
   14.98		1.0884e+15
   14.99		1.0627e+15
   15.00		1.0377e+15
   15.01		1.0133e+15
   15.02		9.8963e+14
   15.03		9.6659e+14
   15.04		9.4417e+14
   15.05		9.2235e+14
   15.06		9.0113e+14
   15.07		8.8047e+14
   15.08		8.6038e+14
   15.09		8.4082e+14
   15.10		8.2180e+14
   15.11		8.0329e+14
   15.12		7.8528e+14
   15.13		7.6776e+14
   15.14		7.5071e+14
   15.15		7.3411e+14
   15.16		7.1796e+14
   15.17		7.0224e+14
   15.18		6.8693e+14
   15.19		6.7202e+14
   15.20		6.5749e+14
   15.21		6.4334e+14
   15.22		6.2953e+14
   15.23		6.1606e+14
   15.24		6.0292e+14
   15.25		5.9007e+14
   15.26		5.7752e+14
   15.27		5.6525e+14
   15.28		5.5324e+14
   15.29		5.4148e+14
   15.30		5.2997e+14
   15.31		5.1870e+14
   15.32		5.0766e+14
   15.33		4.9685e+14
   15.34		4.8625e+14
   15.35		4.7586e+14
   15.36		4.6567e+14
   15.37		4.5568e+14
   15.38		4.4588e+14
   15.39		4.3627e+14
   15.40		4.2685e+14
   15.41		4.1761e+14
   15.42		4.0856e+14
   15.43		3.9968e+14
   15.44		3.9098e+14
   15.45		3.8246e+14
   15.46		3.7410e+14
   15.47		3.6591e+14
   15.48		3.5788e+14
   15.49		3.5001e+14
   15.50		3.4230e+14
   15.51		3.3475e+14
   15.52		3.2735e+14
   15.53		3.2010e+14
   15.54		3.1299e+14
   15.55		3.0602e+14
   15.56		2.9920e+14
   15.57		2.9251e+14
   15.58		2.8596e+14
   15.59		2.7953e+14
   15.60		2.7324e+14
   15.61		2.6706e+14
   15.62		2.6101e+14
   15.63		2.5508e+14
   15.64		2.4926e+14
   15.65		2.4355e+14
   15.66		2.3795e+14
   15.67		2.3246e+14
   15.68		2.2707e+14
   15.69		2.2178e+14
   15.70		2.1658e+14
   15.71		2.1148e+14
   15.72		2.0647e+14
   15.73		2.0154e+14
   15.74		1.9671e+14
   15.75		1.9196e+14
   15.76		1.8730e+14
   15.77		1.8273e+14
   15.78		1.7824e+14
   15.79		1.7384e+14
   15.80		1.6951e+14
   15.81		1.6527e+14
   15.82		1.6111e+14
   15.83		1.5702e+14
   15.84		1.5302e+14
   15.85		1.4909e+14
   15.86		1.4524e+14
   15.87		1.4146e+14
   15.88		1.3775e+14
   15.89		1.3412e+14
   15.90		1.3055e+14
   15.91		1.2706e+14
   15.92		1.2363e+14
   15.93		1.2027e+14
   15.94		1.1697e+14
   15.95		1.1374e+14
   15.96		1.1057e+14
   15.97		1.0745e+14
   15.98		1.0440e+14
   15.99		1.0141e+14
   16.00		9.8473e+13
   16.01		9.5592e+13
   16.02		9.2764e+13
   16.03		8.9989e+13
   16.04		8.7265e+13
   16.05		8.4592e+13
   16.06		8.1969e+13
   16.07		7.9397e+13
   16.08		7.6875e+13
   16.09		7.4403e+13
   16.10		7.1982e+13
   16.11		6.9610e+13
   16.12		6.7289e+13
   16.13		6.5018e+13
   16.14		6.2796e+13
   16.15		6.0624e+13
   16.16		5.8503e+13
   16.17		5.6430e+13
   16.18		5.4407e+13
   16.19		5.2434e+13
   16.20		5.0510e+13
   16.21		4.8634e+13
   16.22		4.6806e+13
   16.23		4.5025e+13
   16.24		4.3291e+13
   16.25		4.1602e+13
   16.26		3.9960e+13
   16.27		3.8362e+13
   16.28		3.6808e+13
   16.29		3.5298e+13
   16.30		3.3831e+13
   16.31		3.2406e+13
   16.32		3.1023e+13
   16.33		2.9681e+13
   16.34		2.8380e+13
   16.35		2.7118e+13
   16.36		2.5896e+13
   16.37		2.4712e+13
   16.38		2.3566e+13
   16.39		2.2458e+13
   16.40		2.1386e+13
   16.41		2.0350e+13
   16.42		1.9350e+13
   16.43		1.8384e+13
   16.44		1.7453e+13
   16.45		1.6555e+13
   16.46		1.5689e+13
   16.47		1.4856e+13
   16.48		1.4054e+13
   16.49		1.3283e+13
   16.50		1.2543e+13
   16.51		1.1831e+13
   16.52		1.1149e+13
   16.53		1.0494e+13
   16.54		9.8675e+12
   16.55		9.2674e+12
   16.56		8.6934e+12
   16.57		8.1449e+12
   16.58		7.6211e+12
   16.59		7.1215e+12
   16.60		6.6453e+12
   16.61		6.1918e+12
   16.62		5.7604e+12
   16.63		5.3504e+12
   16.64		4.9610e+12
   16.65		4.5917e+12
   16.66		4.2417e+12
   16.67		3.9103e+12
   16.68		3.5969e+12
   16.69		3.3007e+12
   16.70		3.0212e+12
   16.71		2.7579e+12
   16.72		2.5102e+12
   16.73		2.2779e+12
   16.74		2.0603e+12
   16.75		1.8570e+12
   16.76		1.6675e+12
   16.77		1.4913e+12
   16.78		1.3280e+12
   16.79		1.1770e+12
   16.80		1.0379e+12
   16.81		9.1023e+11
   16.82		7.9347e+11
   16.83		6.8713e+11
   16.84		5.9074e+11
   16.85		5.0381e+11
   16.86		4.2585e+11
   16.87		3.5638e+11
   16.88		2.9490e+11
   16.89		2.4094e+11
   16.90		1.9400e+11
   16.91		1.5360e+11
   16.92		1.1924e+11
   16.93		9.0433e+10
   16.94		6.6693e+10
   16.95		4.7527e+10
   16.96		3.2445e+10
   16.97		2.0957e+10
   16.98		1.2571e+10
   16.99		6.7960e+09
   17.00		3.1406e+09
   17.01		1.1134e+09
   17.02		2.2268e+08
   17.03		0.0000e+00
   17.04		0.0000e+00
   17.05		0.0000e+00
   17.06		0.0000e+00
   17.07		0.0000e+00
   17.08		0.0000e+00
   17.09		0.0000e+00
   17.10		0.0000e+00
   17.11		0.0000e+00
   17.12		0.0000e+00
   17.13		0.0000e+00
   17.14		0.0000e+00
   17.15		0.0000e+00
   17.16		0.0000e+00
   17.17		0.0000e+00
   17.18		0.0000e+00
   17.19		0.0000e+00
   17.20		0.0000e+00
   17.21		0.0000e+00
   17.22		0.0000e+00
   17.23		0.0000e+00
   17.24		0.0000e+00
   17.25		0.0000e+00
   17.26		0.0000e+00
   17.27		0.0000e+00
   17.28		0.0000e+00
   17.29		0.0000e+00
   17.30		0.0000e+00
   17.31		0.0000e+00
   17.32		0.0000e+00
   17.33		0.0000e+00
   17.34		0.0000e+00
   17.35		0.0000e+00
   17.36		0.0000e+00
   17.37		0.0000e+00
   17.38		0.0000e+00
   17.39		0.0000e+00
   17.40		0.0000e+00
   17.41		0.0000e+00
   17.42		0.0000e+00
   17.43		0.0000e+00
   17.44		0.0000e+00
   17.45		0.0000e+00
   17.46		0.0000e+00
   17.47		0.0000e+00
   17.48		0.0000e+00
   17.49		0.0000e+00
   17.50		0.0000e+00
   17.51		0.0000e+00
   17.52		0.0000e+00
   17.53		0.0000e+00
   17.54		0.0000e+00
   17.55		0.0000e+00
   17.56		0.0000e+00
   17.57		0.0000e+00
   17.58		0.0000e+00
   17.59		0.0000e+00
   17.60		0.0000e+00
   17.61		0.0000e+00
   17.62		0.0000e+00
   17.63		0.0000e+00
   17.64		0.0000e+00
   17.65		0.0000e+00
   17.66		0.0000e+00
   17.67		0.0000e+00
   17.68		0.0000e+00
   17.69		0.0000e+00
   17.70		0.0000e+00
   17.71		0.0000e+00
   17.72		0.0000e+00
   17.73		0.0000e+00
   17.74		0.0000e+00
   17.75		0.0000e+00
   17.76		0.0000e+00
   17.77		0.0000e+00
   17.78		0.0000e+00
   17.79		0.0000e+00
   17.80		0.0000e+00
   17.81		0.0000e+00
   17.82		0.0000e+00
   17.83		0.0000e+00
   17.84		0.0000e+00
   17.85		0.0000e+00
   17.86		0.0000e+00
   17.87		0.0000e+00
   17.88		0.0000e+00
   17.89		0.0000e+00
   17.90		0.0000e+00
   17.91		0.0000e+00
   17.92		0.0000e+00
   17.93		0.0000e+00
   17.94		0.0000e+00
   17.95		0.0000e+00
   17.96		0.0000e+00
   17.97		0.0000e+00
   17.98		0.0000e+00
   17.99		0.0000e+00
   18.00		0.0000e+00
   18.01		0.0000e+00
   18.02		0.0000e+00
   18.03		0.0000e+00
   18.04		0.0000e+00
   18.05		0.0000e+00
   18.06		0.0000e+00
   18.07		0.0000e+00
   18.08		0.0000e+00
   18.09		0.0000e+00
   18.10		0.0000e+00
   18.11		0.0000e+00
   18.12		0.0000e+00
   18.13		0.0000e+00
   18.14		0.0000e+00
   18.15		0.0000e+00
   18.16		0.0000e+00
   18.17		0.0000e+00
   18.18		0.0000e+00
   18.19		0.0000e+00
   18.20		0.0000e+00
   18.21		0.0000e+00
   18.22		0.0000e+00
   18.23		0.0000e+00
   18.24		0.0000e+00
   18.25		0.0000e+00
   18.26		0.0000e+00
   18.27		0.0000e+00
   18.28		0.0000e+00
   18.29		0.0000e+00
   18.30		0.0000e+00
   18.31		0.0000e+00
   18.32		0.0000e+00
   18.33		0.0000e+00
   18.34		0.0000e+00
   18.35		0.0000e+00
   18.36		0.0000e+00
   18.37		0.0000e+00
   18.38		0.0000e+00
   18.39		0.0000e+00
   18.40		0.0000e+00
   18.41		0.0000e+00
   18.42		0.0000e+00
   18.43		0.0000e+00
   18.44		0.0000e+00
   18.45		0.0000e+00
   18.46		0.0000e+00
   18.47		0.0000e+00
   18.48		0.0000e+00
   18.49		0.0000e+00
   18.50		0.0000e+00
   18.51		0.0000e+00
   18.52		0.0000e+00
   18.53		0.0000e+00
   18.54		0.0000e+00
   18.55		0.0000e+00
   18.56		0.0000e+00
   18.57		0.0000e+00
   18.58		0.0000e+00
   18.59		0.0000e+00
   18.60		0.0000e+00
   18.61		0.0000e+00
   18.62		0.0000e+00
   18.63		0.0000e+00
   18.64		0.0000e+00
   18.65		0.0000e+00
   18.66		0.0000e+00
   18.67		0.0000e+00
   18.68		0.0000e+00
   18.69		0.0000e+00
   18.70		0.0000e+00
   18.71		0.0000e+00
   18.72		0.0000e+00
   18.73		0.0000e+00
   18.74		0.0000e+00
   18.75		0.0000e+00
   18.76		0.0000e+00
   18.77		0.0000e+00
   18.78		0.0000e+00
   18.79		0.0000e+00
   18.80		0.0000e+00
   18.81		0.0000e+00
   18.82		0.0000e+00
   18.83		0.0000e+00
   18.84		0.0000e+00
   18.85		0.0000e+00
   18.86		0.0000e+00
   18.87		0.0000e+00
   18.88		0.0000e+00
   18.89		0.0000e+00
   18.90		0.0000e+00
   18.91		0.0000e+00
   18.92		0.0000e+00
   18.93		0.0000e+00
   18.94		0.0000e+00
   18.95		0.0000e+00
   18.96		0.0000e+00
   18.97		0.0000e+00
   18.98		0.0000e+00
   18.99		0.0000e+00
   19.00		0.0000e+00
   19.01		0.0000e+00
   19.02		0.0000e+00
   19.03		0.0000e+00
   19.04		0.0000e+00
   19.05		0.0000e+00
   19.06		0.0000e+00
   19.07		0.0000e+00
   19.08		0.0000e+00
   19.09		0.0000e+00
   19.10		0.0000e+00
   19.11		0.0000e+00
   19.12		0.0000e+00
   19.13		0.0000e+00
   19.14		0.0000e+00
   19.15		0.0000e+00
   19.16		0.0000e+00
   19.17		0.0000e+00
   19.18		0.0000e+00
   19.19		0.0000e+00
   19.20		0.0000e+00
   19.21		0.0000e+00
   19.22		0.0000e+00
   19.23		0.0000e+00
   19.24		0.0000e+00
   19.25		0.0000e+00
   19.26		0.0000e+00
   19.27		0.0000e+00
   19.28		0.0000e+00
   19.29		0.0000e+00
   19.30		0.0000e+00
   19.31		0.0000e+00
   19.32		0.0000e+00
   19.33		0.0000e+00
   19.34		0.0000e+00
   19.35		0.0000e+00
   19.36		0.0000e+00
   19.37		0.0000e+00
   19.38		0.0000e+00
   19.39		0.0000e+00
   19.40		0.0000e+00
   19.41		0.0000e+00
   19.42		0.0000e+00
   19.43		0.0000e+00
   19.44		0.0000e+00
   19.45		0.0000e+00
   19.46		0.0000e+00
   19.47		0.0000e+00
   19.48		0.0000e+00
   19.49		0.0000e+00
   19.50		0.0000e+00
   19.51		0.0000e+00
   19.52		0.0000e+00
   19.53		0.0000e+00
   19.54		0.0000e+00
   19.55		0.0000e+00
   19.56		0.0000e+00
   19.57		0.0000e+00
   19.58		0.0000e+00
   19.59		0.0000e+00
   19.60		0.0000e+00
   19.61		0.0000e+00
   19.62		0.0000e+00
   19.63		0.0000e+00
   19.64		0.0000e+00
   19.65		0.0000e+00
   19.66		0.0000e+00
   19.67		0.0000e+00
   19.68		0.0000e+00
   19.69		0.0000e+00
   19.70		0.0000e+00
   19.71		0.0000e+00
   19.72		0.0000e+00
   19.73		0.0000e+00
   19.74		0.0000e+00
   19.75		0.0000e+00
   19.76		0.0000e+00
   19.77		0.0000e+00
   19.78		0.0000e+00
   19.79		0.0000e+00
   19.80		0.0000e+00
   19.81		0.0000e+00
   19.82		0.0000e+00
   19.83		0.0000e+00
   19.84		0.0000e+00
   19.85		0.0000e+00
   19.86		0.0000e+00
   19.87		0.0000e+00
   19.88		0.0000e+00
   19.89		0.0000e+00
   19.90		0.0000e+00
   19.91		0.0000e+00
   19.92		0.0000e+00
   19.93		0.0000e+00
   19.94		0.0000e+00
   19.95		0.0000e+00
   19.96		0.0000e+00
   19.97		0.0000e+00
   19.98		0.0000e+00
   19.99		0.0000e+00
   20.00		0.0000e+00
   20.01		0.0000e+00
   20.02		0.0000e+00
   20.03		0.0000e+00
   20.04		0.0000e+00
   20.05		0.0000e+00
   20.06		0.0000e+00
   20.07		0.0000e+00
   20.08		0.0000e+00
   20.09		0.0000e+00
   20.10		0.0000e+00
   20.11		0.0000e+00
   20.12		0.0000e+00
   20.13		0.0000e+00
   20.14		0.0000e+00
   20.15		0.0000e+00
   20.16		0.0000e+00
   20.17		0.0000e+00
   20.18		0.0000e+00
   20.19		0.0000e+00
   20.20		0.0000e+00
   20.21		0.0000e+00
   20.22		0.0000e+00
   20.23		0.0000e+00
   20.24		0.0000e+00
   20.25		0.0000e+00
   20.26		0.0000e+00
   20.27		0.0000e+00
   20.28		0.0000e+00
   20.29		0.0000e+00
   20.30		0.0000e+00
   20.31		0.0000e+00
   20.32		0.0000e+00
   20.33		0.0000e+00
   20.34		0.0000e+00
   20.35		0.0000e+00
   20.36		0.0000e+00
   20.37		0.0000e+00
   20.38		0.0000e+00
   20.39		0.0000e+00
   20.40		0.0000e+00
   20.41		0.0000e+00
   20.42		0.0000e+00
   20.43		0.0000e+00
   20.44		0.0000e+00
   20.45		0.0000e+00
   20.46		0.0000e+00
   20.47		0.0000e+00
   20.48		0.0000e+00
   20.49		0.0000e+00
   20.50		0.0000e+00
   20.51		0.0000e+00
   20.52		0.0000e+00
   20.53		0.0000e+00
   20.54		0.0000e+00
   20.55		0.0000e+00
   20.56		0.0000e+00
   20.57		0.0000e+00
   20.58		0.0000e+00
   20.59		0.0000e+00
   20.60		0.0000e+00
   20.61		0.0000e+00
   20.62		0.0000e+00
   20.63		0.0000e+00
   20.64		0.0000e+00
   20.65		0.0000e+00
   20.66		0.0000e+00
   20.67		0.0000e+00
   20.68		0.0000e+00
   20.69		0.0000e+00
   20.70		0.0000e+00
   20.71		0.0000e+00
   20.72		0.0000e+00
   20.73		0.0000e+00
   20.74		0.0000e+00
   20.75		0.0000e+00
   20.76		0.0000e+00
   20.77		0.0000e+00
   20.78		0.0000e+00
   20.79		0.0000e+00
   20.80		0.0000e+00
   20.81		0.0000e+00
   20.82		0.0000e+00
   20.83		0.0000e+00
   20.84		0.0000e+00
   20.85		0.0000e+00
   20.86		0.0000e+00
   20.87		0.0000e+00
   20.88		0.0000e+00
   20.89		0.0000e+00
   20.90		0.0000e+00
   20.91		0.0000e+00
   20.92		0.0000e+00
   20.93		0.0000e+00
   20.94		0.0000e+00
   20.95		0.0000e+00
   20.96		0.0000e+00
   20.97		0.0000e+00
   20.98		0.0000e+00
   20.99		0.0000e+00
   21.00		0.0000e+00
   21.01		0.0000e+00
   21.02		0.0000e+00
   21.03		0.0000e+00
   21.04		0.0000e+00
   21.05		0.0000e+00
   21.06		0.0000e+00
   21.07		0.0000e+00
   21.08		0.0000e+00
   21.09		0.0000e+00
   21.10		0.0000e+00
   21.11		0.0000e+00
   21.12		0.0000e+00
   21.13		0.0000e+00
   21.14		0.0000e+00
   21.15		0.0000e+00
   21.16		0.0000e+00
   21.17		0.0000e+00
   21.18		0.0000e+00
   21.19		0.0000e+00
   21.20		0.0000e+00
   21.21		0.0000e+00
   21.22		0.0000e+00
   21.23		0.0000e+00
   21.24		0.0000e+00
   21.25		0.0000e+00
   21.26		0.0000e+00
   21.27		0.0000e+00
   21.28		0.0000e+00
   21.29		0.0000e+00
   21.30		0.0000e+00
   21.31		0.0000e+00
   21.32		0.0000e+00
   21.33		0.0000e+00
   21.34		0.0000e+00
   21.35		0.0000e+00
   21.36		0.0000e+00
   21.37		0.0000e+00
   21.38		0.0000e+00
   21.39		0.0000e+00
   21.40		0.0000e+00
   21.41		0.0000e+00
   21.42		0.0000e+00
   21.43		0.0000e+00
   21.44		0.0000e+00
   21.45		0.0000e+00
   21.46		0.0000e+00
   21.47		0.0000e+00
   21.48		0.0000e+00
   21.49		0.0000e+00
   21.50		0.0000e+00
   21.51		0.0000e+00
   21.52		0.0000e+00
   21.53		0.0000e+00
   21.54		0.0000e+00
   21.55		0.0000e+00
   21.56		0.0000e+00
   21.57		0.0000e+00
   21.58		0.0000e+00
   21.59		0.0000e+00
   21.60		0.0000e+00
   21.61		0.0000e+00
   21.62		0.0000e+00
   21.63		0.0000e+00
   21.64		0.0000e+00
   21.65		0.0000e+00
   21.66		0.0000e+00
   21.67		0.0000e+00
   21.68		0.0000e+00
   21.69		0.0000e+00
   21.70		0.0000e+00
   21.71		0.0000e+00
   21.72		0.0000e+00
   21.73		0.0000e+00
   21.74		0.0000e+00
   21.75		0.0000e+00
   21.76		0.0000e+00
   21.77		0.0000e+00
   21.78		0.0000e+00
   21.79		0.0000e+00
   21.80		0.0000e+00
   21.81		0.0000e+00
   21.82		0.0000e+00
   21.83		0.0000e+00
   21.84		0.0000e+00
   21.85		0.0000e+00
   21.86		0.0000e+00
   21.87		0.0000e+00
   21.88		0.0000e+00
   21.89		0.0000e+00
   21.90		0.0000e+00
   21.91		0.0000e+00
   21.92		0.0000e+00
   21.93		0.0000e+00
   21.94		0.0000e+00
   21.95		0.0000e+00
   21.96		0.0000e+00
   21.97		0.0000e+00
   21.98		0.0000e+00
   21.99		0.0000e+00
   22.00		0.0000e+00
   22.01		0.0000e+00
   22.02		0.0000e+00
   22.03		0.0000e+00
   22.04		0.0000e+00
   22.05		0.0000e+00
   22.06		0.0000e+00
   22.07		0.0000e+00
   22.08		0.0000e+00
   22.09		0.0000e+00
   22.10		0.0000e+00
   22.11		0.0000e+00
   22.12		0.0000e+00
   22.13		0.0000e+00
   22.14		0.0000e+00
   22.15		0.0000e+00
   22.16		0.0000e+00
   22.17		0.0000e+00
   22.18		0.0000e+00
   22.19		0.0000e+00
   22.20		0.0000e+00
   22.21		0.0000e+00
   22.22		0.0000e+00
   22.23		0.0000e+00
   22.24		0.0000e+00
   22.25		0.0000e+00
   22.26		0.0000e+00
   22.27		0.0000e+00
   22.28		0.0000e+00
   22.29		0.0000e+00
   22.30		0.0000e+00
   22.31		0.0000e+00
   22.32		0.0000e+00
   22.33		0.0000e+00
   22.34		0.0000e+00
   22.35		0.0000e+00
   22.36		0.0000e+00
   22.37		0.0000e+00
   22.38		0.0000e+00
   22.39		0.0000e+00
   22.40		0.0000e+00
   22.41		0.0000e+00
   22.42		0.0000e+00
   22.43		0.0000e+00
   22.44		0.0000e+00
   22.45		0.0000e+00
   22.46		0.0000e+00
   22.47		0.0000e+00
   22.48		0.0000e+00
   22.49		0.0000e+00
   22.50		0.0000e+00
   22.51		0.0000e+00
   22.52		0.0000e+00
   22.53		0.0000e+00
   22.54		0.0000e+00
   22.55		0.0000e+00
   22.56		0.0000e+00
   22.57		0.0000e+00
   22.58		0.0000e+00
   22.59		0.0000e+00
   22.60		0.0000e+00
   22.61		0.0000e+00
   22.62		0.0000e+00
   22.63		0.0000e+00
   22.64		0.0000e+00
   22.65		0.0000e+00
   22.66		0.0000e+00
   22.67		0.0000e+00
   22.68		0.0000e+00
   22.69		0.0000e+00
   22.70		0.0000e+00
   22.71		0.0000e+00
   22.72		0.0000e+00
   22.73		0.0000e+00
   22.74		0.0000e+00
   22.75		0.0000e+00
   22.76		0.0000e+00
   22.77		0.0000e+00
   22.78		0.0000e+00
   22.79		0.0000e+00
   22.80		0.0000e+00
   22.81		0.0000e+00
   22.82		0.0000e+00
   22.83		0.0000e+00
   22.84		0.0000e+00
   22.85		0.0000e+00
   22.86		0.0000e+00
   22.87		0.0000e+00
   22.88		0.0000e+00
   22.89		0.0000e+00
   22.90		0.0000e+00
   22.91		0.0000e+00
   22.92		0.0000e+00
   22.93		0.0000e+00
   22.94		0.0000e+00
   22.95		0.0000e+00
   22.96		0.0000e+00
   22.97		0.0000e+00
   22.98		0.0000e+00
   22.99		0.0000e+00
   23.00		0.0000e+00
   23.01		0.0000e+00
   23.02		0.0000e+00
   23.03		0.0000e+00
   23.04		0.0000e+00
   23.05		0.0000e+00
   23.06		0.0000e+00
   23.07		0.0000e+00
   23.08		0.0000e+00
   23.09		0.0000e+00
   23.10		0.0000e+00
   23.11		0.0000e+00
   23.12		0.0000e+00
   23.13		0.0000e+00
   23.14		0.0000e+00
   23.15		0.0000e+00
   23.16		0.0000e+00
   23.17		0.0000e+00
   23.18		0.0000e+00
   23.19		0.0000e+00
   23.20		0.0000e+00
   23.21		0.0000e+00
   23.22		0.0000e+00
   23.23		0.0000e+00
   23.24		0.0000e+00
   23.25		0.0000e+00
   23.26		0.0000e+00
   23.27		0.0000e+00
   23.28		0.0000e+00
   23.29		0.0000e+00
   23.30		0.0000e+00
   23.31		0.0000e+00
   23.32		0.0000e+00
   23.33		0.0000e+00
   23.34		0.0000e+00
   23.35		0.0000e+00
   23.36		0.0000e+00
   23.37		0.0000e+00
   23.38		0.0000e+00
   23.39		0.0000e+00
   23.40		0.0000e+00
   23.41		0.0000e+00
   23.42		0.0000e+00
   23.43		0.0000e+00
   23.44		0.0000e+00
   23.45		0.0000e+00
   23.46		0.0000e+00
   23.47		0.0000e+00
   23.48		0.0000e+00
   23.49		0.0000e+00
   23.50		0.0000e+00
   23.51		0.0000e+00
   23.52		0.0000e+00
   23.53		0.0000e+00
   23.54		0.0000e+00
   23.55		0.0000e+00
   23.56		0.0000e+00
   23.57		0.0000e+00
   23.58		0.0000e+00
   23.59		0.0000e+00
   23.60		0.0000e+00
   23.61		0.0000e+00
   23.62		0.0000e+00
   23.63		0.0000e+00
   23.64		0.0000e+00
   23.65		0.0000e+00
   23.66		0.0000e+00
   23.67		0.0000e+00
   23.68		0.0000e+00
   23.69		0.0000e+00
   23.70		0.0000e+00
   23.71		0.0000e+00
   23.72		0.0000e+00
   23.73		0.0000e+00
   23.74		0.0000e+00
   23.75		0.0000e+00
   23.76		0.0000e+00
   23.77		0.0000e+00
   23.78		0.0000e+00
   23.79		0.0000e+00
   23.80		0.0000e+00
   23.81		0.0000e+00
   23.82		0.0000e+00
   23.83		0.0000e+00
   23.84		0.0000e+00
   23.85		0.0000e+00
   23.86		0.0000e+00
   23.87		0.0000e+00
   23.88		0.0000e+00
   23.89		0.0000e+00
   23.90		0.0000e+00
   23.91		0.0000e+00
   23.92		0.0000e+00
   23.93		0.0000e+00
   23.94		0.0000e+00
   23.95		0.0000e+00
   23.96		0.0000e+00
   23.97		0.0000e+00
   23.98		0.0000e+00
   23.99		0.0000e+00
   24.00		0.0000e+00
   24.01		0.0000e+00
   24.02		0.0000e+00
   24.03		0.0000e+00
   24.04		0.0000e+00
   24.05		0.0000e+00
   24.06		0.0000e+00
   24.07		0.0000e+00
   24.08		0.0000e+00
   24.09		0.0000e+00
   24.10		0.0000e+00
   24.11		0.0000e+00
   24.12		0.0000e+00
   24.13		0.0000e+00
   24.14		0.0000e+00
   24.15		0.0000e+00
   24.16		0.0000e+00
   24.17		0.0000e+00
   24.18		0.0000e+00
   24.19		0.0000e+00
   24.20		0.0000e+00
   24.21		0.0000e+00
   24.22		0.0000e+00
   24.23		0.0000e+00
   24.24		0.0000e+00
   24.25		0.0000e+00
   24.26		0.0000e+00
   24.27		0.0000e+00
   24.28		0.0000e+00
   24.29		0.0000e+00
